2104.3867269650004
2078.4597703730005
1988.841072195
1958.4779206869996
1905.2229405569997
1857.2861685329997
1803.9511310089997
1746.6906182120006
1709.284061159
1645.542876123
1582.185204886
1539.729153472
1479.9507531919999
1430.9296434599999
1385.1313163589998
1357.061232543
1278.929852574
1206.9574381724
1160.5625669592
1132.8527722324
1104.1389401459003
1087.5147213594
1068.7734030966
1044.6632242941
1027.3240874183
1026.4222063215
1004.0972543349001
980.0373300694
963.5532843934001
962.2476162013002
956.4383168328001
929.4625805813
917.9713332673
911.4620207856
906.6850490916001
896.8778900273
896.8778900273
896.8778900273
895.2452184273001
892.5421480195
888.4014423084
888.4014423084
888.4014423084
888.4014423084
888.4014423084
884.8271426742
884.0417653828001
883.2340633522001
883.2340633522001
883.2340633522001
882.2539340501002
878.3662881926
871.8984687573002
871.8984687573002
871.8984687573002
871.8984687573002
871.8984687573002
871.8984687573002
871.8984687573002
871.8984687573002
871.8984687573002
871.8984687573002
871.8984687573002
871.8984687573002
871.8984687573002
871.8984687573002
871.8984687573002
871.8984687573002
870.3180675557002
870.3180675557002
870.3180675557002
866.5276992741001
866.5276992741001
866.5276992741001
866.5276992741001
866.5276992741001
866.5276992741001
866.5276992741001
866.5276992741001
866.5276992741001
866.5276992741001
866.5276992741001
866.5276992741001
866.5276992741001
866.5276992741001
866.5276992741001
866.5276992741001
866.5276992741001
866.5276992741001
866.5276992741001
866.5276992741001
866.0306118439
866.0306118439
866.0306118439
866.0306118439
866.0306118439
866.0306118439
866.0306118439
866.0306118439
866.0306118439
866.0306118439
866.0306118439
866.0306118439
866.0306118439
866.0306118439
866.0306118439
866.0306118439
866.0306118439
866.0306118439
866.0306118439
866.0306118439
866.0306118439
866.0306118439
866.0306118439
866.0306118439
866.0306118439
866.0306118439
866.0306118439
866.0306118439
866.0306118439
866.0306118439
866.0306118439
865.6156885776002
865.6156885776002
865.6156885776002
865.6156885776002
865.4717460828
865.4717460828
865.4717460828
859.3011767881002
859.3011767881002
859.3011767881002
859.3011767881002
859.3011767881002
859.3011767881002
859.3011767881002
858.0830872857001
858.0830872857001
858.0830872857001
858.0830872857001
858.0830872857001
858.0830872857001
858.0830872857001
853.323851371
853.323851371
853.323851371
853.323851371
853.323851371
853.323851371
853.323851371
853.204673772
853.204673772
853.204673772
853.204673772
853.204673772
853.204673772
853.204673772
853.204673772
853.204673772
853.204673772
853.204673772
853.204673772
853.204673772
853.204673772
853.204673772
853.204673772
853.204673772
853.204673772
853.204673772
853.204673772
853.204673772
853.204673772
853.204673772
853.204673772
853.204673772
853.204673772
853.204673772
853.204673772
853.204673772
853.204673772
853.204673772
853.204673772
853.204673772
853.204673772
853.204673772
853.204673772
853.204673772
853.204673772
853.204673772
853.204673772
853.204673772
853.204673772
853.204673772
853.204673772
853.204673772
853.204673772
853.204673772
853.204673772
853.204673772
853.204673772
853.204673772
853.204673772
853.204673772
853.204673772
853.204673772
853.204673772
853.204673772
853.204673772
853.204673772
853.204673772
853.204673772
853.204673772
853.204673772
853.204673772
853.204673772
853.204673772
853.204673772
853.204673772
853.204673772
853.204673772
853.204673772
853.204673772
853.204673772
853.204673772
853.204673772
853.204673772
853.204673772
853.204673772
853.204673772
853.204673772
853.204673772
853.204673772
853.204673772
853.204673772
853.204673772
853.204673772
853.204673772
853.204673772
853.204673772
853.204673772
853.204673772
853.204673772
853.204673772
853.204673772
853.204673772
853.204673772
853.204673772
853.204673772
853.204673772
853.204673772
853.204673772
853.204673772
853.204673772
853.204673772
853.204673772
853.204673772
853.204673772
853.204673772
853.204673772
853.204673772
853.204673772
853.204673772
853.204673772
853.204673772
853.204673772
853.204673772
853.204673772
853.204673772
853.204673772
853.204673772
853.204673772
853.204673772
853.204673772
853.204673772
853.204673772
853.204673772
853.204673772
853.204673772
853.204673772
853.204673772
853.204673772
853.204673772
853.204673772
853.204673772
853.204673772
853.204673772
853.204673772
853.204673772
853.204673772
853.204673772
853.204673772
853.204673772
853.204673772
853.204673772
853.204673772
853.204673772
853.204673772
853.204673772
853.204673772
853.204673772
853.204673772
853.204673772
853.204673772
853.204673772
853.204673772
853.204673772
853.204673772
853.204673772
853.204673772
853.204673772
853.204673772
853.204673772
853.204673772
853.204673772
853.204673772
853.204673772
853.204673772
853.204673772
853.204673772
853.204673772
853.204673772
853.204673772
853.204673772
853.204673772
853.204673772
853.204673772
853.204673772
853.204673772
853.204673772
853.204673772
853.204673772
853.204673772
853.204673772
853.204673772
853.204673772
853.204673772
853.204673772
853.204673772
853.204673772
853.204673772
853.204673772
853.204673772
853.204673772
853.204673772
853.204673772
853.204673772
853.204673772
853.204673772
853.204673772
853.204673772
853.204673772
853.204673772
853.204673772
853.204673772
853.204673772
853.204673772
853.204673772
853.204673772
853.204673772
853.204673772
853.204673772
853.204673772
853.204673772
853.204673772
853.204673772
853.204673772
853.204673772
853.204673772
853.204673772
853.204673772
853.204673772
853.204673772
853.204673772
853.204673772
853.204673772
853.204673772
853.204673772
853.204673772
853.204673772
853.204673772
853.204673772
853.204673772
853.204673772
853.204673772
853.204673772
853.204673772
853.204673772
853.204673772
853.204673772
853.204673772
853.204673772
853.204673772
853.204673772
853.204673772
853.204673772
853.204673772
853.204673772
853.204673772
853.204673772
853.204673772
853.204673772
853.204673772
853.204673772
853.204673772
853.204673772
853.204673772
853.204673772
853.204673772
853.204673772
853.204673772
853.204673772
853.204673772
853.204673772
853.204673772
853.204673772
853.204673772
853.204673772
853.204673772
853.204673772
853.204673772
853.204673772
853.204673772
853.204673772
853.204673772
853.204673772
853.204673772
853.204673772
853.204673772
853.204673772
853.204673772
853.204673772
853.204673772
853.204673772
853.204673772
853.204673772
853.204673772
853.204673772
853.204673772
853.204673772
853.204673772
853.204673772
853.204673772
853.204673772
853.204673772
853.204673772
853.204673772
853.204673772
853.204673772
853.204673772
853.204673772
853.204673772
853.204673772
853.204673772
853.204673772
853.204673772
853.204673772
853.204673772
853.204673772
853.204673772
853.204673772
853.204673772
853.204673772
853.204673772
853.204673772
853.204673772
853.204673772
853.204673772
853.204673772
853.204673772
853.204673772
853.204673772
853.204673772
853.204673772
853.204673772
853.204673772
853.204673772
853.204673772
853.204673772
853.204673772
853.204673772
853.204673772
853.204673772
853.204673772
853.204673772
853.204673772
853.204673772
853.204673772
853.204673772
853.204673772
853.204673772
853.204673772
853.204673772
853.204673772
853.204673772
853.204673772
853.204673772
853.204673772
853.204673772
853.204673772
853.204673772
853.204673772
853.204673772
853.204673772
853.204673772
853.204673772
853.204673772
853.204673772
853.204673772
853.204673772
853.204673772
853.204673772
853.204673772
853.204673772
853.204673772
853.204673772
853.204673772
853.204673772
853.204673772
853.204673772
853.204673772
853.204673772
853.204673772
853.204673772
853.204673772
853.204673772
853.204673772
853.204673772
853.204673772
853.204673772
853.204673772
853.204673772
853.204673772
853.204673772
853.204673772
853.204673772
853.204673772
853.204673772
853.204673772
853.204673772
853.204673772
853.204673772
853.204673772
853.204673772
853.204673772
853.204673772
853.204673772
853.204673772
853.204673772
853.204673772
853.204673772
853.204673772
853.204673772
853.204673772
853.204673772
853.204673772
853.204673772
853.204673772
853.204673772
853.204673772
853.204673772
853.204673772
853.204673772
853.204673772
853.204673772
853.204673772
853.204673772
853.204673772
853.204673772
853.204673772
853.204673772
853.204673772
853.204673772
853.204673772
853.204673772
853.204673772
853.204673772
853.204673772
853.204673772
853.204673772
853.204673772
853.204673772
853.204673772
853.204673772
853.204673772
853.204673772
853.204673772
853.204673772
853.204673772
853.204673772
853.204673772
853.204673772
853.204673772
853.204673772
853.204673772
853.204673772
853.204673772
853.204673772
853.204673772
853.204673772
853.204673772
853.204673772
853.204673772
853.204673772
853.204673772
853.204673772
853.204673772
853.204673772
853.204673772
853.204673772
853.204673772
853.204673772
853.204673772
853.204673772
853.204673772
853.204673772
853.204673772
853.204673772
853.204673772
853.204673772
853.204673772
853.204673772
853.204673772
853.204673772
853.204673772
853.204673772
853.204673772
853.204673772
853.204673772
853.204673772
853.204673772
853.204673772
853.204673772
853.204673772
853.204673772
853.204673772
853.204673772
853.204673772
853.204673772
853.204673772
853.204673772
853.204673772
853.204673772
853.204673772
853.204673772
853.204673772
853.204673772
853.204673772
853.204673772
853.204673772
853.204673772
853.204673772
853.204673772
853.204673772
853.204673772
853.204673772
853.204673772
853.204673772
853.204673772
853.204673772
853.204673772
853.204673772
853.204673772
853.204673772
853.204673772
853.204673772
853.204673772
853.204673772
853.204673772
853.204673772
853.204673772
853.204673772
853.204673772
853.204673772
853.204673772
853.204673772
853.204673772
853.204673772
853.204673772
853.204673772
853.204673772
853.204673772
853.204673772
853.204673772
853.204673772
853.204673772
853.204673772
853.204673772
853.204673772
853.204673772
853.204673772
853.204673772
853.204673772
853.204673772
853.204673772
853.204673772
853.204673772
853.204673772
853.204673772
853.204673772
853.204673772
853.204673772
853.204673772
853.204673772
853.204673772
853.204673772
853.204673772
853.204673772
853.204673772
853.204673772
853.204673772
853.204673772
853.204673772
853.204673772
853.204673772
853.204673772
853.204673772
853.204673772
853.204673772
853.204673772
853.204673772
853.204673772
853.204673772
853.204673772
853.204673772
853.204673772
853.204673772
853.204673772
853.204673772
853.204673772
853.204673772
853.204673772
853.204673772
853.204673772
853.204673772
853.204673772
853.204673772
853.204673772
853.204673772
853.204673772
853.204673772
853.204673772
853.204673772
853.204673772
853.204673772
853.204673772
853.204673772
853.204673772
853.204673772
853.204673772
853.204673772
853.204673772
853.204673772
853.204673772
853.204673772
853.204673772
853.204673772
853.204673772
853.204673772
853.204673772
853.204673772
853.204673772
853.204673772
853.204673772
853.204673772
853.204673772
853.204673772
853.204673772
853.204673772
853.204673772
853.204673772
853.204673772
853.204673772
853.204673772
853.204673772
853.204673772
853.204673772
853.204673772
853.204673772
853.204673772
853.204673772
853.204673772
853.204673772
853.204673772
853.204673772
853.204673772
853.204673772
853.204673772
853.204673772
853.204673772
853.204673772
853.204673772
853.204673772
853.204673772
853.204673772
853.204673772
853.204673772
853.204673772
853.204673772
853.204673772
853.204673772
853.204673772
853.204673772
853.204673772
853.204673772
853.204673772
853.204673772
853.204673772
853.204673772
853.204673772
853.204673772
853.204673772
853.204673772
853.204673772
853.204673772
853.204673772
853.204673772
853.204673772
853.204673772
853.204673772
853.204673772
853.204673772
853.204673772
853.204673772
853.204673772
853.204673772
853.204673772
853.204673772
853.204673772
853.204673772
853.204673772
853.204673772
853.204673772
853.204673772
853.204673772
853.204673772
853.204673772
853.204673772
853.204673772
853.204673772
853.204673772
853.204673772
853.204673772
853.204673772
853.204673772
853.204673772
853.204673772
853.204673772
853.204673772
853.204673772
853.204673772
853.204673772
853.204673772
853.204673772
853.204673772
853.204673772
853.204673772
853.204673772
853.204673772
853.204673772
853.204673772
853.204673772
853.204673772
853.204673772
853.204673772
853.204673772
853.204673772
853.204673772
853.204673772
853.204673772
853.204673772
853.204673772
853.204673772
853.204673772
853.204673772
853.204673772
853.204673772
853.204673772
853.204673772
853.204673772
853.204673772
853.204673772
853.204673772
853.204673772
853.204673772
853.204673772
853.204673772
853.204673772
853.204673772
853.204673772
853.204673772
853.204673772
853.204673772
853.204673772
853.204673772
853.204673772
853.204673772
853.204673772
853.204673772
853.204673772
853.204673772
853.204673772
853.204673772
853.204673772
853.204673772
853.204673772
853.204673772
853.204673772
853.204673772
853.204673772
853.204673772
853.204673772
853.204673772
853.204673772
853.204673772
853.204673772
853.204673772
853.204673772
853.204673772
853.204673772
853.204673772
853.204673772
853.204673772
853.204673772
853.204673772
853.204673772
853.204673772
853.204673772
853.204673772
853.204673772
853.204673772
853.204673772
853.204673772
853.204673772
853.204673772
853.204673772
853.204673772
853.204673772
853.204673772
853.204673772
853.204673772
853.204673772
853.204673772
853.204673772
853.204673772
853.204673772
853.204673772
853.204673772
853.204673772
853.204673772
853.204673772
853.204673772
853.204673772
853.204673772
853.204673772
853.204673772
853.204673772
853.204673772
853.204673772
853.204673772
853.204673772
853.204673772
853.204673772
853.204673772
853.204673772
853.204673772
853.204673772
853.204673772
853.204673772
853.204673772
853.204673772
853.204673772
853.204673772
853.204673772
853.204673772
853.204673772
853.204673772
853.204673772
853.204673772
853.204673772
853.204673772
853.204673772
853.204673772
853.204673772
853.204673772
853.204673772
853.204673772
853.204673772
853.204673772
853.204673772
853.204673772
853.204673772
853.204673772
853.204673772
853.204673772
853.204673772
853.204673772
853.204673772
853.204673772
853.204673772
853.204673772
