25 100
  0     35.0     35.0       0.0      230.0      0.0       0.0       0.0  
  1     41.0     49.0      130.0     201.0     10.0       4.0      10.0  
  2     35.0     17.0      20.0      89.0      10.0      10.0       7.0  
  3     55.0     45.0      106.0     135.0     10.0      22.0      13.0  
  4     55.0     20.0      71.0      195.0     10.0      32.0      19.0  
  5     15.0     30.0      20.0      107.0     10.0       1.0      26.0  
  6     25.0     30.0      54.0      153.0     10.0       4.0       3.0  
  7     20.0     50.0      66.0      105.0     10.0       8.0       5.0  
  8     10.0     43.0      61.0      138.0     10.0      12.0       9.0  
  9     55.0     60.0      53.0      150.0     10.0      10.0      16.0  
 10     30.0     60.0      101.0     156.0     10.0       6.0      16.0  
 11     20.0     65.0      33.0      152.0     10.0      10.0      12.0  
 12     50.0     35.0      38.0      97.0      10.0      32.0      19.0  
 13     30.0     25.0      70.0      208.0     10.0      31.0      23.0  
 14     15.0     10.0      32.0      137.0     10.0       1.0      20.0  
 15     30.0      5.0      30.0      154.0     10.0       0.0       8.0  
 16     10.0     20.0      54.0      105.0     10.0      36.0      19.0  
 17      5.0     30.0      51.0      189.0     10.0       1.0       2.0  
 18     20.0     40.0      77.0      106.0     10.0       5.0      12.0  
 19     15.0     60.0      53.0      108.0     10.0      25.0      17.0  
 20     45.0     65.0      109.0     152.0     10.0      12.0       9.0  
 21     45.0     20.0      37.0      96.0      10.0      15.0      11.0  
 22     45.0     10.0      59.0      144.0     10.0       6.0      18.0  
 23     55.0      5.0      36.0      155.0     10.0      32.0      29.0  
 24     65.0     35.0      118.0     190.0     10.0       4.0       3.0  
 25     65.0     20.0      47.0      186.0     10.0       5.0       6.0  
