25 500
  0     35.0     35.0       0.0     1000.0      0.0       0.0       0.0  
  1     41.0     49.0      636.0     919.0     10.0       2.0      10.0  
  2     35.0     17.0      74.0      351.0     10.0       8.0       7.0  
  3     55.0     45.0      498.0     613.0     10.0      24.0      13.0  
  4     55.0     20.0      470.0     965.0     10.0      36.0      19.0  
  5     15.0     30.0      20.0      370.0     10.0      11.0      26.0  
  6     25.0     30.0      266.0     663.0     10.0       4.0       3.0  
  7     20.0     50.0      292.0     449.0     10.0       8.0       5.0  
  8     10.0     43.0      288.0     597.0     10.0      13.0       9.0  
  9     55.0     60.0      254.0     643.0     10.0       7.0      16.0  
 10     30.0     60.0      496.0     713.0     10.0       4.0      16.0  
 11     20.0     65.0      33.0      510.0     10.0       9.0      12.0  
 12     50.0     35.0      170.0     403.0     10.0      26.0      19.0  
 13     30.0     25.0      426.0     978.0     10.0      43.0      23.0  
 14     15.0     10.0      32.0      454.0     10.0      19.0      20.0  
 15     30.0      5.0      30.0      529.0     10.0       5.0       8.0  
 16     10.0     20.0      222.0     423.0     10.0      33.0      19.0  
 17      5.0     30.0      409.0     959.0     10.0       2.0       2.0  
 18     20.0     40.0      349.0     462.0     10.0      12.0      12.0  
 19     15.0     60.0      215.0     432.0     10.0      19.0      17.0  
 20     45.0     65.0      538.0     709.0     10.0      16.0       9.0  
 21     45.0     20.0      156.0     389.0     10.0      14.0      11.0  
 22     45.0     10.0      280.0     623.0     10.0       8.0      18.0  
 23     55.0      5.0      36.0      513.0     10.0      55.0      29.0  
 24     65.0     35.0      633.0     918.0     10.0       3.0       3.0  
 25     65.0     20.0      400.0     956.0     10.0       4.0       6.0  
 26     45.0     30.0      548.0     707.0     10.0      30.0      17.0  
 27     35.0     40.0       5.0      612.0     10.0      15.0      16.0  
 28     41.0     37.0      44.0      325.0     10.0      10.0      16.0  
 29     64.0     42.0      129.0     374.0     10.0      17.0       9.0  
 30     40.0     60.0      115.0     498.0     10.0      39.0      21.0  
 31     31.0     52.0      91.0      336.0     10.0      37.0      27.0  
 32     35.0     69.0      602.0     835.0     10.0      36.0      23.0  
 33     53.0     52.0      24.0      646.0     10.0      17.0      11.0  
 34     65.0     55.0      487.0     656.0     10.0       8.0      14.0  
 35     63.0     65.0      439.0     948.0     10.0       5.0       8.0  
 36      2.0     60.0      41.0      710.0     10.0       7.0       5.0  
 37     20.0     20.0      563.0     736.0     10.0       7.0       8.0  
 38      5.0      5.0      147.0     560.0     10.0      11.0      16.0  
 39     60.0     12.0      33.0      797.0     10.0      38.0      31.0  
 40     40.0     25.0      243.0     554.0     10.0      17.0       9.0  
 41     42.0      7.0      225.0     682.0     10.0       7.0       5.0  
 42     24.0     12.0      25.0      616.0     10.0      10.0       5.0  
 43     23.0      3.0      578.0     747.0     10.0       9.0       7.0  
 44     11.0     14.0      72.0      501.0     10.0      15.0      18.0  
 45      6.0     38.0      29.0      669.0     10.0       3.0      16.0  
 46      2.0     48.0      458.0     685.0     10.0       2.0       1.0  
 47      8.0     56.0      34.0      362.0     10.0      51.0      27.0  
 48     13.0     52.0      694.0     962.0     10.0      19.0      36.0  
 49      6.0     68.0      444.0     597.0     10.0       7.0      30.0  
 50     47.0     47.0      499.0     690.0     10.0      18.0      13.0  
