25 100
  0     35.0     35.0       0.0      230.0      0.0       0.0       0.0  
  1     41.0     49.0      133.0     198.0     10.0       1.0      10.0  
  2     35.0     17.0      22.0      87.0      10.0       9.0       7.0  
  3     55.0     45.0      98.0      143.0     10.0      26.0      13.0  
  4     55.0     20.0      123.0     184.0     10.0      30.0      19.0  
  5     15.0     30.0      20.0      93.0      10.0       2.0      26.0  
  6     25.0     30.0      76.0      131.0     10.0       4.0       3.0  
  7     20.0     50.0      61.0      110.0     10.0       7.0       5.0  
  8     10.0     43.0      75.0      124.0     10.0      10.0       9.0  
  9     55.0     60.0      74.0      129.0     10.0       9.0      16.0  
 10     30.0     60.0      107.0     150.0     10.0       7.0      16.0  
 11     20.0     65.0      42.0      101.0     10.0       9.0      12.0  
 12     50.0     35.0      38.0      97.0      10.0      21.0      19.0  
 13     30.0     25.0      131.0     196.0     10.0      37.0      23.0  
 14     15.0     10.0      32.0      114.0     10.0       3.0      20.0  
 15     30.0      5.0      35.0      96.0      10.0       5.0       8.0  
 16     10.0     20.0      52.0      107.0     10.0      30.0      19.0  
 17      5.0     30.0      124.0     189.0     10.0       2.0       2.0  
 18     20.0     40.0      69.0      114.0     10.0       5.0      12.0  
 19     15.0     60.0      52.0      109.0     10.0      24.0      17.0  
 20     45.0     65.0      105.0     156.0     10.0      15.0       9.0  
 21     45.0     20.0      37.0      96.0      10.0      13.0      11.0  
 22     45.0     10.0      76.0      127.0     10.0      13.0      18.0  
 23     55.0      5.0      43.0      102.0     10.0      39.0      29.0  
 24     65.0     35.0      124.0     190.0     10.0       6.0       3.0  
 25     65.0     20.0      121.0     186.0     10.0       5.0       6.0  
