25 100
  0     40.0     50.0       0.0     1236.0      0.0       0.0       0.0  
  1     45.0     68.0      830.0    1049.0     90.0       7.0      10.0  
  2     45.0     70.0      756.0     939.0     90.0      14.0      30.0  
  3     42.0     66.0      16.0      336.0     90.0       6.0      10.0  
  4     42.0     68.0      643.0     866.0     90.0       6.0      10.0  
  5     42.0     65.0      15.0      226.0     90.0       2.0      10.0  
  6     40.0     69.0      499.0     824.0     90.0       3.0      20.0  
  7     40.0     66.0      87.0      308.0     90.0      17.0      20.0  
  8     38.0     68.0      150.0     429.0     90.0      17.0      20.0  
  9     38.0     70.0      429.0     710.0     90.0      10.0      10.0  
 10     35.0     66.0      279.0     488.0     90.0       3.0      10.0  
 11     35.0     69.0      363.0     590.0     90.0       1.0      10.0  
 12     25.0     85.0      547.0     826.0     90.0       5.0      20.0  
 13     22.0     75.0      30.0      280.0     90.0      26.0      30.0  
 14     22.0     85.0      489.0     698.0     90.0       4.0      10.0  
 15     20.0     80.0      318.0     495.0     90.0      40.0      40.0  
 16     20.0     85.0      394.0     609.0     90.0      36.0      40.0  
 17     18.0     75.0      33.0      226.0     90.0       2.0      20.0  
 18     15.0     75.0      68.0      365.0     90.0      19.0      20.0  
 19     15.0     80.0      176.0     447.0     90.0       5.0      10.0  
 20     30.0     50.0      10.0      265.0     90.0       5.0      10.0  
 21     30.0     52.0      836.0    1043.0     90.0       1.0      20.0  
 22     28.0     52.0      704.0     991.0     90.0       1.0      20.0  
 23     28.0     55.0      664.0     845.0     90.0       9.0      10.0  
 24     25.0     50.0      15.0      333.0     90.0       5.0      10.0  
 25     25.0     52.0      88.0      305.0     90.0       8.0      40.0  
