25 350
  0     40.0     50.0       0.0     3390.0      0.0       0.0       0.0  
  1     52.0     75.0      213.0     568.0     90.0       6.0      10.0  
  2     45.0     70.0      22.0      563.0     90.0      19.0      30.0  
  3     62.0     69.0     1030.0    1463.0     90.0       5.0      10.0  
  4     60.0     66.0     1154.0    1527.0     90.0       1.0      10.0  
  5     42.0     65.0      15.0      402.0     90.0       5.0      10.0  
  6     16.0     42.0      331.0     822.0     90.0       5.0      20.0  
  7     58.0     70.0      965.0    1340.0     90.0       1.0      20.0  
  8     34.0     60.0     2653.0    3280.0     90.0       0.0      20.0  
  9     28.0     70.0     2385.0    2976.0     90.0       7.0      10.0  
 10     35.0     66.0     2628.0    3113.0     90.0       8.0      10.0  
 11     35.0     69.0     2603.0    2952.0     90.0       4.0      10.0  
 12     25.0     85.0     1985.0    2412.0     90.0       8.0      20.0  
 13     22.0     75.0     2310.0    2659.0     90.0       1.0      30.0  
 14     22.0     85.0     1846.0    2365.0     90.0       1.0      10.0  
 15     20.0     80.0     2077.0    2514.0     90.0      35.0      40.0  
 16     20.0     85.0     1763.0    2264.0     90.0      17.0      40.0  
 17     18.0     75.0     2143.0    2638.0     90.0      10.0      20.0  
 18     15.0     75.0     1560.0    2083.0     90.0       4.0      20.0  
 19     15.0     80.0     1689.0    2144.0     90.0      10.0      10.0  
 20     30.0     50.0      10.0      645.0     90.0       4.0      10.0  
 21     30.0     56.0     2675.0    3288.0     90.0       1.0      20.0  
 22     28.0     52.0      12.0      505.0     90.0      12.0      20.0  
 23     14.0     66.0     1519.0    1926.0     90.0       5.0      10.0  
 24     25.0     50.0      23.0      368.0     90.0      10.0      10.0  
 25     22.0     66.0     2380.0    2787.0     90.0       9.0      40.0  
