1687.35128937
1687.35128937
1684.22274841
1634.56683077
1547.39473349
1547.39473349
1547.39473349
1541.13990308
1541.13990308
1541.13990308
1541.13990308
1541.13990308
1541.13990308
1511.87096102
1511.87096102
1511.87096102
1511.87096102
1511.87096102
1482.63607747
1482.63607747
1482.63607747
1466.7109671
1457.91378579
1436.69330082
1436.69330082
1436.69330082
1436.69330082
1431.67139772
1431.08273143
1431.08273143
1422.96058823
1402.97570984
1402.97570984
1402.47935311
1401.64137187
1401.64137187
1389.39071198
1382.88473867
1382.88473867
1382.88473867
1382.88473867
1376.65370749
1367.3891775
1367.3891775
1367.3891775
1367.3891775
1367.3891775
1367.3891775
1360.59062751
1360.59062751
1360.59062751
1360.59062751
1360.59062751
1354.19908416
1348.55710465
1348.55710465
1343.5327763
1343.5327763
1343.5327763
1343.5327763
1343.5327763
1343.5327763
1343.5327763
1343.5327763
1343.5327763
1343.5327763
1343.5327763
1338.4780869
1338.4780869
1338.4780869
1338.4780869
1338.4780869
1338.4780869
1338.4780869
1338.4780869
1338.4780869
1338.4780869
1338.4780869
1338.4780869
1338.4780869
1338.4780869
1338.4780869
1338.4780869
1338.4780869
1338.4780869
1338.4780869
1338.4780869
1338.4780869
1338.4780869
1338.4780869
1338.4780869
1338.4780869
1338.4780869
1338.4780869
1338.4780869
1338.4780869
1338.4780869
1338.4780869
1338.4780869
1338.4780869
1338.4780869
1338.4780869
1338.4780869
1338.4780869
1338.4780869
1338.4780869
1338.4780869
1338.4780869
1338.4780869
1338.4780869
1338.4780869
1338.4780869
1338.4780869
1338.4780869
1338.4780869
1338.4780869
1338.4780869
1338.4780869
1338.4780869
1338.4780869
1338.4780869
1338.4780869
1338.4780869
1338.4780869
1338.4780869
1338.4780869
1338.4780869
1338.4780869
1338.4780869
1338.4780869
1338.4780869
1338.04795945
1334.83719607
1330.54003583
1330.54003583
1330.54003583
1330.54003583
1330.54003583
1330.54003583
1330.54003583
1330.54003583
1330.54003583
1330.54003583
1330.54003583
1330.54003583
1330.54003583
1330.54003583
1330.54003583
1330.54003583
1330.54003583
1330.35540679
1326.05824655
1326.05824655
1326.05824655
1326.05824655
1326.05824655
1326.05824655
1326.05824655
1326.05824655
1326.05824655
1324.89805632
1324.89805632
1324.89805632
1324.89805632
1324.89805632
1324.89805632
1324.89805632
1324.89805632
1324.89805632
1324.89805632
1324.89805632
1324.89805632
1324.89805632
1324.89805632
1324.89805632
1324.89805632
1324.89805632
1324.89805632
1324.89805632
1324.89805632
1324.89805632
1324.89805632
1324.89805632
1324.89805632
1324.89805632
1324.89805632
1324.89805632
1324.89805632
1324.89805632
1324.89805632
1324.89805632
1324.89805632
1324.89805632
1324.89805632
1324.89805632
1324.89805632
1324.89805632
1324.89805632
1324.89805632
1324.89805632
1324.89805632
1324.89805632
1324.89805632
1324.89805632
1324.89805632
1324.89805632
1324.89805632
1324.89805632
1324.89805632
1324.89805632
1324.89805632
1324.89805632
1324.89805632
1324.89805632
1324.89805632
1324.89805632
1324.89805632
1324.89805632
1324.89805632
1324.89805632
1324.89805632
1324.89805632
1324.89805632
1324.89805632
1324.89805632
1324.89805632
1324.89805632
1324.89805632
1324.89805632
1324.89805632
1324.89805632
1324.89805632
1324.89805632
1324.89805632
1324.89805632
1324.89805632
1324.89805632
1324.89805632
1324.89805632
1324.89805632
1324.89805632
1324.89805632
1324.89805632
1324.89805632
1324.89805632
1324.89805632
1324.89805632
1324.89805632
1324.89805632
1324.89805632
1324.89805632
1324.89805632
1324.89805632
1324.89805632
1324.89805632
1324.89805632
1324.89805632
1324.89805632
1324.89805632
1324.89805632
1324.89805632
1324.89805632
1324.89805632
1324.89805632
1324.89805632
1324.89805632
1324.89805632
1324.89805632
1324.89805632
1324.89805632
1324.89805632
1324.89805632
1324.89805632
1324.89805632
1324.89805632
1324.89805632
1324.89805632
1324.89805632
1324.89805632
1324.89805632
1324.89805632
1324.89805632
1324.89805632
1324.89805632
1324.89805632
1324.89805632
1324.89805632
1324.89805632
1324.89805632
1324.89805632
1324.89805632
1324.89805632
1324.89805632
1324.89805632
1324.89805632
1324.89805632
1324.89805632
1324.89805632
1324.89805632
1324.89805632
1324.89805632
1324.89805632
1324.89805632
1324.89805632
1324.89805632
1324.89805632
1324.89805632
1324.89805632
1324.89805632
1324.89805632
1324.89805632
1324.89805632
1324.89805632
1324.89805632
1324.89805632
1324.89805632
1324.89805632
1324.89805632
1324.89805632
1324.89805632
1324.89805632
1324.89805632
1324.89805632
1324.89805632
1324.89805632
1324.89805632
1324.89805632
1324.89805632
1324.89805632
1324.89805632
1324.89805632
1324.89805632
1324.89805632
1324.89805632
1324.89805632
1324.89805632
1324.89805632
1324.89805632
1324.89805632
1324.89805632
1324.89805632
1324.89805632
1324.89805632
1324.89805632
1324.89805632
1324.89805632
1324.89805632
1324.89805632
1324.89805632
1324.89805632
1324.89805632
1324.89805632
1324.89805632
1324.89805632
1324.89805632
1324.89805632
1324.89805632
1324.89805632
1324.89805632
1324.89805632
1324.89805632
1324.89805632
1324.89805632
1324.89805632
1324.89805632
1324.89805632
1324.89805632
1324.89805632
1324.89805632
1324.89805632
1324.89805632
1324.89805632
1324.89805632
1324.89805632
1324.89805632
1324.89805632
1324.89805632
1324.89805632
1324.89805632
1324.89805632
1324.89805632
1324.89805632
1324.89805632
1324.89805632
1324.89805632
1324.89805632
1324.89805632
1324.89805632
1324.89805632
1324.89805632
1324.89805632
1324.89805632
1324.89805632
1324.89805632
1324.89805632
1324.89805632
1324.89805632
1324.89805632
1324.89805632
1324.89805632
1324.89805632
1324.89805632
1324.89805632
1324.89805632
1324.89805632
1324.89805632
1324.89805632
1324.89805632
1324.89805632
1324.89805632
1324.89805632
1324.89805632
1324.89805632
1324.89805632
1324.89805632
1324.89805632
1324.89805632
1324.89805632
1324.89805632
1324.89805632
1324.89805632
1324.89805632
1324.89805632
1324.89805632
1324.89805632
1324.89805632
1324.89805632
1324.89805632
1324.89805632
1324.89805632
1324.89805632
1324.89805632
1324.89805632
1324.89805632
1324.89805632
1324.89805632
1324.89805632
1324.89805632
1324.89805632
1324.89805632
1324.89805632
1324.89805632
1324.89805632
1324.89805632
1324.89805632
1324.89805632
1324.89805632
1324.89805632
1324.89805632
1324.89805632
1324.89805632
1324.89805632
1324.89805632
1324.89805632
1324.89805632
1324.89805632
1324.89805632
1324.89805632
1324.89805632
1324.89805632
1324.89805632
1324.89805632
1324.89805632
1324.89805632
1324.89805632
1324.89805632
1324.89805632
1324.89805632
1324.89805632
1324.89805632
1324.89805632
1324.89805632
1324.89805632
1324.89805632
1324.89805632
1324.89805632
1324.89805632
1324.89805632
1324.89805632
1324.89805632
1324.89805632
1324.89805632
1324.89805632
1324.89805632
1324.89805632
1324.89805632
1324.89805632
1324.89805632
1324.89805632
1324.89805632
1324.89805632
1324.89805632
1324.89805632
1324.89805632
1324.89805632
1324.89805632
1324.89805632
1324.89805632
1324.89805632
1324.89805632
1324.89805632
1324.89805632
1324.89805632
1324.89805632
1324.89805632
1324.89805632
1324.89805632
1324.89805632
1324.89805632
1324.89805632
1324.89805632
1324.89805632
1324.89805632
1324.89805632
1324.89805632
1324.89805632
1324.89805632
1324.89805632
1324.89805632
1324.89805632
1324.89805632
1324.89805632
1324.89805632
1324.89805632
1324.89805632
1324.89805632
1324.89805632
1324.89805632
1324.89805632
1324.89805632
1324.89805632
1324.89805632
1324.89805632
1324.89805632
1324.89805632
1324.89805632
1324.89805632
1324.89805632
1324.89805632
1324.89805632
1324.89805632
1324.89805632
1324.89805632
1324.89805632
1324.89805632
1324.89805632
1324.89805632
1324.89805632
1324.89805632
1324.89805632
1324.89805632
1324.89805632
1324.89805632
1324.89805632
1324.89805632
1324.89805632
1324.89805632
1324.89805632
1324.89805632
1324.89805632
1324.89805632
1324.89805632
1324.89805632
1324.89805632
1324.89805632
1324.89805632
1324.89805632
1324.89805632
1324.89805632
1324.89805632
1324.89805632
1324.89805632
1324.89805632
1324.89805632
1324.89805632
1324.89805632
1324.89805632
1324.89805632
1324.89805632
1324.89805632
1324.89805632
1324.89805632
1324.89805632
1324.89805632
1324.89805632
1324.89805632
1324.89805632
1324.89805632
1324.89805632
1324.89805632
1324.89805632
1324.89805632
1324.89805632
1324.89805632
1324.89805632
1324.89805632
1324.89805632
1324.89805632
1324.89805632
1324.89805632
1324.89805632
1324.89805632
1324.89805632
1324.89805632
1324.89805632
1324.89805632
1324.89805632
1324.89805632
1324.89805632
1324.89805632
1324.89805632
1324.89805632
1324.89805632
1324.89805632
1324.89805632
1324.89805632
1324.89805632
1324.89805632
1324.89805632
1324.89805632
1324.89805632
1324.89805632
1324.89805632
1324.89805632
1324.89805632
1324.89805632
1324.89805632
1324.89805632
1324.89805632
1324.89805632
1324.89805632
1324.89805632
1324.89805632
1324.89805632
1324.89805632
1324.89805632
1324.89805632
1324.89805632
1324.89805632
1324.89805632
1324.89805632
1324.89805632
1324.89805632
1324.89805632
1324.89805632
1324.89805632
1324.89805632
1324.89805632
1324.89805632
1324.89805632
1324.89805632
1324.89805632
1324.89805632
1324.89805632
1324.89805632
1324.89805632
1324.89805632
1324.89805632
1324.89805632
1324.89805632
1324.89805632
1324.89805632
1324.89805632
1324.89805632
1324.89805632
1324.89805632
1324.89805632
1324.89805632
1324.89805632
1324.89805632
1324.89805632
1324.89805632
1324.89805632
1324.89805632
1324.89805632
1324.89805632
1324.89805632
1324.89805632
1324.89805632
1324.89805632
1324.89805632
1324.89805632
1324.89805632
1324.89805632
1324.89805632
1324.89805632
1324.89805632
1324.89805632
1324.89805632
1324.89805632
1324.89805632
1324.89805632
1324.89805632
1324.89805632
1324.89805632
1324.89805632
1324.89805632
1324.89805632
1324.89805632
1324.89805632
1324.89805632
1324.89805632
1324.89805632
1324.89805632
1324.89805632
1324.89805632
1324.89805632
1324.89805632
1324.89805632
1324.89805632
1324.89805632
1324.89805632
1324.89805632
1324.89805632
1324.89805632
1324.89805632
1324.89805632
1324.89805632
1324.89805632
1324.89805632
1324.89805632
1324.89805632
1324.89805632
1324.89805632
1324.89805632
1324.89805632
1324.89805632
1324.89805632
1324.89805632
1324.89805632
1324.89805632
1324.89805632
1324.89805632
1324.89805632
1324.89805632
1324.89805632
1324.89805632
1324.89805632
1324.89805632
1324.89805632
1324.89805632
1324.89805632
1324.89805632
1324.89805632
1324.89805632
1324.89805632
1324.89805632
1324.89805632
1324.89805632
1324.89805632
1324.89805632
1324.89805632
1324.89805632
1324.89805632
1324.89805632
1324.89805632
1324.89805632
1324.89805632
1324.89805632
1324.89805632
1324.89805632
1324.89805632
1324.89805632
1324.89805632
1324.89805632
1324.89805632
1324.89805632
1324.89805632
1324.89805632
1324.89805632
1324.89805632
1324.89805632
1324.89805632
1324.89805632
1324.89805632
1324.89805632
1324.89805632
1324.89805632
1324.89805632
1324.89805632
1324.89805632
1324.89805632
1324.89805632
1324.89805632
1324.89805632
1324.89805632
1324.89805632
1324.89805632
1324.89805632
1324.89805632
1324.89805632
1324.89805632
1324.89805632
1324.89805632
1324.89805632
1324.89805632
1324.89805632
1324.89805632
1324.89805632
1324.89805632
1324.89805632
1324.89805632
1324.89805632
1324.89805632
1324.89805632
1324.89805632
1324.89805632
1324.89805632
1324.89805632
1324.89805632
1324.89805632
1324.89805632
1324.89805632
1324.89805632
1324.89805632
1324.89805632
1324.89805632
1324.89805632
1324.89805632
1324.89805632
1324.89805632
1324.89805632
1324.89805632
1324.89805632
1324.89805632
1324.89805632
1324.89805632
1324.89805632
1324.89805632
1324.89805632
1324.89805632
1324.89805632
1324.89805632
1324.89805632
1324.89805632
1324.89805632
1324.89805632
1324.89805632
1324.89805632
1324.89805632
1324.89805632
1324.89805632
1324.89805632
1324.89805632
1324.89805632
1324.89805632
1324.89805632
1324.89805632
1324.89805632
1324.89805632
1324.89805632
1324.89805632
1324.89805632
1324.89805632
1324.89805632
1324.89805632
1324.89805632
1324.89805632
1324.89805632
1324.89805632
1324.89805632
1324.89805632
1324.89805632
1324.89805632
1324.89805632
1324.89805632
1324.89805632
1324.89805632
1324.89805632
1324.89805632
1324.89805632
1324.89805632
1324.89805632
1324.89805632
1324.89805632
1324.89805632
1324.89805632
1324.89805632
1324.89805632
1324.89805632
1324.89805632
1324.89805632
1324.89805632
1324.89805632
1324.89805632
1324.89805632
1324.89805632
1324.89805632
1324.89805632
1324.89805632
1324.89805632
1324.89805632
1324.89805632
1324.89805632
1324.89805632
1324.89805632
1324.89805632
1324.89805632
1324.89805632
1324.89805632
1324.89805632
1324.89805632
1324.89805632
1324.89805632
1324.89805632
1324.89805632
1324.89805632
1324.89805632
1324.89805632
1324.89805632
1324.89805632
1324.89805632
1324.89805632
1324.89805632
1324.89805632
1324.89805632
1324.89805632
1324.89805632
1324.89805632
1324.89805632
1324.89805632
1324.89805632
1324.89805632
1324.89805632
1324.89805632
1324.89805632
1324.89805632
1324.89805632
1324.89805632
1324.89805632
1324.89805632
1324.89805632
1324.89805632
1324.89805632
1324.89805632
1324.89805632
1324.89805632
1324.89805632
1324.89805632
1324.89805632
1324.89805632
1324.89805632
1324.89805632
1324.89805632
1324.89805632
1324.89805632
1324.89805632
1324.89805632
1324.89805632
1324.89805632
1324.89805632
1324.89805632
1324.89805632
1324.89805632
1324.89805632
1324.89805632
1324.89805632
1324.89805632
1324.89805632
1324.89805632
1324.89805632
1324.89805632
1324.89805632
1324.89805632
1324.89805632
1324.89805632
1324.89805632
1324.89805632
1324.89805632
1324.89805632
1324.89805632
1324.89805632
1324.89805632
1324.89805632
1324.89805632
1324.89805632
1324.89805632
1324.89805632
1324.89805632
1324.89805632
1324.89805632
1324.89805632
1324.89805632
1324.89805632
1324.89805632
1324.89805632
1324.89805632
1324.89805632
1324.89805632
1324.89805632
1324.89805632
1324.89805632
1324.89805632
1324.89805632
1324.89805632
1324.89805632
1324.89805632
1324.89805632
1324.89805632
1324.89805632
