1882.29665314
1677.87518448
1677.87518448
1544.94564435
1544.94564435
1544.94564435
1544.94564435
1544.94564435
1544.94564435
1544.94564435
1534.53917893
1526.79311761
1519.93628105
1493.93385091
1493.93385091
1493.93385091
1488.6938011
1466.67656357
1466.67656357
1466.67656357
1455.55661687
1455.35739352
1451.27951572
1451.27951572
1444.84292273
1444.14593261
1430.92371799
1429.87744644
1429.87744644
1429.87744644
1429.16838468
1428.34665897
1426.30994212
1426.30994212
1426.30994212
1420.53112691
1419.69314567
1418.65242997
1418.65242997
1418.65242997
1415.12718232
1413.1562486
1413.1562486
1413.1562486
1413.1562486
1413.1562486
1413.1562486
1413.1562486
1413.1562486
1413.1562486
1413.1562486
1413.1562486
1400.50865422
1400.50865422
1400.50865422
1400.50865422
1396.62462197
1396.62462197
1396.62462197
1395.78664073
1395.78664073
1395.78664073
1395.78664073
1395.78664073
1395.78664073
1395.78664073
1395.78664073
1395.78664073
1395.78664073
1395.78664073
1395.78664073
1395.78664073
1395.78664073
1395.78664073
1395.78664073
1395.78664073
1395.78664073
1395.78664073
1395.78664073
1395.78664073
1395.78664073
1395.78664073
1395.78664073
1395.78664073
1395.78664073
1395.78664073
1395.78664073
1395.78664073
1395.78664073
1395.78664073
1395.78664073
1395.78664073
1395.78664073
1395.78664073
1395.78664073
1395.78664073
1395.78664073
1395.78664073
1395.78664073
1395.78664073
1395.78664073
1395.78664073
1395.78664073
1395.78664073
1395.78664073
1395.78664073
1395.78664073
1395.78664073
1395.78664073
1395.78664073
1395.78664073
1395.78664073
1395.78664073
1395.78664073
1395.78664073
1395.78664073
1395.78664073
1395.78664073
1395.78664073
1395.78664073
1395.78664073
1395.78664073
1395.78664073
1395.78664073
1395.78664073
1395.78664073
1395.78664073
1395.78664073
1395.78664073
1395.78664073
1395.78664073
1395.78664073
1395.78664073
1395.78664073
1395.78664073
1395.78664073
1395.78664073
1395.78664073
1395.78664073
1395.78664073
1395.78664073
1395.78664073
1395.78664073
1395.78664073
1395.78664073
1395.78664073
1395.78664073
1395.78664073
1395.78664073
1395.78664073
1395.78664073
1395.78664073
1395.78664073
1395.78664073
1395.78664073
1395.78664073
1395.78664073
1395.78664073
1395.78664073
1395.78664073
1395.78664073
1395.78664073
1395.78664073
1395.78664073
1395.78664073
1395.78664073
1395.78664073
1395.78664073
1395.78664073
1395.78664073
1395.78664073
1395.78664073
1395.78664073
1395.78664073
1395.78664073
1395.78664073
1395.78664073
1395.78664073
1395.78664073
1395.78664073
1395.78664073
1395.78664073
1395.78664073
1395.78664073
1395.78664073
1395.78664073
1395.78664073
1395.78664073
1395.78664073
1395.78664073
1395.78664073
1395.78664073
1395.78664073
1395.78664073
1395.78664073
1395.78664073
1395.78664073
1395.78664073
1395.78664073
1395.78664073
1395.78664073
1395.78664073
1395.78664073
1395.78664073
1395.78664073
1395.78664073
1395.78664073
1395.78664073
1395.78664073
1395.78664073
1395.78664073
1395.78664073
1395.78664073
1395.78664073
1395.78664073
1395.78664073
1395.78664073
1395.78664073
1395.78664073
1395.78664073
1395.78664073
1395.78664073
1395.78664073
1395.78664073
1395.78664073
1395.78664073
1395.78664073
1395.78664073
1395.78664073
1395.78664073
1395.78664073
1395.78664073
1395.78664073
1395.78664073
1395.78664073
1395.78664073
1395.78664073
1395.78664073
1395.78664073
1395.78664073
1395.78664073
1395.78664073
1395.78664073
1395.78664073
1395.78664073
1395.78664073
1395.78664073
1395.78664073
1395.78664073
1395.78664073
1395.78664073
1395.78664073
1395.78664073
1395.78664073
1395.78664073
1395.78664073
1395.78664073
1395.78664073
1395.78664073
1395.78664073
1395.78664073
1395.78664073
1395.78664073
1395.78664073
1395.78664073
1395.78664073
1395.78664073
1395.78664073
1395.78664073
1395.78664073
1395.78664073
1395.78664073
1395.78664073
1395.78664073
1395.78664073
1395.78664073
1395.78664073
1395.78664073
1395.78664073
1395.78664073
1395.78664073
1395.78664073
1395.78664073
1395.78664073
1395.78664073
1395.78664073
1395.78664073
1395.78664073
1395.78664073
1395.78664073
1395.78664073
1395.78664073
1395.78664073
1395.78664073
1395.78664073
1395.78664073
1395.78664073
1395.78664073
1395.78664073
1395.78664073
1395.78664073
1395.78664073
1395.78664073
1395.78664073
1395.78664073
1395.78664073
1395.78664073
1395.78664073
1395.78664073
1395.78664073
1395.78664073
1395.78664073
1395.78664073
1395.78664073
1395.78664073
1395.78664073
1395.78664073
1395.78664073
1395.78664073
1395.78664073
1395.78664073
1395.78664073
1395.78664073
1395.78664073
1395.78664073
1395.78664073
1395.78664073
1395.78664073
1395.78664073
1395.78664073
1395.78664073
1395.78664073
1395.78664073
1395.78664073
1395.78664073
1395.78664073
1395.78664073
1395.78664073
1395.78664073
1395.78664073
1395.78664073
1395.78664073
1395.78664073
1395.78664073
1395.78664073
1395.78664073
1395.78664073
1395.78664073
1395.78664073
1395.78664073
1395.78664073
1395.78664073
1395.78664073
1395.78664073
1395.78664073
1395.78664073
1395.78664073
1395.78664073
1395.78664073
1395.78664073
1395.78664073
1395.78664073
1395.78664073
1395.78664073
1395.78664073
1395.78664073
1395.78664073
1395.78664073
1395.78664073
1395.78664073
1395.78664073
1395.78664073
1395.78664073
1395.78664073
1395.78664073
1395.78664073
1395.78664073
1395.78664073
1395.78664073
1395.78664073
1395.78664073
1395.78664073
1395.78664073
1395.78664073
1395.78664073
1395.78664073
1395.78664073
1395.78664073
1395.78664073
1395.78664073
1395.78664073
1395.78664073
1395.78664073
1395.78664073
1395.78664073
1395.78664073
1395.78664073
1395.78664073
1395.78664073
1395.78664073
1395.78664073
1395.78664073
1395.78664073
1395.78664073
1395.78664073
1395.78664073
1395.78664073
1395.78664073
1395.78664073
1395.78664073
1395.78664073
1395.78664073
1395.78664073
1395.78664073
1395.78664073
1395.78664073
1395.78664073
1395.78664073
1395.78664073
1395.78664073
1395.78664073
1395.78664073
1395.78664073
1395.78664073
1395.78664073
1395.78664073
1395.78664073
1395.78664073
1395.78664073
1395.78664073
1395.78664073
1395.78664073
1395.78664073
1395.78664073
1395.78664073
1395.78664073
1395.78664073
1395.78664073
1395.78664073
1395.78664073
1395.78664073
1395.78664073
1395.78664073
1395.78664073
1395.78664073
1395.78664073
1395.78664073
1395.78664073
1395.78664073
1395.78664073
1395.78664073
1395.78664073
1395.78664073
1395.78664073
1395.78664073
1395.78664073
1395.78664073
1395.78664073
1395.78664073
1395.78664073
1395.78664073
1395.78664073
1395.78664073
1395.78664073
1395.78664073
1395.78664073
1395.78664073
1395.78664073
1395.78664073
1395.78664073
1395.78664073
1395.78664073
1395.78664073
1395.78664073
1395.78664073
1395.78664073
1395.78664073
1395.78664073
1395.78664073
1395.78664073
1395.78664073
1395.78664073
1395.78664073
1395.78664073
1395.78664073
1395.78664073
1395.78664073
1395.78664073
1395.78664073
1395.78664073
1395.78664073
1395.78664073
1395.78664073
1395.78664073
1395.78664073
1395.78664073
1395.78664073
1395.78664073
1395.78664073
1395.78664073
1395.78664073
1395.78664073
1395.78664073
1395.78664073
1395.78664073
1395.78664073
1395.78664073
1395.78664073
1395.78664073
1395.78664073
1395.78664073
1395.78664073
1395.78664073
1395.78664073
1395.78664073
1395.78664073
1395.78664073
1395.78664073
1395.78664073
1395.78664073
1395.78664073
1395.78664073
1395.78664073
1395.78664073
1395.78664073
1395.78664073
1395.78664073
1395.78664073
1395.78664073
1395.78664073
1395.78664073
1395.78664073
1395.78664073
1395.78664073
1395.78664073
1395.78664073
1395.78664073
1395.78664073
1395.78664073
1395.78664073
1395.78664073
1395.78664073
1395.78664073
1395.78664073
1395.78664073
1395.78664073
1395.78664073
1395.78664073
1395.78664073
1395.78664073
1395.78664073
1395.78664073
1395.78664073
1395.78664073
1395.78664073
1395.78664073
1395.78664073
1395.78664073
1395.78664073
1395.78664073
1395.78664073
1395.78664073
1395.78664073
1395.78664073
1395.78664073
1395.78664073
1395.78664073
1395.78664073
1395.78664073
1395.78664073
1395.78664073
1395.78664073
1395.78664073
1395.78664073
1395.78664073
1395.78664073
1395.78664073
1395.78664073
1395.78664073
1395.78664073
1395.78664073
1395.78664073
1395.78664073
1395.78664073
1395.78664073
1395.78664073
1395.78664073
1395.78664073
1395.78664073
1395.78664073
1395.78664073
1395.78664073
1395.78664073
1395.78664073
1395.78664073
1395.78664073
1395.78664073
1395.78664073
1395.78664073
1395.78664073
1395.78664073
1395.78664073
1395.78664073
1395.78664073
1395.78664073
1395.78664073
1395.78664073
1395.78664073
1395.78664073
1395.78664073
1395.78664073
1395.78664073
1395.78664073
1395.78664073
1395.78664073
1395.78664073
1395.78664073
1395.78664073
1395.78664073
1395.78664073
1395.78664073
1395.78664073
1395.78664073
1395.78664073
1395.78664073
1395.78664073
1395.78664073
1395.78664073
1395.78664073
1395.78664073
1395.78664073
1395.78664073
1395.78664073
1395.78664073
1395.78664073
1395.78664073
1395.78664073
1395.78664073
1395.78664073
1395.78664073
1395.78664073
1395.78664073
1395.78664073
1395.78664073
1395.78664073
1395.78664073
1395.78664073
1395.78664073
1395.78664073
1395.78664073
1395.78664073
1395.78664073
1395.78664073
1395.78664073
1395.78664073
1395.78664073
1395.78664073
1395.78664073
1395.78664073
1395.78664073
1395.78664073
1395.78664073
1395.78664073
1395.78664073
1395.78664073
1395.78664073
1395.78664073
1395.78664073
1395.78664073
1395.78664073
1395.78664073
1395.78664073
1395.78664073
1395.78664073
1395.78664073
1395.78664073
1395.78664073
1395.78664073
1395.78664073
1395.78664073
1395.78664073
1395.78664073
1395.78664073
1395.78664073
1395.78664073
1395.78664073
1395.78664073
1395.78664073
1395.78664073
1395.78664073
1395.78664073
1395.78664073
1395.78664073
1395.78664073
1395.78664073
1395.78664073
1395.78664073
1395.78664073
1395.78664073
1395.78664073
1395.78664073
1395.78664073
1395.78664073
1395.78664073
1395.78664073
1395.78664073
1395.78664073
1395.78664073
1395.78664073
1395.78664073
1395.78664073
1395.78664073
1395.78664073
1395.78664073
1395.78664073
1395.78664073
1395.78664073
1395.78664073
1395.78664073
1395.78664073
1395.78664073
1395.78664073
1395.78664073
1395.78664073
1395.78664073
1395.78664073
1395.78664073
1395.78664073
1395.78664073
1395.78664073
1395.78664073
1395.78664073
1395.78664073
1395.78664073
1395.78664073
1395.78664073
1395.78664073
1395.78664073
1395.78664073
1395.78664073
1395.78664073
1395.78664073
1395.78664073
1395.78664073
1395.78664073
1395.78664073
1395.78664073
1395.78664073
1395.78664073
1395.78664073
1395.78664073
1395.78664073
1395.78664073
1395.78664073
1395.78664073
1395.78664073
1395.78664073
1395.78664073
1395.78664073
1395.78664073
1395.78664073
1395.78664073
1395.78664073
1395.78664073
1395.78664073
1395.78664073
1395.78664073
1395.78664073
1395.78664073
1395.78664073
1395.78664073
1395.78664073
1395.78664073
1395.78664073
1395.78664073
1395.78664073
1395.78664073
1395.78664073
1395.78664073
1395.78664073
1395.78664073
1395.78664073
1395.78664073
1395.78664073
1395.78664073
1395.78664073
1395.78664073
1395.78664073
1395.78664073
1395.78664073
1395.78664073
1395.78664073
1395.78664073
1395.78664073
1395.78664073
1395.78664073
1395.78664073
1395.78664073
1395.78664073
1395.78664073
1395.78664073
1395.78664073
1395.78664073
1395.78664073
1395.78664073
1395.78664073
1395.78664073
1395.78664073
1395.78664073
1395.78664073
1395.78664073
1395.78664073
1395.78664073
1395.78664073
1395.78664073
1395.78664073
1395.78664073
1395.78664073
1395.78664073
1395.78664073
1395.78664073
1395.78664073
1395.78664073
1395.78664073
1395.78664073
1395.78664073
1395.78664073
1395.78664073
1395.78664073
1395.78664073
1395.78664073
1395.78664073
1395.78664073
1395.78664073
1395.78664073
1395.78664073
1395.78664073
1395.78664073
1395.78664073
1395.78664073
1395.78664073
1395.78664073
1395.78664073
1395.78664073
1395.78664073
1395.78664073
1395.78664073
1395.78664073
1395.78664073
1395.78664073
1395.78664073
1395.78664073
1395.78664073
1395.78664073
1395.78664073
1395.78664073
1395.78664073
1395.78664073
1395.78664073
1395.78664073
1395.78664073
1395.78664073
1395.78664073
1395.78664073
1395.78664073
1395.78664073
1395.78664073
1395.78664073
1395.78664073
1395.78664073
1395.78664073
1395.78664073
1395.78664073
1395.78664073
1395.78664073
1395.78664073
1395.78664073
1395.78664073
1395.78664073
1395.78664073
1395.78664073
1395.78664073
1395.78664073
1395.78664073
1395.78664073
1395.78664073
1395.78664073
1395.78664073
1395.78664073
1395.78664073
1395.78664073
1395.78664073
1395.78664073
1395.78664073
1395.78664073
1395.78664073
1395.78664073
1395.78664073
1395.78664073
1395.78664073
1395.78664073
1395.78664073
1395.78664073
1395.78664073
1395.78664073
1395.78664073
1395.78664073
1395.78664073
1395.78664073
1395.78664073
1395.78664073
1395.78664073
1395.78664073
1395.78664073
1395.78664073
1395.78664073
1395.78664073
1395.78664073
1395.78664073
1395.78664073
1395.78664073
1395.78664073
1395.78664073
1395.78664073
1395.78664073
1395.78664073
1395.78664073
1395.78664073
1395.78664073
1395.78664073
1395.78664073
1395.78664073
1395.78664073
1395.78664073
1395.78664073
1395.78664073
1395.78664073
1395.78664073
1395.78664073
1395.78664073
1395.78664073
1395.78664073
1395.78664073
1395.78664073
1395.78664073
1395.78664073
1395.78664073
1395.78664073
1395.78664073
1395.78664073
1395.78664073
1395.78664073
1395.78664073
1395.78664073
1395.78664073
1395.78664073
1395.78664073
1395.78664073
1395.78664073
1395.78664073
1395.78664073
1395.78664073
1395.78664073
1395.78664073
1395.78664073
1395.78664073
1395.78664073
1395.78664073
1395.78664073
1395.78664073
1395.78664073
1395.78664073
1395.78664073
1395.78664073
1395.78664073
1395.78664073
1395.78664073
1395.78664073
1395.78664073
1395.78664073
1395.78664073
1395.78664073
1395.78664073
1395.78664073
1395.78664073
1395.78664073
1395.78664073
1395.78664073
1395.78664073
1395.78664073
1395.78664073
1395.78664073
1395.78664073
1395.78664073
1395.78664073
1395.78664073
1395.78664073
1395.78664073
1395.78664073
1395.78664073
