1749.16068036
1672.15206964
1672.15206964
1645.98351234
1631.08991263
1595.93718422
1594.63923606
1594.63923606
1594.63923606
1594.63923606
1570.22903649
1553.37563633
1548.85701229
1548.85701229
1548.85701229
1547.69636971
1547.69636971
1547.69636971
1534.92145666
1523.54671465
1467.84229301
1467.84229301
1467.84229301
1467.84229301
1455.85011563
1444.38115155
1444.38115155
1444.38115155
1437.48231946
1419.41168676
1419.41168676
1405.94046078
1393.66533066
1393.66533066
1393.66533066
1389.11435101
1389.11435101
1386.67466204
1384.45737752
1384.45737752
1384.45737752
1377.66205401
1377.66205401
1377.32185015
1377.32185015
1377.32185015
1377.32185015
1377.32185015
1377.32185015
1375.26870937
1375.15222465
1375.15222465
1375.15222465
1375.15222465
1375.15222465
1369.53381651
1369.53381651
1369.53381651
1369.53381651
1369.53381651
1369.53381651
1369.53381651
1369.53381651
1368.29572001
1366.63086007
1366.63086007
1366.63086007
1366.63086007
1366.63086007
1366.63086007
1366.63086007
1366.63086007
1366.63086007
1366.63086007
1366.63086007
1366.63086007
1366.63086007
1366.63086007
1366.63086007
1366.63086007
1366.63086007
1366.63086007
1366.63086007
1366.63086007
1366.63086007
1366.63086007
1366.63086007
1366.63086007
1366.63086007
1366.63086007
1366.63086007
1366.63086007
1366.40224028
1366.40224028
1366.40224028
1366.40224028
1366.40224028
1366.40224028
1366.40224028
1366.40224028
1366.40224028
1366.40224028
1366.40224028
1366.40224028
1366.40224028
1366.40224028
1366.40224028
1366.40224028
1366.40224028
1366.40224028
1366.40224028
1366.40224028
1366.40224028
1366.40224028
1366.40224028
1366.40224028
1366.40224028
1366.40224028
1366.40224028
1366.40224028
1366.40224028
1366.40224028
1366.40224028
1366.40224028
1366.40224028
1366.40224028
1366.40224028
1366.40224028
1366.40224028
1366.40224028
1366.40224028
1366.40224028
1366.40224028
1366.40224028
1366.40224028
1366.40224028
1366.40224028
1366.40224028
1366.40224028
1366.40224028
1366.40224028
1366.40224028
1366.40224028
1366.40224028
1366.40224028
1366.40224028
1366.40224028
1366.40224028
1366.40224028
1366.40224028
1366.40224028
1366.40224028
1366.40224028
1366.40224028
1366.40224028
1366.40224028
1366.40224028
1366.40224028
1366.40224028
1366.40224028
1366.40224028
1366.40224028
1366.40224028
1366.40224028
1366.40224028
1366.40224028
1366.40224028
1366.40224028
1366.40224028
1366.40224028
1366.40224028
1366.40224028
1366.40224028
1366.40224028
1366.40224028
1366.40224028
1366.40224028
1366.40224028
1366.40224028
1366.40224028
1366.40224028
1366.40224028
1366.40224028
1366.40224028
1366.40224028
1366.40224028
1366.40224028
1366.40224028
1366.40224028
1366.40224028
1366.40224028
1366.40224028
1366.40224028
1366.40224028
1366.40224028
1366.40224028
1366.40224028
1366.40224028
1366.40224028
1366.40224028
1366.40224028
1366.40224028
1366.40224028
1366.40224028
1366.40224028
1366.40224028
1366.40224028
1366.40224028
1366.40224028
1366.40224028
1366.40224028
1366.40224028
1366.40224028
1366.40224028
1366.40224028
1366.40224028
1366.40224028
1366.40224028
1366.40224028
1366.40224028
1366.40224028
1366.40224028
1366.40224028
1366.40224028
1366.40224028
1366.40224028
1366.40224028
1366.40224028
1366.40224028
1366.40224028
1366.40224028
1366.40224028
1366.40224028
1366.40224028
1366.40224028
1366.40224028
1366.40224028
1366.40224028
1366.40224028
1366.40224028
1366.40224028
1366.40224028
1366.40224028
1366.40224028
1366.40224028
1366.40224028
1366.40224028
1366.40224028
1366.40224028
1366.40224028
1366.40224028
1366.40224028
1366.40224028
1366.40224028
1366.40224028
1366.40224028
1366.40224028
1366.40224028
1366.40224028
1366.40224028
1366.40224028
1366.40224028
1366.40224028
1366.40224028
1366.40224028
1366.40224028
1366.40224028
1366.40224028
1366.40224028
1366.40224028
1366.40224028
1366.40224028
1366.40224028
1366.40224028
1366.40224028
1366.40224028
1366.40224028
1366.40224028
1366.40224028
1365.30809689
1365.30809689
1365.30809689
1365.30809689
1365.30809689
1365.30809689
1365.30809689
1365.30809689
1365.30809689
1365.30809689
1365.30809689
1365.30809689
1365.30809689
1365.30809689
1365.30809689
1365.30809689
1365.30809689
1365.30809689
1365.30809689
1365.30809689
1365.30809689
1365.30809689
1365.30809689
1365.30809689
1365.30809689
1365.30809689
1365.30809689
1365.30809689
1365.30809689
1365.30809689
1365.30809689
1365.30809689
1365.30809689
1365.30809689
1365.30809689
1365.30809689
1365.30809689
1365.30809689
1365.30809689
1365.30809689
1365.30809689
1365.30809689
1365.30809689
1365.30809689
1365.30809689
1365.30809689
1365.30809689
1365.30809689
1365.30809689
1365.30809689
1365.30809689
1365.30809689
1365.30809689
1365.30809689
1365.30809689
1365.30809689
1365.30809689
1365.30809689
1365.30809689
1365.30809689
1365.30809689
1365.30809689
1365.30809689
1365.30809689
1365.30809689
1365.30809689
1365.30809689
1365.30809689
1365.30809689
1365.30809689
1365.30809689
1365.30809689
1365.30809689
1365.30809689
1365.30809689
1365.30809689
1365.30809689
1365.30809689
1365.30809689
1365.30809689
1365.30809689
1365.30809689
1365.30809689
1365.30809689
1365.30809689
1365.30809689
1362.31696857
1362.31696857
1362.31696857
1362.31696857
1362.31696857
1361.22282519
1361.22282519
1361.22282519
1361.22282519
1361.22282519
1361.22282519
1361.22282519
1361.22282519
1361.22282519
1361.22282519
1361.22282519
1361.22282519
1361.22282519
1361.22282519
1361.22282519
1361.22282519
1361.22282519
1361.22282519
1361.22282519
1361.22282519
1361.22282519
1361.22282519
1361.22282519
1361.22282519
1361.22282519
1361.22282519
1361.22282519
1361.22282519
1361.22282519
1361.22282519
1361.22282519
1361.22282519
1361.22282519
1361.22282519
1361.22282519
1361.22282519
1361.22282519
1361.22282519
1361.22282519
1361.22282519
1361.22282519
1361.22282519
1361.22282519
1361.22282519
1361.22282519
1361.22282519
1361.22282519
1361.22282519
1361.22282519
1361.22282519
1361.22282519
1361.21363516
1361.21363516
1360.11949178
1360.11949178
1360.11949178
1360.11949178
1360.11949178
1360.11949178
1360.11949178
1360.11949178
1360.11949178
1360.11949178
1360.11949178
1360.11949178
1360.11949178
1360.11949178
1360.11949178
1360.11949178
1360.11949178
1360.11949178
1360.11949178
1360.11949178
1360.11949178
1360.11949178
1360.11949178
1360.11949178
1360.11949178
1360.11949178
1360.11949178
1360.11949178
1360.11949178
1360.11949178
1360.11949178
1360.11949178
1360.11949178
1360.11949178
1360.11949178
1360.11949178
1360.11949178
1360.11949178
1360.11949178
1360.11949178
1360.11949178
1360.11949178
1360.11949178
1360.11949178
1360.11949178
1360.11949178
1360.11949178
1360.11949178
1360.11949178
1360.11949178
1360.11949178
1360.11949178
1360.11949178
1360.11949178
1360.11949178
1360.11949178
1360.11949178
1360.11949178
1360.11949178
1360.11949178
1360.11949178
1360.11949178
1360.11949178
1360.11949178
1360.11949178
1360.11949178
1360.11949178
1360.11949178
1360.11949178
1360.11949178
1360.11949178
1360.11949178
1360.11949178
1360.11949178
1360.11949178
1360.11949178
1360.11949178
1360.11949178
1360.11949178
1360.11949178
1360.11949178
1360.11949178
1360.11949178
1360.11949178
1360.11949178
1360.11949178
1360.11949178
1360.11949178
1360.11949178
1360.11949178
1360.11949178
1360.11949178
1360.11949178
1360.11949178
1360.11949178
1360.11949178
1360.11949178
1360.11949178
1360.11949178
1360.11949178
1360.11949178
1360.11949178
1360.11949178
1360.11949178
1360.11949178
1360.11949178
1360.11949178
1360.11949178
1360.11949178
1360.11949178
1360.11949178
1360.11949178
1360.11949178
1360.11949178
1360.11949178
1360.11949178
1360.11949178
1360.11949178
1360.11949178
1360.11949178
1360.11949178
1360.11949178
1360.11949178
1360.11949178
1360.11949178
1360.11949178
1360.11949178
1360.11949178
1360.11949178
1360.11949178
1360.11949178
1360.11949178
1360.11949178
1360.11949178
1360.11949178
1360.11949178
1360.11949178
1360.11949178
1360.11949178
1360.11949178
1360.11949178
1360.11949178
1360.11949178
1360.11949178
1360.11949178
1360.11949178
1360.11949178
1360.11949178
1360.11949178
1360.11949178
1360.11949178
1360.11949178
1360.11949178
1360.11949178
1360.11949178
1360.11949178
1360.11949178
1360.11949178
1360.11949178
1360.11949178
1360.11949178
1360.11949178
1360.11949178
1360.11949178
1360.11949178
1360.11949178
1360.11949178
1360.11949178
1360.11949178
1360.11949178
1360.11949178
1360.11949178
1360.11949178
1360.11949178
1360.11949178
1360.11949178
1360.11949178
1360.11949178
1360.11949178
1360.11949178
1360.11949178
1360.11949178
1360.11949178
1360.11949178
1360.11949178
1360.11949178
1360.11949178
1360.11949178
1360.11949178
1360.11949178
1360.11949178
1360.11949178
1360.11949178
1360.11949178
1360.11949178
1360.11949178
1360.11949178
1360.11949178
1360.11949178
1360.11949178
1360.11949178
1360.11949178
1360.11949178
1360.11949178
1360.11949178
1360.11949178
1360.11949178
1360.11949178
1360.11949178
1360.11949178
1360.11949178
1360.11949178
1360.11949178
1360.11949178
1360.11949178
1360.11949178
1360.11949178
1360.11949178
1360.11949178
1360.11949178
1360.11949178
1360.11949178
1360.11949178
1360.11949178
1360.11949178
1360.11949178
1360.11949178
1360.11949178
1360.11949178
1360.11949178
1360.11949178
1360.11949178
1360.11949178
1360.11949178
1360.11949178
1360.11949178
1360.11949178
1360.11949178
1360.11949178
1360.11949178
1360.11949178
1360.11949178
1360.11949178
1360.11949178
1360.11949178
1360.11949178
1360.11949178
1360.11949178
1360.11949178
1360.11949178
1360.11949178
1360.11949178
1360.11949178
1360.11949178
1360.11949178
1360.11949178
1360.11949178
1360.11949178
1360.11949178
1360.11949178
1360.11949178
1360.11949178
1360.11949178
1360.11949178
1360.11949178
1360.11949178
1360.11949178
1360.11949178
1360.11949178
1360.11949178
1360.11949178
1360.11949178
1360.11949178
1360.11949178
1360.11949178
1360.11949178
1360.11949178
1360.11949178
1360.11949178
1360.11949178
1360.11949178
1360.11949178
1360.11949178
1360.11949178
1360.11949178
1360.11949178
1360.11949178
1360.11949178
1360.11949178
1360.11949178
1360.11949178
1360.11949178
1360.11949178
1360.11949178
1360.11949178
1360.11949178
1360.11949178
1360.11949178
1360.11949178
1360.11949178
1360.11949178
1360.11949178
1360.11949178
1360.11949178
1360.11949178
1360.11949178
1360.11949178
1360.11949178
1360.11949178
1360.11949178
1360.11949178
1360.11949178
1360.11949178
1360.11949178
1360.11949178
1360.11949178
1360.11949178
1360.11949178
1360.11949178
1360.11949178
1360.11949178
1360.11949178
1360.11949178
1360.11949178
1360.11949178
1360.11949178
1360.11949178
1360.11949178
1360.11949178
1360.11949178
1360.11949178
1360.11949178
1360.11949178
1360.11949178
1360.11949178
1360.11949178
1360.11949178
1360.11949178
1360.11949178
1360.11949178
1360.11949178
1360.11949178
1360.11949178
1360.11949178
1360.11949178
1360.11949178
1360.11949178
1360.11949178
1360.11949178
1360.11949178
1360.11949178
1360.11949178
1360.11949178
1360.11949178
1360.11949178
1360.11949178
1360.11949178
1360.11949178
1360.11949178
1360.11949178
1360.11949178
1360.11949178
1360.11949178
1360.11949178
1360.11949178
1360.11949178
1360.11949178
1360.11949178
1360.11949178
1360.11949178
1360.11949178
1360.11949178
1360.11949178
1360.11949178
1360.11949178
1360.11949178
1360.11949178
1360.11949178
1360.11949178
1360.11949178
1360.11949178
1360.11949178
1360.11949178
1360.11949178
1360.11949178
1360.11949178
1360.11949178
1360.11949178
1360.11949178
1360.11949178
1360.11949178
1360.11949178
1360.11949178
1360.11949178
1360.11949178
1360.11949178
1360.11949178
1360.11949178
1360.11949178
1360.11949178
1360.11949178
1360.11949178
1360.11949178
1360.11949178
1360.11949178
1360.11949178
1360.11949178
1360.11949178
1360.11949178
1360.11949178
1360.11949178
1360.11949178
1360.11949178
1360.11949178
1360.11949178
1360.11949178
1360.11949178
1360.11949178
1360.11949178
1360.11949178
1360.11949178
1360.11949178
1360.11949178
1360.11949178
1360.11949178
1360.11949178
1360.11949178
1360.11949178
1360.11949178
1360.11949178
1360.11949178
1360.11949178
1360.11949178
1360.11949178
1360.11949178
1360.11949178
1360.11949178
1360.11949178
1360.11949178
1360.11949178
1360.11949178
1360.11949178
1360.11949178
1360.11949178
1360.11949178
1360.11949178
1360.11949178
1360.11949178
1360.11949178
1360.11949178
1360.11949178
1360.11949178
1360.11949178
1360.11949178
1360.11949178
1360.11949178
1360.11949178
1360.11949178
1360.11949178
1360.11949178
1360.11949178
1360.11949178
1360.11949178
1360.11949178
1360.11949178
1360.11949178
1360.11949178
1360.11949178
1360.11949178
1360.11949178
1360.11949178
1360.11949178
1360.11949178
1360.11949178
1360.11949178
1360.11949178
1360.11949178
1360.11949178
1360.11949178
1360.11949178
1360.11949178
1360.11949178
1360.11949178
1360.11949178
1360.11949178
1360.11949178
1360.11949178
1360.11949178
1360.11949178
1360.11949178
1360.11949178
1360.11949178
1360.11949178
1360.11949178
1360.11949178
1360.11949178
1360.11949178
1360.11949178
1360.11949178
1360.11949178
1360.11949178
1360.11949178
1360.11949178
1360.11949178
1360.11949178
1360.11949178
1360.11949178
1360.11949178
1360.11949178
1360.11949178
1360.11949178
1360.11949178
1360.11949178
1360.11949178
1360.11949178
1360.11949178
1360.11949178
1360.11949178
1360.11949178
1360.11949178
1360.11949178
1360.11949178
1360.11949178
1360.11949178
1360.11949178
1360.11949178
1360.11949178
1360.11949178
1360.11949178
1360.11949178
1360.11949178
1360.11949178
1360.11949178
1360.11949178
1360.11949178
1360.11949178
1360.11949178
1360.11949178
1360.11949178
1360.11949178
1360.11949178
1360.11949178
1360.11949178
1360.11949178
1360.11949178
1360.11949178
1360.11949178
1360.11949178
1360.11949178
1360.11949178
1360.11949178
1360.11949178
1360.11949178
1360.11949178
1360.11949178
1360.11949178
1360.11949178
1360.11949178
1360.11949178
1360.11949178
1360.11949178
1360.11949178
1360.11949178
1360.11949178
1360.11949178
1360.11949178
1360.11949178
1360.11949178
1360.11949178
1360.11949178
1360.11949178
1360.11949178
1360.11949178
1360.11949178
1360.11949178
1360.11949178
1360.11949178
