1736.9620537500002
1667.011319141111
1641.1026801911112
1611.171534038889
1588.40943998
1578.5138417111111
1571.285852332222
1560.3253703511111
1558.5275372744445
1548.6364969511112
1544.767978618889
1527.0196828655555
1517.9010477077777
1506.4552611877778
1497.1931489522221
1487.7399556
1484.307371508889
1477.3893280244442
1470.9782824444444
1466.4732181933332
1459.0482883777777
1454.5238413677775
1450.47773785
1445.5165918944444
1441.048248452222
1439.6964757633332
1436.5781588177776
1434.6481102166665
1433.816165952222
1430.3672406544445
1429.056162018889
1424.651256098889
1423.06105088
1422.4513090266666
1421.4095545044447
1419.5715822155555
1415.3033784333336
1414.1074637744443
1411.5622565344447
1411.3968485188889
1410.7617614066667
1408.7812173311113
1407.6142065933332
1406.7402312166664
1405.0700504911108
1405.0700504911108
1405.0700504911108
1404.8626302377775
1403.5739241266665
1403.2168873477776
1403.1318928622222
1402.95133035
1401.5460420855557
1400.8358706022223
1400.2089839900002
1399.5847164188888
1398.5948985744444
1398.5948985744444
1398.5948985744444
1398.4086805211111
1398.4086805211111
1397.8646063744445
1397.8265436055556
1397.6665797222222
1397.4815952844444
1397.4815952844444
1397.4815952844444
1396.504134621111
1396.4745493277778
1396.4745493277778
1395.8687054966665
1395.8687054966665
1395.8687054966665
1395.8687054966665
1395.4032597311111
1395.4032597311111
1395.4032597311111
1394.84443435
1394.84443435
1394.84443435
1393.6846286911111
1393.1378315733334
1393.1378315733334
1393.1378315733334
1393.1378315733334
1393.1378315733334
1393.1378315733334
1393.1378315733334
1393.1378315733334
1393.1378315733334
1393.1378315733334
1393.0997688044445
1393.0743666055557
1393.0743666055557
1393.0743666055557
1393.0743666055557
1393.0743666055557
1393.0743666055557
1393.0743666055557
1393.0743666055557
1393.0743666055557
1393.0743666055557
1393.0743666055557
1393.0743666055557
1393.0743666055557
1393.0743666055557
1393.0743666055557
1393.0743666055557
1393.0743666055557
1393.0743666055557
1393.0743666055557
1393.0743666055557
1393.0743666055557
1393.0743666055557
1393.0743666055557
1393.0743666055557
1393.0743666055557
1393.0743666055557
1392.9619163844445
1392.9619163844445
1392.9238536144446
1392.9238536144446
1392.9238536144446
1392.9238536144446
1392.9238536144446
1392.9238536144446
1392.9238536144446
1392.9238536144446
1392.9238536144446
1392.8857908455557
1392.8857908455557
1392.8379989066666
1392.48124742
1392.003785171111
1392.003785171111
1392.003785171111
1392.003785171111
1392.003785171111
1392.003785171111
1392.003785171111
1392.003785171111
1392.003785171111
1392.003785171111
1392.003785171111
1392.003785171111
1392.003785171111
1392.003785171111
1392.003785171111
1392.003785171111
1392.003785171111
1391.9832708333333
1391.5058085844444
1391.5058085844444
1391.5058085844444
1391.5058085844444
1391.5058085844444
1391.5058085844444
1391.5058085844444
1391.5058085844444
1391.5058085844444
1391.376898558889
1391.376898558889
1391.376898558889
1391.376898558889
1391.376898558889
1391.376898558889
1391.376898558889
1391.376898558889
1391.376898558889
1391.376898558889
1391.376898558889
1391.376898558889
1391.376898558889
1391.376898558889
1391.376898558889
1391.376898558889
1391.376898558889
1391.376898558889
1391.376898558889
1391.376898558889
1391.376898558889
1391.376898558889
1391.376898558889
1391.376898558889
1391.376898558889
1391.376898558889
1391.376898558889
1391.376898558889
1391.376898558889
1390.4841082144444
1389.5834681655556
1389.1055250688887
1388.7929624377778
1388.7929624377778
1388.7929624377778
1388.7929624377778
1388.7929624377778
1388.7929624377778
1388.7929624377778
1388.7929624377778
1388.7929624377778
1388.7929624377778
1388.7929624377778
1388.189324011111
1386.2168700933335
1385.8183722722222
1385.0983550422222
1384.9005141133334
1384.9005141133334
1384.9005141133334
1384.9005141133334
1384.7716040877776
1384.7716040877776
1384.664202948889
1384.3418306677777
1384.3418306677777
1383.5837506666667
1383.5837506666667
1383.5837506666667
1383.5837506666667
1383.5837506666667
1383.5837506666667
1383.5837506666667
1383.5837506666667
1383.5837506666667
1383.5837506666667
1383.5837506666667
1383.5837506666667
1383.5284755333332
1383.5284755333332
1383.5284755333332
1383.5284755333332
1383.5284755333332
1383.5284755333332
1383.5284755333332
1383.5284755333332
1383.5284755333332
1383.5284755333332
1383.5284755333332
1383.5284755333332
1383.5284755333332
1383.5284755333332
1383.5284755333332
1383.5284755333332
1383.5284755333332
1383.5284755333332
1383.5284755333332
1383.5284755333332
1383.5284755333332
1383.5284755333332
1383.5284755333332
1383.5284755333332
1383.5284755333332
1383.5284755333332
1383.5284755333332
1383.5284755333332
1383.5284755333332
1383.5284755333332
1383.5284755333332
1383.5284755333332
1383.5284755333332
1383.5284755333332
1383.5284755333332
1383.5284755333332
1383.5284755333332
1383.5284755333332
1383.5284755333332
1383.5284755333332
1383.5284755333332
1383.5284755333332
1383.5284755333332
1383.5284755333332
1383.5284755333332
1383.5284755333332
1383.5284755333332
1383.5284755333332
1383.5284755333332
1383.5284755333332
1383.5284755333332
1383.4069040455554
1383.4069040455554
1383.4069040455554
1383.4069040455554
1383.4069040455554
1383.4069040455554
1383.4069040455554
1383.4069040455554
1383.4069040455554
1383.4069040455554
1383.4069040455554
1383.4069040455554
1383.4069040455554
1383.4069040455554
1383.4069040455554
1383.4069040455554
1383.4069040455554
1383.4069040455554
1383.4069040455554
1383.4069040455554
1383.4069040455554
1383.4069040455554
1383.4069040455554
1383.4069040455554
1383.4069040455554
1383.4069040455554
1383.4069040455554
1383.4069040455554
1383.4069040455554
1383.4069040455554
1383.4069040455554
1383.4069040455554
1383.4069040455554
1383.4069040455554
1383.4069040455554
1383.4069040455554
1383.4069040455554
1383.4069040455554
1383.4069040455554
1383.4069040455554
1383.4069040455554
1383.4069040455554
1383.4069040455554
1383.4069040455554
1383.4069040455554
1383.4069040455554
1383.4069040455554
1383.4069040455554
1382.8529003922222
1382.8529003922222
1382.8529003922222
1382.8529003922222
1382.8529003922222
1382.8529003922222
1382.8529003922222
1382.774439141111
1382.774439141111
1382.774439141111
1382.774439141111
1382.774439141111
1382.774439141111
1382.774439141111
1382.774439141111
1382.774439141111
1382.774439141111
1382.774439141111
1382.774439141111
1382.774439141111
1382.774439141111
1382.774439141111
1382.774439141111
1382.774439141111
1382.774439141111
1382.774439141111
1382.774439141111
1382.774439141111
1382.774439141111
1382.774439141111
1382.774439141111
1382.774439141111
1382.774439141111
1382.774439141111
1382.774439141111
1382.774439141111
1382.774439141111
1382.774439141111
1382.44209155
1382.44209155
1382.44209155
1382.44209155
1382.44209155
1382.3205200633333
1382.3205200633333
1382.3205200633333
1382.3205200633333
1382.3205200633333
1382.3205200633333
1382.3205200633333
1382.3205200633333
1382.3205200633333
1382.3205200633333
1382.3205200633333
1382.3205200633333
1382.3205200633333
1382.3205200633333
1382.3205200633333
1382.3205200633333
1382.3205200633333
1382.3205200633333
1382.3205200633333
1382.3205200633333
1382.3205200633333
1382.3205200633333
1382.3205200633333
1382.3205200633333
1382.3205200633333
1382.3205200633333
1382.3205200633333
1382.3205200633333
1382.3205200633333
1382.3205200633333
1382.3205200633333
1382.3205200633333
1382.3205200633333
1382.3205200633333
1382.3205200633333
1382.3205200633333
1382.3205200633333
1382.3205200633333
1382.3205200633333
1382.3205200633333
1382.3205200633333
1382.3205200633333
1382.3205200633333
1382.3205200633333
1382.3205200633333
1382.3205200633333
1382.3205200633333
1382.3205200633333
1382.3205200633333
1382.3205200633333
1382.3205200633333
1382.3194989488888
1382.3194989488888
1382.1979274622222
1382.1979274622222
1382.1979274622222
1382.1979274622222
1382.1979274622222
1382.1979274622222
1382.1979274622222
1382.1979274622222
1382.1979274622222
1382.1979274622222
1382.1979274622222
1382.1979274622222
1382.1979274622222
1382.1979274622222
1382.1979274622222
1382.1979274622222
1382.1979274622222
1382.1979274622222
1382.1979274622222
1382.1979274622222
1382.1979274622222
1382.1979274622222
1382.1979274622222
1382.1979274622222
1382.1979274622222
1382.1979274622222
1382.1979274622222
1382.1979274622222
1382.1979274622222
1382.1979274622222
1382.1979274622222
1382.1979274622222
1382.1979274622222
1382.159864692222
1382.159864692222
1382.159864692222
1382.159864692222
1382.159864692222
1382.159864692222
1382.159864692222
1382.159864692222
1382.159864692222
1382.159864692222
1382.159864692222
1382.159864692222
1382.159864692222
1382.159864692222
1382.159864692222
1382.159864692222
1382.159864692222
1382.159864692222
1382.159864692222
1382.159864692222
1382.159864692222
1382.159864692222
1382.159864692222
1382.159864692222
1382.159864692222
1382.159864692222
1382.159864692222
1382.159864692222
1382.159864692222
1382.159864692222
1382.159864692222
1382.159864692222
1382.159864692222
1382.159864692222
1382.159864692222
1382.159864692222
1382.159864692222
1382.159864692222
1382.159864692222
1382.159864692222
1382.159864692222
1382.159864692222
1382.159864692222
1382.159864692222
1382.159864692222
1382.159864692222
1382.159864692222
1382.159864692222
1382.159864692222
1382.159864692222
1382.159864692222
1382.159864692222
1382.159864692222
1382.159864692222
1382.159864692222
1382.159864692222
1382.159864692222
1382.159864692222
1382.159864692222
1382.159864692222
1382.159864692222
1382.159864692222
1382.159864692222
1382.159864692222
1382.159864692222
1382.159864692222
1382.159864692222
1382.159864692222
1382.159864692222
1382.159864692222
1382.159864692222
1382.159864692222
1382.159864692222
1382.159864692222
1382.159864692222
1382.159864692222
1382.159864692222
1382.159864692222
1382.159864692222
1382.159864692222
1382.159864692222
1382.159864692222
1382.159864692222
1382.159864692222
1382.159864692222
1382.159864692222
1382.159864692222
1382.159864692222
1382.159864692222
1382.159864692222
1382.159864692222
1382.159864692222
1382.159864692222
1382.159864692222
1382.159864692222
1382.159864692222
1382.159864692222
1382.159864692222
1382.159864692222
1382.159864692222
1382.159864692222
1382.159864692222
1382.159864692222
1382.159864692222
1382.159864692222
1382.159864692222
1382.159864692222
1382.159864692222
1382.159864692222
1382.159864692222
1382.159864692222
1382.159864692222
1382.159864692222
1382.159864692222
1382.159864692222
1382.159864692222
1382.159864692222
1382.159864692222
1382.159864692222
1382.159864692222
1382.159864692222
1382.159864692222
1382.159864692222
1382.159864692222
1382.159864692222
1382.159864692222
1382.159864692222
1382.159864692222
1382.159864692222
1382.159864692222
1382.159864692222
1382.159864692222
1382.159864692222
1382.159864692222
1382.159864692222
1382.159864692222
1382.159864692222
1382.159864692222
1382.159864692222
1382.159864692222
1382.159864692222
1382.159864692222
1382.159864692222
1382.159864692222
1382.159864692222
1382.159864692222
1382.159864692222
1382.159864692222
1382.159864692222
1382.159864692222
1382.159864692222
1382.159864692222
1382.159864692222
1382.159864692222
1382.159864692222
1382.159864692222
1382.159864692222
1382.159864692222
1382.159864692222
1382.159864692222
1382.159864692222
1382.159864692222
1382.159864692222
1382.159864692222
1382.159864692222
1382.159864692222
1382.159864692222
1382.159864692222
1382.159864692222
1382.159864692222
1382.159864692222
1382.159864692222
1382.159864692222
1382.159864692222
1382.159864692222
1382.159864692222
1382.159864692222
1382.159864692222
1382.159864692222
1382.159864692222
1382.159864692222
1382.159864692222
1382.159864692222
1382.159864692222
1382.159864692222
1382.159864692222
1382.159864692222
1382.159864692222
1382.159864692222
1382.159864692222
1382.159864692222
1382.159864692222
1382.159864692222
1382.159864692222
1382.159864692222
1382.159864692222
1382.159864692222
1382.159864692222
1382.159864692222
1382.159864692222
1382.159864692222
1382.159864692222
1382.159864692222
1382.159864692222
1382.159864692222
1382.159864692222
1382.159864692222
1382.159864692222
1382.159864692222
1382.159864692222
1382.159864692222
1382.159864692222
1382.159864692222
1382.159864692222
1382.159864692222
1382.159864692222
1382.159864692222
1382.159864692222
1382.159864692222
1382.159864692222
1382.159864692222
1382.159864692222
1382.159864692222
1382.159864692222
1382.159864692222
1382.159864692222
1382.159864692222
1382.159864692222
1382.159864692222
1382.159864692222
1382.159864692222
1382.159864692222
1382.159864692222
1382.159864692222
1382.159864692222
1382.159864692222
1382.159864692222
1382.159864692222
1382.159864692222
1382.159864692222
1382.159864692222
1382.159864692222
1382.159864692222
1382.159864692222
1382.159864692222
1382.159864692222
1382.159864692222
1382.159864692222
1382.159864692222
1382.159864692222
1382.159864692222
1382.159864692222
1382.159864692222
1382.159864692222
1382.159864692222
1382.159864692222
1382.159864692222
1382.159864692222
1382.159864692222
1382.159864692222
1382.159864692222
1382.159864692222
1382.159864692222
1382.159864692222
1382.159864692222
1382.159864692222
1382.159864692222
1382.159864692222
1382.159864692222
1382.159864692222
1382.159864692222
1382.159864692222
1382.159864692222
1382.159864692222
1382.159864692222
1382.159864692222
1382.159864692222
1382.159864692222
1382.159864692222
1382.159864692222
1382.159864692222
1382.159864692222
1382.159864692222
1382.159864692222
1382.159864692222
1382.159864692222
1382.159864692222
1382.159864692222
1382.159864692222
1382.159864692222
1382.159864692222
1382.159864692222
1382.159864692222
1382.159864692222
1382.159864692222
1382.159864692222
1382.159864692222
1382.159864692222
1382.159864692222
1382.159864692222
1382.159864692222
1382.159864692222
1382.159864692222
1382.159864692222
1382.159864692222
1382.159864692222
1382.159864692222
1382.159864692222
1382.159864692222
1382.159864692222
1382.159864692222
1382.159864692222
1382.159864692222
1382.159864692222
1382.159864692222
1382.159864692222
1382.159864692222
1382.159864692222
1382.159864692222
1382.159864692222
1382.159864692222
1382.159864692222
1382.159864692222
1382.159864692222
1382.159864692222
1382.159864692222
1382.159864692222
1382.159864692222
1382.159864692222
1382.159864692222
1382.159864692222
1382.159864692222
1382.159864692222
1382.159864692222
1382.159864692222
1382.159864692222
1382.159864692222
1382.159864692222
1382.159864692222
1382.159864692222
1382.159864692222
1382.159864692222
1382.159864692222
1382.159864692222
1382.159864692222
1382.159864692222
1382.159864692222
1382.159864692222
1382.159864692222
1382.159864692222
1382.159864692222
1382.159864692222
1382.159864692222
1382.159864692222
1382.159864692222
1382.159864692222
1382.159864692222
1382.159864692222
1382.159864692222
1382.159864692222
1382.159864692222
1382.159864692222
1382.159864692222
1382.159864692222
1382.159864692222
1382.159864692222
1382.159864692222
1382.159864692222
1382.159864692222
1382.159864692222
1382.159864692222
1382.159864692222
1382.159864692222
1382.159864692222
1382.159864692222
1382.159864692222
1382.159864692222
1382.159864692222
1382.159864692222
1382.159864692222
1382.159864692222
1382.159864692222
1382.159864692222
1382.159864692222
1382.159864692222
1382.159864692222
1382.159864692222
1382.159864692222
1382.159864692222
1382.159864692222
1382.159864692222
1382.159864692222
1382.159864692222
1382.159864692222
1382.159864692222
1382.159864692222
1382.159864692222
1382.159864692222
1382.159864692222
1382.159864692222
1382.159864692222
1382.159864692222
1382.159864692222
1382.159864692222
1382.159864692222
1382.159864692222
1382.159864692222
1382.159864692222
1382.159864692222
1382.159864692222
1382.159864692222
1382.159864692222
1382.159864692222
1382.159864692222
1382.159864692222
1382.159864692222
1382.159864692222
1382.159864692222
1382.159864692222
1382.159864692222
1382.159864692222
1382.159864692222
1382.159864692222
1382.159864692222
1382.159864692222
1382.159864692222
1382.159864692222
1382.159864692222
1382.159864692222
1382.159864692222
1382.159864692222
1382.159864692222
1382.159864692222
1382.159864692222
1382.159864692222
1382.159864692222
1382.159864692222
1382.159864692222
1382.159864692222
1382.159864692222
1382.159864692222
1382.159864692222
1382.159864692222
1382.159864692222
1382.159864692222
1382.159864692222
1382.159864692222
1382.159864692222
1382.159864692222
1382.159864692222
1382.159864692222
1382.159864692222
1382.159864692222
1382.159864692222
1382.159864692222
1382.159864692222
1382.159864692222
1382.159864692222
1382.159864692222
1382.159864692222
1382.159864692222
1382.159864692222
1382.159864692222
1382.159864692222
1382.159864692222
1382.159864692222
1382.159864692222
1382.159864692222
1382.159864692222
1382.159864692222
1382.159864692222
1382.159864692222
1382.159864692222
1382.159864692222
1382.159864692222
1382.159864692222
1382.159864692222
1382.159864692222
1382.159864692222
1382.159864692222
1382.159864692222
1382.159864692222
1382.159864692222
1382.159864692222
1382.159864692222
1382.159864692222
1382.159864692222
1382.159864692222
1382.159864692222
1382.159864692222
1382.159864692222
1382.159864692222
1382.159864692222
1382.159864692222
1382.159864692222
1382.159864692222
1382.159864692222
1382.159864692222
1382.159864692222
1382.159864692222
1382.159864692222
1382.159864692222
1382.159864692222
1382.159864692222
1382.159864692222
1382.159864692222
1382.159864692222
1382.159864692222
1382.159864692222
1382.159864692222
1382.159864692222
1382.159864692222
1382.159864692222
1382.159864692222
1382.159864692222
1382.159864692222
1382.159864692222
1382.159864692222
1382.159864692222
1382.159864692222
1382.159864692222
1382.159864692222
1382.159864692222
1382.159864692222
1382.159864692222
1382.159864692222
1382.159864692222
1382.159864692222
1382.159864692222
1382.159864692222
1382.159864692222
1382.159864692222
1382.159864692222
1382.159864692222
1382.159864692222
1382.159864692222
1382.159864692222
1382.159864692222
1382.159864692222
1382.159864692222
1382.159864692222
1382.159864692222
1382.159864692222
1382.159864692222
