1682.02409725
1682.02409725
1682.02409725
1651.04342127
1632.50606435
1632.50606435
1632.5023541
1626.70073149
1626.70073149
1571.2632818
1571.2632818
1469.54285333
1469.54285333
1469.54285333
1469.54285333
1469.54285333
1469.54285333
1469.54285333
1469.54285333
1469.54285333
1469.54285333
1455.49474896
1455.49474896
1455.49474896
1455.49474896
1455.49474896
1455.49474896
1455.49474896
1455.49474896
1442.52505398
1442.52505398
1442.52505398
1442.52505398
1442.52505398
1442.52505398
1442.52505398
1442.52505398
1442.52505398
1434.46029187
1434.46029187
1434.46029187
1434.46029187
1433.22172522
1433.22172522
1432.60617217
1432.60617217
1432.60617217
1432.60617217
1432.60617217
1432.60617217
1432.60617217
1432.21967621
1432.21967621
1432.21967621
1432.21967621
1432.21967621
1432.21967621
1432.21967621
1432.21967621
1432.21967621
1432.21967621
1432.21967621
1431.87711129
1431.67553284
1431.67553284
1431.67553284
1431.67553284
1427.93307627
1427.66680863
1427.66680863
1422.21421415
1422.21421415
1422.21421415
1422.21421415
1419.90205113
1419.90205113
1419.90205113
1419.90205113
1419.90205113
1419.90205113
1409.4638002
1404.54262614
1404.54262614
1404.54262614
1404.54262614
1404.54262614
1404.54262614
1404.54262614
1404.54262614
1404.54262614
1404.54262614
1404.20006122
1404.20006122
1404.20006122
1404.20006122
1404.20006122
1404.20006122
1404.20006122
1404.20006122
1404.20006122
1404.20006122
1404.20006122
1404.20006122
1404.20006122
1404.20006122
1404.20006122
1404.20006122
1404.20006122
1404.20006122
1404.20006122
1404.20006122
1404.20006122
1404.20006122
1404.20006122
1404.20006122
1404.20006122
1404.20006122
1404.20006122
1403.18800923
1403.18800923
1403.18800923
1403.18800923
1403.18800923
1403.18800923
1403.18800923
1403.18800923
1403.18800923
1403.18800923
1403.18800923
1402.84544431
1402.84544431
1402.84544431
1402.84544431
1402.84544431
1402.84544431
1402.84544431
1402.84544431
1402.84544431
1402.84544431
1402.84544431
1402.84544431
1402.84544431
1402.84544431
1402.84544431
1402.84544431
1402.84544431
1402.84544431
1402.84544431
1402.84544431
1402.84544431
1402.84544431
1402.84544431
1402.84544431
1402.84544431
1402.84544431
1402.84544431
1402.84544431
1402.84544431
1402.84544431
1402.84544431
1402.84544431
1402.84544431
1402.84544431
1402.84544431
1402.84544431
1402.84544431
1402.84544431
1402.84544431
1402.84544431
1402.84544431
1402.84544431
1402.84544431
1402.84544431
1402.84544431
1402.84544431
1402.84544431
1402.84544431
1402.84544431
1402.84544431
1402.84544431
1402.84544431
1402.84544431
1402.84544431
1402.84544431
1402.84544431
1402.84544431
1402.84544431
1402.84544431
1402.84544431
1402.84544431
1402.84544431
1402.84544431
1402.84544431
1402.84544431
1402.84544431
1402.84544431
1402.84544431
1402.84544431
1402.84544431
1402.84544431
1402.84544431
1402.84544431
1402.84544431
1402.84544431
1402.84544431
1402.84544431
1402.84544431
1402.84544431
1402.84544431
1402.84544431
1402.84544431
1402.84544431
1402.84544431
1402.84544431
1402.84544431
1402.84544431
1402.84544431
1402.84544431
1402.84544431
1402.84544431
1402.84544431
1402.84544431
1402.84544431
1402.84544431
1402.84544431
1402.84544431
1402.84544431
1402.84544431
1402.34796811
1402.34796811
1402.34796811
1402.34796811
1402.34796811
1402.34796811
1402.34796811
1402.34796811
1402.34796811
1402.34796811
1402.34796811
1402.34796811
1402.34796811
1402.34796811
1402.34796811
1402.34796811
1402.34796811
1402.34796811
1402.34796811
1402.34796811
1402.34796811
1402.34796811
1402.34796811
1402.34796811
1402.34796811
1402.34796811
1402.34796811
1402.34796811
1402.34796811
1402.34796811
1402.34796811
1402.34796811
1402.34796811
1402.34796811
1402.34796811
1402.34796811
1402.34796811
1402.34796811
1402.34796811
1402.34796811
1402.34796811
1402.34796811
1402.34796811
1402.34796811
1402.34796811
1402.34796811
1402.34796811
1402.34796811
1402.34796811
1402.34796811
1402.34796811
1402.34796811
1402.34796811
1402.34796811
1402.34796811
1402.34796811
1402.34796811
1402.34796811
1402.34796811
1402.34796811
1402.34796811
1402.34796811
1402.34796811
1402.34796811
1402.34796811
1402.34796811
1402.34796811
1402.34796811
1402.34796811
1402.34796811
1402.34796811
1402.34796811
1402.34796811
1402.34796811
1402.34796811
1402.34796811
1402.34796811
1402.34796811
1402.34796811
1402.34796811
1402.34796811
1402.34796811
1402.34796811
1402.34796811
1402.34796811
1402.34796811
1402.34796811
1402.34796811
1402.34796811
1402.34796811
1402.34796811
1402.34796811
1402.34796811
1402.34796811
1402.34796811
1402.34796811
1402.34796811
1402.34796811
1402.34796811
1397.36193523
1397.36193523
1397.36193523
1397.36193523
1397.36193523
1397.36193523
1397.36193523
1396.65578397
1396.65578397
1396.65578397
1396.65578397
1396.65578397
1396.65578397
1396.65578397
1396.65578397
1396.65578397
1396.65578397
1396.65578397
1396.65578397
1396.65578397
1396.65578397
1396.65578397
1396.65578397
1396.65578397
1396.65578397
1396.65578397
1396.65578397
1396.65578397
1396.65578397
1396.65578397
1396.65578397
1396.65578397
1396.65578397
1396.65578397
1396.65578397
1396.65578397
1396.65578397
1396.65578397
1396.65578397
1396.65578397
1396.65578397
1396.65578397
1396.65578397
1396.65578397
1396.65578397
1396.65578397
1396.65578397
1396.65578397
1396.65578397
1396.65578397
1396.65578397
1396.65578397
1396.65578397
1396.65578397
1396.65578397
1396.65578397
1396.65578397
1396.65578397
1396.65578397
1396.65578397
1396.65578397
1396.65578397
1396.65578397
1396.65578397
1396.65578397
1396.65578397
1396.65578397
1396.65578397
1396.65578397
1396.65578397
1396.65578397
1396.65578397
1396.65578397
1396.65578397
1396.65578397
1396.65578397
1396.65578397
1396.65578397
1396.65578397
1396.65578397
1396.65578397
1396.65578397
1396.65578397
1396.65578397
1396.65578397
1396.65578397
1396.65578397
1396.65578397
1396.65578397
1396.65578397
1396.65578397
1396.65578397
1396.65578397
1396.65578397
1396.65578397
1396.65578397
1396.65578397
1396.65578397
1396.65578397
1396.65578397
1396.65578397
1396.65578397
1396.65578397
1396.65578397
1396.65578397
1396.65578397
1396.65578397
1396.65578397
1396.65578397
1396.65578397
1396.65578397
1396.65578397
1396.65578397
1396.65578397
1396.65578397
1396.65578397
1396.65578397
1396.65578397
1396.65578397
1396.65578397
1396.65578397
1396.65578397
1396.65578397
1396.65578397
1396.65578397
1396.65578397
1396.65578397
1396.65578397
1396.65578397
1396.31321904
1396.31321904
1396.31321904
1396.31321904
1396.31321904
1396.31321904
1396.31321904
1396.31321904
1396.31321904
1396.31321904
1396.31321904
1396.31321904
1396.31321904
1396.31321904
1396.31321904
1396.31321904
1396.31321904
1396.31321904
1396.31321904
1396.31321904
1396.31321904
1396.31321904
1396.31321904
1396.31321904
1396.31321904
1396.31321904
1396.31321904
1396.31321904
1396.31321904
1396.31321904
1396.31321904
1396.31321904
1396.31321904
1396.31321904
1396.31321904
1396.31321904
1396.31321904
1396.31321904
1396.31321904
1396.31321904
1396.31321904
1396.31321904
1396.31321904
1396.31321904
1396.31321904
1396.31321904
1396.31321904
1396.31321904
1396.31321904
1396.31321904
1396.31321904
1396.31321904
1396.31321904
1396.31321904
1396.31321904
1396.31321904
1396.31321904
1396.31321904
1396.31321904
1396.31321904
1396.31321904
1396.31321904
1396.31321904
1396.31321904
1396.31321904
1396.31321904
1396.31321904
1396.31321904
1396.31321904
1396.31321904
1396.31321904
1396.31321904
1396.31321904
1396.31321904
1396.31321904
1396.31321904
1396.31321904
1396.31321904
1396.31321904
1396.31321904
1396.31321904
1396.31321904
1396.31321904
1396.31321904
1396.31321904
1396.31321904
1396.31321904
1396.31321904
1396.31321904
1396.31321904
1396.31321904
1396.31321904
1396.31321904
1396.31321904
1396.31321904
1396.31321904
1396.31321904
1396.31321904
1396.31321904
1396.31321904
1396.31321904
1396.31321904
1396.31321904
1396.31321904
1396.31321904
1396.31321904
1396.31321904
1396.31321904
1396.31321904
1396.31321904
1396.31321904
1396.31321904
1396.31321904
1396.31321904
1396.31321904
1396.31321904
1396.31321904
1396.31321904
1396.31321904
1396.31321904
1396.31321904
1396.31321904
1396.31321904
1396.31321904
1396.31321904
1396.31321904
1396.31321904
1396.31321904
1396.31321904
1396.31321904
1396.31321904
1396.31321904
1396.31321904
1396.31321904
1396.31321904
1396.31321904
1396.31321904
1396.31321904
1396.31321904
1396.31321904
1396.31321904
1396.31321904
1396.31321904
1396.31321904
1396.31321904
1396.31321904
1396.31321904
1396.31321904
1396.31321904
1396.31321904
1396.31321904
1396.31321904
1396.31321904
1396.31321904
1396.31321904
1396.31321904
1396.31321904
1396.31321904
1396.31321904
1396.31321904
1396.31321904
1396.31321904
1396.31321904
1396.31321904
1396.31321904
1396.31321904
1396.31321904
1396.31321904
1396.31321904
1396.31321904
1396.31321904
1396.31321904
1396.31321904
1396.31321904
1396.31321904
1396.31321904
1396.31321904
1396.31321904
1396.31321904
1396.31321904
1396.31321904
1396.31321904
1396.31321904
1396.31321904
1396.31321904
1396.31321904
1396.31321904
1396.31321904
1396.31321904
1396.31321904
1396.31321904
1396.31321904
1396.31321904
1396.31321904
1396.31321904
1396.31321904
1396.31321904
1396.31321904
1396.31321904
1396.31321904
1396.31321904
1396.31321904
1396.31321904
1396.31321904
1396.31321904
1396.31321904
1396.31321904
1396.31321904
1396.31321904
1396.31321904
1396.31321904
1396.31321904
1396.31321904
1396.31321904
1396.31321904
1396.31321904
1396.31321904
1396.31321904
1396.31321904
1396.31321904
1396.31321904
1396.31321904
1396.31321904
1396.31321904
1396.31321904
1396.31321904
1396.31321904
1396.31321904
1396.31321904
1396.31321904
1396.31321904
1396.31321904
1396.31321904
1396.31321904
1396.31321904
1396.31321904
1396.31321904
1396.31321904
1396.31321904
1396.31321904
1396.31321904
1396.31321904
1396.31321904
1396.31321904
1396.31321904
1396.31321904
1396.31321904
1396.31321904
1396.31321904
1396.31321904
1396.31321904
1396.31321904
1396.31321904
1396.31321904
1396.31321904
1396.31321904
1396.31321904
1396.31321904
1396.31321904
1396.31321904
1396.31321904
1396.31321904
1396.31321904
1396.31321904
1396.31321904
1396.31321904
1396.31321904
1396.31321904
1396.31321904
1396.31321904
1396.31321904
1396.31321904
1396.31321904
1396.31321904
1396.31321904
1396.31321904
1396.31321904
1396.31321904
1396.31321904
1396.31321904
1396.31321904
1396.31321904
1396.31321904
1396.31321904
1396.31321904
1396.31321904
1396.31321904
1396.31321904
1396.31321904
1396.31321904
1396.31321904
1396.31321904
1396.31321904
1396.31321904
1396.31321904
1396.31321904
1396.31321904
1396.31321904
1396.31321904
1396.31321904
1396.31321904
1396.31321904
1396.31321904
1396.31321904
1396.31321904
1396.31321904
1396.31321904
1396.31321904
1396.31321904
1396.31321904
1396.31321904
1396.31321904
1396.31321904
1396.31321904
1396.31321904
1396.31321904
1396.31321904
1396.31321904
1396.31321904
1396.31321904
1396.31321904
1396.31321904
1396.31321904
1396.31321904
1396.31321904
1396.31321904
1396.31321904
1396.31321904
1396.31321904
1396.31321904
1396.31321904
1396.31321904
1396.31321904
1396.31321904
1396.31321904
1396.31321904
1396.31321904
1396.31321904
1396.31321904
1396.31321904
1396.31321904
1396.31321904
1396.31321904
1396.31321904
1396.31321904
1396.31321904
1396.31321904
1396.31321904
1396.31321904
1396.31321904
1396.31321904
1396.31321904
1396.31321904
1396.31321904
1396.31321904
1396.31321904
1396.31321904
1396.31321904
1396.31321904
1396.31321904
1396.31321904
1396.31321904
1396.31321904
1396.31321904
1396.31321904
1396.31321904
1396.31321904
1396.31321904
1396.31321904
1396.31321904
1396.31321904
1396.31321904
1396.31321904
1396.31321904
1396.31321904
1396.31321904
1396.31321904
1396.31321904
1396.31321904
1396.31321904
1396.31321904
1396.31321904
1396.31321904
1396.31321904
1396.31321904
1396.31321904
1396.31321904
1396.31321904
1396.31321904
1396.31321904
1396.31321904
1396.31321904
1396.31321904
1396.31321904
1396.31321904
1396.31321904
1396.31321904
1396.31321904
1396.31321904
1396.31321904
1396.31321904
1396.31321904
1396.31321904
1396.31321904
1396.31321904
1396.31321904
1396.31321904
1396.31321904
1396.31321904
1396.31321904
1396.31321904
1396.31321904
1396.31321904
1396.31321904
1396.31321904
1396.31321904
1396.31321904
1396.31321904
1396.31321904
1396.31321904
1396.31321904
1396.31321904
1396.31321904
1396.31321904
1396.31321904
1396.31321904
1396.31321904
1396.31321904
1396.31321904
1396.31321904
1396.31321904
1396.31321904
1396.31321904
1396.31321904
1396.31321904
1396.31321904
1396.31321904
1396.31321904
1396.31321904
1396.31321904
1396.31321904
1396.31321904
1396.31321904
1396.31321904
1396.31321904
1396.31321904
1396.31321904
1396.31321904
1396.31321904
1396.31321904
1396.31321904
1396.31321904
1396.31321904
1396.31321904
1396.31321904
1396.31321904
1396.31321904
1396.31321904
1396.31321904
1396.31321904
1396.31321904
1396.31321904
1396.31321904
1396.31321904
1396.31321904
1396.31321904
1396.31321904
1396.31321904
1396.31321904
1396.31321904
1396.31321904
1396.31321904
1396.31321904
1396.31321904
1396.31321904
1396.31321904
1396.31321904
1396.31321904
1396.31321904
1396.31321904
1396.31321904
1396.31321904
1396.31321904
1396.31321904
1396.31321904
1396.31321904
1396.31321904
1396.31321904
1396.31321904
1396.31321904
1396.31321904
1396.31321904
1396.31321904
1396.31321904
1396.31321904
1396.31321904
1396.31321904
1396.31321904
1396.31321904
1396.31321904
1396.31321904
1396.31321904
1396.31321904
1396.31321904
1396.31321904
1396.31321904
1396.31321904
1396.31321904
1396.31321904
1396.31321904
1396.31321904
1396.31321904
1396.31321904
1396.31321904
1396.31321904
1396.31321904
1396.31321904
1396.31321904
1396.31321904
1396.31321904
1396.31321904
1396.31321904
1396.31321904
1396.31321904
1396.31321904
1396.31321904
1396.31321904
1396.31321904
1396.31321904
1396.31321904
1396.31321904
1396.31321904
1396.31321904
1396.31321904
1396.31321904
1396.31321904
1396.31321904
1396.31321904
1396.31321904
1396.31321904
1396.31321904
1396.31321904
1396.31321904
1396.31321904
