1669.33256726
1617.96389096
1617.96389096
1617.96389096
1609.15650429
1609.15650429
1587.48007722
1587.48007722
1584.54018652
1582.75777781
1582.75777781
1549.81832861
1549.81832861
1544.64152738
1516.59695374
1494.8495702
1494.8495702
1477.01073884
1477.01073884
1477.01073884
1477.01073884
1477.01073884
1467.98384892
1463.22299077
1441.43667016
1441.43667016
1430.9683154
1428.30439769
1428.30439769
1428.30439769
1427.65593204
1427.65593204
1427.65593204
1427.4818284
1422.38796447
1422.38796447
1422.38796447
1421.61111052
1411.71330897
1411.71330897
1411.71330897
1411.71330897
1411.71330897
1411.71330897
1411.71330897
1411.71330897
1411.71330897
1411.71330897
1411.71330897
1410.55311874
1409.90465309
1409.90465309
1409.90465309
1409.90465309
1409.90465309
1409.90465309
1409.90465309
1409.90465309
1409.90465309
1409.06667185
1409.06667185
1409.06667185
1409.06667185
1409.06667185
1409.06667185
1409.06667185
1409.06667185
1409.06667185
1409.06667185
1409.06667185
1409.06667185
1409.06667185
1409.06667185
1409.06667185
1409.06667185
1409.06667185
1409.06667185
1409.06667185
1409.06667185
1409.06667185
1409.06667185
1409.06667185
1409.06667185
1409.06667185
1409.06667185
1409.06667185
1409.06667185
1409.06667185
1409.06667185
1409.06667185
1409.06667185
1409.06667185
1409.06667185
1409.06667185
1409.06667185
1409.06667185
1409.06667185
1409.06667185
1409.06667185
1409.06667185
1409.06667185
1409.06667185
1409.06667185
1409.06667185
1409.06667185
1409.06667185
1409.06667185
1409.06667185
1409.06667185
1409.06667185
1409.06667185
1409.06667185
1409.06667185
1409.06667185
1409.06667185
1409.06667185
1409.06667185
1409.06667185
1409.06667185
1409.06667185
1409.06667185
1409.06667185
1409.06667185
1409.06667185
1409.06667185
1409.06667185
1409.06667185
1409.06667185
1409.06667185
1409.06667185
1409.06667185
1409.06667185
1409.06667185
1409.06667185
1409.06667185
1409.06667185
1409.06667185
1409.06667185
1409.06667185
1409.06667185
1409.06667185
1409.06667185
1409.06667185
1409.06667185
1409.06667185
1409.06667185
1409.06667185
1409.06667185
1409.06667185
1409.06667185
1409.06667185
1409.06667185
1409.06667185
1409.06667185
1409.06667185
1409.06667185
1409.06667185
1409.06667185
1409.06667185
1409.06667185
1409.06667185
1409.06667185
1409.06667185
1409.06667185
1409.06667185
1409.06667185
1409.06667185
1409.06667185
1409.06667185
1409.06667185
1409.06667185
1409.06667185
1409.06667185
1409.06667185
1409.06667185
1409.06667185
1409.06667185
1409.06667185
1409.06667185
1409.06667185
1409.06667185
1409.06667185
1409.06667185
1409.06667185
1409.06667185
1409.06667185
1409.06667185
1409.06667185
1409.06667185
1409.06667185
1409.06667185
1409.06667185
1409.06667185
1409.06667185
1409.06667185
1409.06667185
1409.06667185
1409.06667185
1409.06667185
1409.06667185
1409.06667185
1409.06667185
1409.06667185
1409.06667185
1409.06667185
1409.06667185
1409.06667185
1409.06667185
1409.06667185
1409.06667185
1409.06667185
1409.06667185
1409.06667185
1409.06667185
1409.06667185
1409.06667185
1409.06667185
1409.06667185
1409.06667185
1409.06667185
1409.06667185
1409.06667185
1409.06667185
1409.06667185
1409.06667185
1409.06667185
1409.06667185
1409.06667185
1409.06667185
1409.06667185
1409.06667185
1409.06667185
1409.06667185
1409.06667185
1409.06667185
1409.06667185
1409.06667185
1409.06667185
1409.06667185
1409.06667185
1409.06667185
1409.06667185
1409.06667185
1409.06667185
1409.06667185
1409.06667185
1409.06667185
1409.06667185
1409.06667185
1409.06667185
1409.06667185
1409.06667185
1409.06667185
1409.06667185
1409.06667185
1409.06667185
1409.06667185
1409.06667185
1409.06667185
1409.06667185
1409.06667185
1409.06667185
1409.06667185
1409.06667185
1409.06667185
1409.06667185
1409.06667185
1409.06667185
1409.06667185
1409.06667185
1409.06667185
1409.06667185
1409.06667185
1409.06667185
1409.06667185
1409.06667185
1409.06667185
1409.06667185
1409.06667185
1409.06667185
1409.06667185
1409.06667185
1409.06667185
1409.06667185
1409.06667185
1409.06667185
1409.06667185
1409.06667185
1409.06667185
1409.06667185
1409.06667185
1409.06667185
1409.06667185
1409.06667185
1409.06667185
1409.06667185
1409.06667185
1409.06667185
1409.06667185
1409.06667185
1409.06667185
1409.06667185
1409.06667185
1409.06667185
1409.06667185
1409.06667185
1409.06667185
1409.06667185
1409.06667185
1409.06667185
1409.06667185
1409.06667185
1409.06667185
1409.06667185
1409.06667185
1409.06667185
1409.06667185
1409.06667185
1409.06667185
1409.06667185
1409.06667185
1409.06667185
1409.06667185
1409.06667185
1409.06667185
1409.06667185
1409.06667185
1409.06667185
1409.06667185
1409.06667185
1409.06667185
1409.06667185
1409.06667185
1409.06667185
1409.06667185
1409.06667185
1409.06667185
1409.06667185
1409.06667185
1409.06667185
1409.06667185
1409.06667185
1409.06667185
1409.06667185
1409.06667185
1409.06667185
1409.06667185
1409.06667185
1409.06667185
1409.06667185
1409.06667185
1409.06667185
1409.06667185
1409.06667185
1409.06667185
1409.06667185
1409.06667185
1409.06667185
1409.06667185
1409.06667185
1409.06667185
1409.06667185
1409.06667185
1409.06667185
1409.06667185
1409.06667185
1409.06667185
1409.06667185
1409.06667185
1409.06667185
1409.06667185
1409.06667185
1409.06667185
1409.06667185
1409.06667185
1409.06667185
1409.06667185
1409.06667185
1409.06667185
1409.06667185
1409.06667185
1409.06667185
1409.06667185
1409.06667185
1409.06667185
1409.06667185
1409.06667185
1409.06667185
1409.06667185
1409.06667185
1409.06667185
1409.06667185
1409.06667185
1409.06667185
1409.06667185
1409.06667185
1409.06667185
1409.06667185
1409.06667185
1409.06667185
1409.06667185
1409.06667185
1409.06667185
1409.06667185
1409.06667185
1409.06667185
1409.06667185
1409.06667185
1409.06667185
1409.06667185
1409.06667185
1409.06667185
1409.06667185
1409.06667185
1409.06667185
1409.06667185
1409.06667185
1409.06667185
1409.06667185
1409.06667185
1409.06667185
1409.06667185
1409.06667185
1409.06667185
1409.06667185
1409.06667185
1409.06667185
1409.06667185
1409.06667185
1409.06667185
1409.06667185
1409.06667185
1409.06667185
1409.06667185
1409.06667185
1409.06667185
1409.06667185
1409.06667185
1409.06667185
1409.06667185
1409.06667185
1409.06667185
1409.06667185
1409.06667185
1409.06667185
1409.06667185
1409.06667185
1409.06667185
1409.06667185
1409.06667185
1409.06667185
1409.06667185
1409.06667185
1409.06667185
1409.06667185
1409.06667185
1409.06667185
1409.06667185
1409.06667185
1409.06667185
1409.06667185
1409.06667185
1409.06667185
1409.06667185
1409.06667185
1409.06667185
1409.06667185
1409.06667185
1409.06667185
1409.06667185
1409.06667185
1409.06667185
1409.06667185
1409.06667185
1409.06667185
1409.06667185
1409.06667185
1409.06667185
1409.06667185
1409.06667185
1409.06667185
1409.06667185
1409.06667185
1409.06667185
1409.06667185
1409.06667185
1409.06667185
1409.06667185
1409.06667185
1409.06667185
1409.06667185
1409.06667185
1409.06667185
1409.06667185
1409.06667185
1409.06667185
1409.06667185
1409.06667185
1409.06667185
1409.06667185
1409.06667185
1409.06667185
1409.06667185
1409.06667185
1409.06667185
1409.06667185
1409.06667185
1409.06667185
1409.06667185
1409.06667185
1409.06667185
1409.06667185
1409.06667185
1409.06667185
1409.06667185
1409.06667185
1409.06667185
1409.06667185
1409.06667185
1409.06667185
1409.06667185
1409.06667185
1409.06667185
1409.06667185
1409.06667185
1409.06667185
1409.06667185
1409.06667185
1409.06667185
1409.06667185
1409.06667185
1409.06667185
1409.06667185
1409.06667185
1409.06667185
1409.06667185
1409.06667185
1409.06667185
1409.06667185
1409.06667185
1409.06667185
1409.06667185
1409.06667185
1409.06667185
1409.06667185
1409.06667185
1409.06667185
1409.06667185
1409.06667185
1409.06667185
1409.06667185
1409.06667185
1409.06667185
1409.06667185
1409.06667185
1409.06667185
1409.06667185
1409.06667185
1409.06667185
1409.06667185
1409.06667185
1409.06667185
1409.06667185
1409.06667185
1409.06667185
1409.06667185
1409.06667185
1409.06667185
1409.06667185
1409.06667185
1409.06667185
1409.06667185
1409.06667185
1409.06667185
1409.06667185
1409.06667185
1409.06667185
1409.06667185
1409.06667185
1409.06667185
1409.06667185
1409.06667185
1409.06667185
1409.06667185
1409.06667185
1409.06667185
1409.06667185
1409.06667185
1409.06667185
1409.06667185
1409.06667185
1409.06667185
1409.06667185
1409.06667185
1409.06667185
1409.06667185
1409.06667185
1409.06667185
1409.06667185
1409.06667185
1409.06667185
1409.06667185
1409.06667185
1409.06667185
1409.06667185
1409.06667185
1409.06667185
1409.06667185
1409.06667185
1409.06667185
1409.06667185
1409.06667185
1409.06667185
1409.06667185
1409.06667185
1409.06667185
1409.06667185
1409.06667185
1409.06667185
1409.06667185
1409.06667185
1409.06667185
1409.06667185
1409.06667185
1409.06667185
1409.06667185
1409.06667185
1409.06667185
1409.06667185
1409.06667185
1409.06667185
1409.06667185
1409.06667185
1409.06667185
1409.06667185
1409.06667185
1409.06667185
1409.06667185
1409.06667185
1409.06667185
1409.06667185
1409.06667185
1409.06667185
1409.06667185
1409.06667185
1409.06667185
1409.06667185
1409.06667185
1409.06667185
1409.06667185
1409.06667185
1409.06667185
1409.06667185
1409.06667185
1409.06667185
1409.06667185
1409.06667185
1409.06667185
1409.06667185
1409.06667185
1409.06667185
1409.06667185
1409.06667185
1409.06667185
1409.06667185
1409.06667185
1409.06667185
1409.06667185
1409.06667185
1409.06667185
1409.06667185
1409.06667185
1409.06667185
1409.06667185
1409.06667185
1409.06667185
1409.06667185
1409.06667185
1409.06667185
1409.06667185
1409.06667185
1409.06667185
1409.06667185
1409.06667185
1409.06667185
1409.06667185
1409.06667185
1409.06667185
1409.06667185
1409.06667185
1409.06667185
1409.06667185
1409.06667185
1409.06667185
1409.06667185
1409.06667185
1409.06667185
1409.06667185
1409.06667185
1409.06667185
1409.06667185
1409.06667185
1409.06667185
1409.06667185
1409.06667185
1409.06667185
1409.06667185
1409.06667185
1409.06667185
1409.06667185
1409.06667185
1409.06667185
1409.06667185
1409.06667185
1409.06667185
1409.06667185
1409.06667185
1409.06667185
1409.06667185
1409.06667185
1409.06667185
1409.06667185
1409.06667185
1409.06667185
1409.06667185
1409.06667185
1409.06667185
1409.06667185
1409.06667185
1409.06667185
1409.06667185
1409.06667185
1409.06667185
1409.06667185
1409.06667185
1409.06667185
1409.06667185
1409.06667185
1409.06667185
1409.06667185
1409.06667185
1409.06667185
1409.06667185
1409.06667185
1409.06667185
1409.06667185
1409.06667185
1409.06667185
1409.06667185
1409.06667185
1409.06667185
1409.06667185
1409.06667185
1409.06667185
1409.06667185
1409.06667185
1409.06667185
1409.06667185
1409.06667185
1409.06667185
1409.06667185
1409.06667185
1409.06667185
1409.06667185
1409.06667185
1409.06667185
1409.06667185
1409.06667185
1409.06667185
1409.06667185
1409.06667185
1409.06667185
1409.06667185
1409.06667185
1409.06667185
1409.06667185
1409.06667185
1409.06667185
1409.06667185
1409.06667185
1409.06667185
1409.06667185
1409.06667185
1409.06667185
1409.06667185
1409.06667185
1409.06667185
1409.06667185
1409.06667185
1409.06667185
1409.06667185
1409.06667185
1409.06667185
1409.06667185
1409.06667185
1409.06667185
1409.06667185
1409.06667185
1409.06667185
1409.06667185
1409.06667185
1409.06667185
1409.06667185
1409.06667185
1409.06667185
1409.06667185
1409.06667185
1409.06667185
1409.06667185
1409.06667185
1409.06667185
1409.06667185
1409.06667185
1409.06667185
1409.06667185
1409.06667185
1409.06667185
1409.06667185
1409.06667185
1409.06667185
1409.06667185
1409.06667185
1409.06667185
1409.06667185
1409.06667185
1409.06667185
1409.06667185
1409.06667185
1409.06667185
1409.06667185
1409.06667185
1409.06667185
1409.06667185
1409.06667185
1409.06667185
1409.06667185
1409.06667185
1409.06667185
1409.06667185
1409.06667185
1409.06667185
1409.06667185
1409.06667185
1409.06667185
1409.06667185
1409.06667185
1409.06667185
1409.06667185
1409.06667185
1409.06667185
1409.06667185
1409.06667185
1409.06667185
1409.06667185
1409.06667185
1409.06667185
1409.06667185
1409.06667185
1409.06667185
1409.06667185
1409.06667185
1409.06667185
1409.06667185
1409.06667185
1409.06667185
1409.06667185
1409.06667185
1409.06667185
1409.06667185
1409.06667185
1409.06667185
1409.06667185
1409.06667185
1409.06667185
1409.06667185
1409.06667185
1409.06667185
1409.06667185
1409.06667185
1409.06667185
1409.06667185
1409.06667185
1409.06667185
1409.06667185
1409.06667185
1409.06667185
1409.06667185
1409.06667185
1409.06667185
1409.06667185
1409.06667185
1409.06667185
1409.06667185
1409.06667185
1409.06667185
1409.06667185
1409.06667185
1409.06667185
1409.06667185
1409.06667185
1409.06667185
1409.06667185
1409.06667185
1409.06667185
1409.06667185
1409.06667185
1409.06667185
1409.06667185
1409.06667185
1409.06667185
1409.06667185
1409.06667185
1409.06667185
1409.06667185
1409.06667185
1409.06667185
1409.06667185
1409.06667185
1409.06667185
1409.06667185
1409.06667185
1409.06667185
1409.06667185
1409.06667185
1409.06667185
1409.06667185
1409.06667185
1409.06667185
1409.06667185
1409.06667185
1409.06667185
1409.06667185
1409.06667185
1409.06667185
1409.06667185
1409.06667185
1409.06667185
1409.06667185
1409.06667185
1409.06667185
1409.06667185
1409.06667185
1409.06667185
1409.06667185
1409.06667185
1409.06667185
1409.06667185
1409.06667185
1409.06667185
1409.06667185
1409.06667185
1409.06667185
1409.06667185
1409.06667185
1409.06667185
1409.06667185
1409.06667185
1409.06667185
1409.06667185
1409.06667185
1409.06667185
1409.06667185
1409.06667185
1409.06667185
1409.06667185
1409.06667185
1409.06667185
1409.06667185
1409.06667185
1409.06667185
1409.06667185
1409.06667185
1409.06667185
1409.06667185
1409.06667185
1409.06667185
1409.06667185
1409.06667185
1409.06667185
1409.06667185
1409.06667185
1409.06667185
1409.06667185
1409.06667185
1409.06667185
1409.06667185
1409.06667185
1409.06667185
1409.06667185
1409.06667185
1409.06667185
1409.06667185
1409.06667185
1409.06667185
1409.06667185
1409.06667185
1409.06667185
1409.06667185
1409.06667185
1409.06667185
