1829.04814962
1710.20631131
1617.8411417
1588.19551738
1560.3987264
1560.3987264
1530.32861938
1530.32861938
1518.12531437
1518.12531437
1518.12531437
1517.64999174
1508.78882101
1466.22491576
1466.22491576
1466.22491576
1456.80409061
1434.39776814
1434.39776814
1434.39776814
1434.39776814
1434.39776814
1420.11760696
1410.0613148
1410.0613148
1410.0613148
1407.17692513
1398.53858008
1398.53858008
1398.53858008
1398.53858008
1393.17225688
1393.17225688
1393.17225688
1393.17225688
1393.17225688
1393.17225688
1393.17225688
1393.17225688
1393.17225688
1393.17225688
1393.17225688
1393.17225688
1393.17225688
1393.17225688
1393.17225688
1393.17225688
1393.17225688
1393.17225688
1393.17225688
1393.17225688
1393.17225688
1393.17225688
1393.17225688
1393.17225688
1393.17225688
1393.17225688
1393.17225688
1393.17225688
1393.17225688
1393.17225688
1393.17225688
1393.17225688
1393.17225688
1393.17225688
1393.17225688
1393.17225688
1393.17225688
1393.17225688
1393.17225688
1393.17225688
1393.17225688
1393.17225688
1393.17225688
1393.17225688
1393.17225688
1393.17225688
1388.14282845
1388.14282845
1388.14282845
1388.14282845
1388.14282845
1388.14282845
1388.14282845
1388.14282845
1388.14282845
1388.14282845
1388.14282845
1388.14282845
1388.14282845
1388.14282845
1388.14282845
1388.14282845
1388.14282845
1388.14282845
1388.14282845
1388.14282845
1388.14282845
1388.14282845
1388.14282845
1388.14282845
1388.14282845
1388.14282845
1388.14282845
1388.14282845
1388.14282845
1388.14282845
1388.14282845
1388.14282845
1388.14282845
1388.14282845
1388.14282845
1388.14282845
1388.14282845
1388.14282845
1388.14282845
1388.14282845
1388.14282845
1388.14282845
1388.14282845
1388.14282845
1388.14282845
1388.14282845
1388.14282845
1388.14282845
1388.14282845
1388.14282845
1388.14282845
1388.14282845
1388.14282845
1388.14282845
1388.14282845
1388.14282845
1388.14282845
1388.14282845
1388.14282845
1388.14282845
1388.14282845
1388.14282845
1388.14282845
1388.14282845
1388.14282845
1388.14282845
1388.14282845
1388.14282845
1388.14282845
1388.14282845
1388.14282845
1388.14282845
1388.14282845
1388.14282845
1388.14282845
1388.14282845
1388.14282845
1388.14282845
1388.14282845
1388.14282845
1388.14282845
1388.14282845
1388.14282845
1388.14282845
1388.14282845
1388.14282845
1388.14282845
1388.14282845
1388.14282845
1388.14282845
1388.14282845
1388.14282845
1388.14282845
1388.14282845
1388.14282845
1388.14282845
1388.14282845
1388.14282845
1388.14282845
1388.14282845
1388.14282845
1388.14282845
1388.14282845
1388.14282845
1388.14282845
1388.14282845
1388.14282845
1388.14282845
1388.14282845
1388.14282845
1388.14282845
1388.14282845
1388.14282845
1388.14282845
1383.84134058
1381.0282769
1381.0282769
1381.0282769
1381.0282769
1381.0282769
1381.0282769
1381.0282769
1381.0282769
1381.0282769
1381.0282769
1381.0282769
1375.6896823
1357.93759704
1354.69368158
1348.21352651
1348.21352651
1348.21352651
1348.21352651
1348.21352651
1347.05333628
1347.05333628
1347.05333628
1347.05333628
1347.05333628
1347.05333628
1347.05333628
1347.05333628
1347.05333628
1347.05333628
1347.05333628
1347.05333628
1347.05333628
1347.05333628
1347.05333628
1347.05333628
1347.05333628
1347.05333628
1347.05333628
1347.05333628
1347.05333628
1347.05333628
1347.05333628
1347.05333628
1347.05333628
1347.05333628
1347.05333628
1347.05333628
1347.05333628
1347.05333628
1347.05333628
1347.05333628
1347.05333628
1347.05333628
1347.05333628
1347.05333628
1347.05333628
1347.05333628
1347.05333628
1347.05333628
1347.05333628
1347.05333628
1347.05333628
1347.05333628
1347.05333628
1347.05333628
1347.05333628
1347.05333628
1347.05333628
1347.05333628
1347.05333628
1347.05333628
1347.05333628
1347.05333628
1347.05333628
1347.05333628
1347.05333628
1347.05333628
1347.05333628
1347.05333628
1347.05333628
1347.05333628
1347.05333628
1347.05333628
1347.05333628
1347.05333628
1347.05333628
1347.05333628
1347.05333628
1347.05333628
1347.05333628
1347.05333628
1347.05333628
1347.05333628
1347.05333628
1347.05333628
1347.05333628
1347.05333628
1347.05333628
1347.05333628
1347.05333628
1347.05333628
1347.05333628
1347.05333628
1347.05333628
1347.05333628
1347.05333628
1347.05333628
1347.05333628
1347.05333628
1347.05333628
1347.05333628
1347.05333628
1347.05333628
1347.05333628
1347.05333628
1347.05333628
1347.05333628
1347.05333628
1347.05333628
1347.05333628
1347.05333628
1347.05333628
1347.05333628
1347.05333628
1347.05333628
1347.05333628
1347.05333628
1347.05333628
1347.05333628
1347.05333628
1347.05333628
1347.05333628
1347.05333628
1347.05333628
1347.05333628
1347.05333628
1347.05333628
1347.05333628
1347.05333628
1347.05333628
1347.05333628
1347.05333628
1347.05333628
1347.05333628
1347.05333628
1347.05333628
1347.05333628
1347.05333628
1347.05333628
1347.05333628
1347.05333628
1347.05333628
1347.05333628
1347.05333628
1347.05333628
1347.05333628
1347.05333628
1347.05333628
1347.05333628
1347.05333628
1347.05333628
1347.05333628
1347.05333628
1347.05333628
1347.05333628
1347.05333628
1347.05333628
1347.05333628
1347.05333628
1347.05333628
1347.05333628
1347.05333628
1347.05333628
1347.05333628
1347.05333628
1347.05333628
1347.05333628
1347.05333628
1347.05333628
1347.05333628
1347.05333628
1347.05333628
1347.05333628
1347.05333628
1347.05333628
1347.05333628
1347.05333628
1347.05333628
1347.05333628
1347.05333628
1347.05333628
1347.05333628
1347.05333628
1347.05333628
1347.05333628
1347.05333628
1347.05333628
1347.05333628
1347.05333628
1347.05333628
1347.05333628
1347.05333628
1347.05333628
1347.05333628
1347.05333628
1347.05333628
1347.05333628
1347.05333628
1347.05333628
1347.05333628
1347.05333628
1347.05333628
1347.05333628
1347.05333628
1347.05333628
1347.05333628
1347.05333628
1347.05333628
1347.05333628
1347.05333628
1347.05333628
1347.05333628
1347.05333628
1347.05333628
1347.05333628
1347.05333628
1347.05333628
1347.05333628
1347.05333628
1347.05333628
1347.05333628
1347.05333628
1347.05333628
1347.05333628
1347.05333628
1347.05333628
1347.05333628
1347.05333628
1347.05333628
1347.05333628
1347.05333628
1347.05333628
1347.05333628
1347.05333628
1347.05333628
1347.05333628
1347.05333628
1347.05333628
1347.05333628
1347.05333628
1347.05333628
1347.05333628
1347.05333628
1347.05333628
1347.05333628
1347.05333628
1347.05333628
1347.05333628
1347.05333628
1347.05333628
1347.05333628
1347.05333628
1347.05333628
1347.05333628
1347.05333628
1347.05333628
1347.05333628
1347.05333628
1347.05333628
1347.05333628
1347.05333628
1347.05333628
1347.05333628
1347.05333628
1347.05333628
1347.05333628
1347.05333628
1347.05333628
1347.05333628
1347.05333628
1347.05333628
1347.05333628
1347.05333628
1347.05333628
1347.05333628
1347.05333628
1347.05333628
1347.05333628
1347.05333628
1347.05333628
1347.05333628
1347.05333628
1347.05333628
1347.05333628
1347.05333628
1347.05333628
1347.05333628
1347.05333628
1347.05333628
1347.05333628
1347.05333628
1347.05333628
1347.05333628
1347.05333628
1347.05333628
1347.05333628
1347.05333628
1347.05333628
1347.05333628
1347.05333628
1347.05333628
1347.05333628
1347.05333628
1347.05333628
1347.05333628
1347.05333628
1347.05333628
1347.05333628
1347.05333628
1347.05333628
1347.05333628
1347.05333628
1347.05333628
1347.05333628
1347.05333628
1347.05333628
1347.05333628
1347.05333628
1347.05333628
1347.05333628
1347.05333628
1347.05333628
1347.05333628
1347.05333628
1347.05333628
1347.05333628
1347.05333628
1347.05333628
1347.05333628
1347.05333628
1347.05333628
1347.05333628
1347.05333628
1347.05333628
1347.05333628
1347.05333628
1347.05333628
1347.05333628
1347.05333628
1347.05333628
1347.05333628
1347.05333628
1347.05333628
1347.05333628
1347.05333628
1347.05333628
1347.05333628
1347.05333628
1347.05333628
1347.05333628
1347.05333628
1347.05333628
1347.05333628
1347.05333628
1347.05333628
1347.05333628
1347.05333628
1347.05333628
1347.05333628
1347.05333628
1347.05333628
1347.05333628
1347.05333628
1347.05333628
1347.05333628
1347.05333628
1347.05333628
1347.05333628
1347.05333628
1347.05333628
1347.05333628
1347.05333628
1347.05333628
1347.05333628
1347.05333628
1347.05333628
1347.05333628
1347.05333628
1347.05333628
1347.05333628
1347.05333628
1347.05333628
1347.05333628
1347.05333628
1347.05333628
1347.05333628
1347.05333628
1347.05333628
1347.05333628
1347.05333628
1347.05333628
1347.05333628
1347.05333628
1347.05333628
1347.05333628
1347.05333628
1347.05333628
1347.05333628
1347.05333628
1347.05333628
1347.05333628
1347.05333628
1347.05333628
1347.05333628
1347.05333628
1347.05333628
1347.05333628
1347.05333628
1347.05333628
1347.05333628
1347.05333628
1347.05333628
1347.05333628
1347.05333628
1347.05333628
1347.05333628
1347.05333628
1347.05333628
1347.05333628
1347.05333628
1347.05333628
1347.05333628
1347.05333628
1347.05333628
1347.05333628
1347.05333628
1347.05333628
1347.05333628
1347.05333628
1347.05333628
1347.05333628
1347.05333628
1347.05333628
1347.05333628
1347.05333628
1347.05333628
1347.05333628
1347.05333628
1347.05333628
1347.05333628
1347.05333628
1347.05333628
1347.05333628
1347.05333628
1347.05333628
1347.05333628
1347.05333628
1347.05333628
1347.05333628
1347.05333628
1347.05333628
1347.05333628
1347.05333628
1347.05333628
1347.05333628
1347.05333628
1347.05333628
1347.05333628
1347.05333628
1347.05333628
1347.05333628
1347.05333628
1347.05333628
1347.05333628
1347.05333628
1347.05333628
1347.05333628
1347.05333628
1347.05333628
1347.05333628
1347.05333628
1347.05333628
1347.05333628
1347.05333628
1347.05333628
1347.05333628
1347.05333628
1347.05333628
1347.05333628
1347.05333628
1347.05333628
1347.05333628
1347.05333628
1347.05333628
1347.05333628
1347.05333628
1347.05333628
1347.05333628
1347.05333628
1347.05333628
1347.05333628
1347.05333628
1347.05333628
1347.05333628
1347.05333628
1347.05333628
1347.05333628
1347.05333628
1347.05333628
1347.05333628
1347.05333628
1347.05333628
1347.05333628
1347.05333628
1347.05333628
1347.05333628
1347.05333628
1347.05333628
1347.05333628
1347.05333628
1347.05333628
1347.05333628
1347.05333628
1347.05333628
1347.05333628
1347.05333628
1347.05333628
1347.05333628
1347.05333628
1347.05333628
1347.05333628
1347.05333628
1347.05333628
1347.05333628
1347.05333628
1347.05333628
1347.05333628
1347.05333628
1347.05333628
1347.05333628
1347.05333628
1347.05333628
1347.05333628
1347.05333628
1347.05333628
1347.05333628
1347.05333628
1347.05333628
1347.05333628
1347.05333628
1347.05333628
1347.05333628
1347.05333628
1347.05333628
1347.05333628
1347.05333628
1347.05333628
1347.05333628
1347.05333628
1347.05333628
1347.05333628
1347.05333628
1347.05333628
1347.05333628
1347.05333628
1347.05333628
1347.05333628
1347.05333628
1347.05333628
1347.05333628
1347.05333628
1347.05333628
1347.05333628
1347.05333628
1347.05333628
1347.05333628
1347.05333628
1347.05333628
1347.05333628
1347.05333628
1347.05333628
1347.05333628
1347.05333628
1347.05333628
1347.05333628
1347.05333628
1347.05333628
1347.05333628
1347.05333628
1347.05333628
1347.05333628
1347.05333628
1347.05333628
1347.05333628
1347.05333628
1347.05333628
1347.05333628
1347.05333628
1347.05333628
1347.05333628
1347.05333628
1347.05333628
1347.05333628
1347.05333628
1347.05333628
1347.05333628
1347.05333628
1347.05333628
1347.05333628
1347.05333628
1347.05333628
1347.05333628
1347.05333628
1347.05333628
1347.05333628
1347.05333628
1347.05333628
1347.05333628
1347.05333628
1347.05333628
1347.05333628
1347.05333628
1347.05333628
1347.05333628
1347.05333628
1347.05333628
1347.05333628
1347.05333628
1347.05333628
1347.05333628
1347.05333628
1347.05333628
1347.05333628
1347.05333628
1347.05333628
1347.05333628
1347.05333628
1347.05333628
1347.05333628
1347.05333628
1347.05333628
1347.05333628
1347.05333628
1347.05333628
1347.05333628
1347.05333628
1347.05333628
1347.05333628
1347.05333628
1347.05333628
1347.05333628
1347.05333628
1347.05333628
1347.05333628
1347.05333628
1347.05333628
1347.05333628
1347.05333628
1347.05333628
1347.05333628
1347.05333628
1347.05333628
1347.05333628
1347.05333628
1347.05333628
1347.05333628
1347.05333628
1347.05333628
1347.05333628
1347.05333628
1347.05333628
1347.05333628
1347.05333628
1347.05333628
1347.05333628
1347.05333628
1347.05333628
1347.05333628
1347.05333628
1347.05333628
1347.05333628
1347.05333628
1347.05333628
1347.05333628
1347.05333628
1347.05333628
1347.05333628
1347.05333628
1347.05333628
1347.05333628
1347.05333628
1347.05333628
1347.05333628
1347.05333628
1347.05333628
1347.05333628
1347.05333628
1347.05333628
1347.05333628
1347.05333628
1347.05333628
1347.05333628
1347.05333628
1347.05333628
1347.05333628
1347.05333628
1347.05333628
1347.05333628
1347.05333628
1347.05333628
1347.05333628
1347.05333628
1347.05333628
1347.05333628
1347.05333628
1347.05333628
1347.05333628
1347.05333628
1347.05333628
1347.05333628
1347.05333628
1347.05333628
1347.05333628
1347.05333628
1347.05333628
1347.05333628
1347.05333628
1347.05333628
1347.05333628
1347.05333628
1347.05333628
1347.05333628
1347.05333628
1347.05333628
1347.05333628
1347.05333628
1347.05333628
1347.05333628
1347.05333628
1347.05333628
1347.05333628
1347.05333628
1347.05333628
1347.05333628
1347.05333628
1347.05333628
1347.05333628
1347.05333628
1347.05333628
1347.05333628
1347.05333628
1347.05333628
1347.05333628
1347.05333628
1347.05333628
1347.05333628
1347.05333628
1347.05333628
1347.05333628
1347.05333628
1347.05333628
1347.05333628
1347.05333628
1347.05333628
1347.05333628
1347.05333628
1347.05333628
1347.05333628
1347.05333628
1347.05333628
1347.05333628
1347.05333628
1347.05333628
1347.05333628
1347.05333628
1347.05333628
1347.05333628
1347.05333628
1347.05333628
1347.05333628
1347.05333628
1347.05333628
1347.05333628
1347.05333628
1347.05333628
1347.05333628
1347.05333628
1347.05333628
1347.05333628
1347.05333628
1347.05333628
1347.05333628
1347.05333628
1347.05333628
1347.05333628
1347.05333628
1347.05333628
1347.05333628
1347.05333628
1347.05333628
1347.05333628
1347.05333628
1347.05333628
1347.05333628
1347.05333628
1347.05333628
1347.05333628
1347.05333628
