1765.73283133
1603.83871704
1544.96343117
1544.96343117
1536.66513908
1536.66513908
1536.66513908
1536.66513908
1535.6278371
1510.08508599
1510.08508599
1510.08508599
1510.08508599
1510.08508599
1510.08508599
1490.36520703
1490.36520703
1490.36520703
1488.01980233
1488.01980233
1488.01980233
1488.01980233
1488.01980233
1488.01980233
1488.01980233
1488.01980233
1488.01980233
1488.01980233
1488.01980233
1488.01980233
1488.01980233
1488.01980233
1488.01980233
1483.20258602
1479.75864049
1473.54668475
1448.22149184
1448.22149184
1445.49447486
1444.43946781
1442.24893145
1439.42132318
1439.42132318
1433.21779548
1430.93343573
1430.93343573
1430.93343573
1429.06665345
1427.09445672
1427.09445672
1427.09445672
1425.85589007
1425.85589007
1425.85589007
1425.85589007
1425.85589007
1425.85589007
1425.85589007
1425.85589007
1425.85589007
1425.85589007
1425.85589007
1425.85589007
1425.85589007
1425.85589007
1425.85589007
1425.85589007
1425.85589007
1425.85589007
1425.85589007
1425.85589007
1425.85589007
1425.85589007
1425.85589007
1423.9790412
1423.9790412
1423.9790412
1423.9790412
1423.9790412
1423.9790412
1423.9790412
1423.9790412
1423.9790412
1423.9790412
1423.9790412
1423.9790412
1423.9790412
1423.9790412
1423.9790412
1423.9790412
1423.9790412
1423.9790412
1423.9790412
1423.9790412
1423.9790412
1423.9790412
1423.9790412
1423.9790412
1423.9790412
1423.9790412
1423.9790412
1423.9790412
1423.9790412
1423.9790412
1423.9790412
1423.9790412
1423.9790412
1423.9790412
1423.9790412
1423.9790412
1423.9790412
1423.9790412
1423.9790412
1423.9790412
1423.9790412
1423.9790412
1423.9790412
1423.9790412
1423.9790412
1423.9790412
1423.9790412
1423.9790412
1423.9790412
1423.9790412
1423.9790412
1423.9790412
1423.9790412
1423.9790412
1423.9790412
1423.9790412
1423.9790412
1423.9790412
1423.9790412
1423.9790412
1423.9790412
1423.9790412
1423.9790412
1423.9790412
1423.9790412
1423.9790412
1423.9790412
1423.9790412
1423.9790412
1423.9790412
1423.9790412
1423.9790412
1423.9790412
1423.9790412
1423.9790412
1423.9790412
1423.9790412
1423.9790412
1423.9790412
1423.9790412
1423.9790412
1423.9790412
1423.9790412
1423.9790412
1423.9790412
1423.9790412
1423.9790412
1423.9790412
1423.9790412
1423.9790412
1423.9790412
1423.9790412
1423.9790412
1423.9790412
1423.9790412
1423.9790412
1423.9790412
1423.9790412
1423.9790412
1423.9790412
1423.9790412
1423.9790412
1423.9790412
1423.9790412
1423.9790412
1423.9790412
1423.9790412
1423.9790412
1423.9790412
1423.9790412
1423.9790412
1423.9790412
1423.9790412
1423.9790412
1423.9790412
1415.9439281
1407.83816766
1407.83816766
1407.83816766
1407.83816766
1407.83816766
1407.83816766
1407.83816766
1407.83816766
1407.83816766
1407.83816766
1407.83816766
1407.83816766
1407.83816766
1407.74401642
1407.74401642
1407.40145149
1407.40145149
1405.62088313
1405.62088313
1405.62088313
1405.62088313
1405.62088313
1405.62088313
1404.65427288
1401.75292235
1401.75292235
1394.93020234
1394.93020234
1394.93020234
1394.93020234
1394.93020234
1394.93020234
1394.93020234
1394.93020234
1394.93020234
1394.93020234
1394.93020234
1394.93020234
1394.93020234
1394.93020234
1394.93020234
1394.93020234
1394.93020234
1394.93020234
1394.93020234
1394.93020234
1394.93020234
1394.93020234
1394.93020234
1394.93020234
1394.93020234
1394.93020234
1394.93020234
1394.93020234
1394.93020234
1394.93020234
1394.93020234
1394.93020234
1394.93020234
1394.93020234
1394.93020234
1394.93020234
1394.93020234
1394.93020234
1394.93020234
1394.93020234
1394.93020234
1394.93020234
1394.93020234
1394.93020234
1394.93020234
1394.93020234
1394.93020234
1394.93020234
1394.93020234
1394.93020234
1394.93020234
1394.93020234
1394.93020234
1394.93020234
1394.93020234
1394.93020234
1394.93020234
1394.93020234
1394.93020234
1394.93020234
1394.93020234
1394.93020234
1394.93020234
1394.93020234
1394.93020234
1394.93020234
1394.93020234
1394.93020234
1394.93020234
1394.93020234
1394.93020234
1394.93020234
1394.93020234
1394.93020234
1394.93020234
1394.93020234
1394.93020234
1394.93020234
1394.93020234
1394.93020234
1394.93020234
1394.93020234
1394.93020234
1394.93020234
1394.93020234
1394.93020234
1394.93020234
1394.93020234
1394.93020234
1394.93020234
1394.93020234
1394.93020234
1394.93020234
1394.93020234
1394.93020234
1394.93020234
1394.93020234
1394.93020234
1394.93020234
1394.93020234
1394.93020234
1394.93020234
1394.93020234
1394.93020234
1394.93020234
1394.93020234
1394.93020234
1394.93020234
1394.93020234
1394.93020234
1394.93020234
1394.93020234
1394.93020234
1394.93020234
1394.93020234
1394.93020234
1394.93020234
1394.93020234
1394.93020234
1394.93020234
1394.93020234
1394.93020234
1394.93020234
1394.93020234
1394.93020234
1394.93020234
1394.93020234
1394.93020234
1394.93020234
1394.93020234
1394.93020234
1394.93020234
1394.93020234
1394.93020234
1394.93020234
1394.93020234
1394.93020234
1394.93020234
1394.93020234
1394.93020234
1394.93020234
1394.93020234
1394.93020234
1394.93020234
1394.93020234
1394.93020234
1394.93020234
1394.93020234
1394.93020234
1394.93020234
1394.93020234
1394.93020234
1394.93020234
1394.93020234
1394.93020234
1394.93020234
1394.93020234
1394.93020234
1394.93020234
1394.93020234
1394.93020234
1394.93020234
1394.93020234
1394.93020234
1394.93020234
1394.93020234
1394.93020234
1394.93020234
1394.93020234
1394.93020234
1394.93020234
1394.93020234
1394.93020234
1394.93020234
1394.93020234
1394.93020234
1394.93020234
1394.93020234
1394.93020234
1394.93020234
1394.93020234
1394.93020234
1394.93020234
1394.93020234
1394.93020234
1394.93020234
1394.93020234
1394.93020234
1394.93020234
1394.93020234
1394.93020234
1394.93020234
1394.93020234
1394.93020234
1394.93020234
1394.93020234
1394.93020234
1394.93020234
1394.93020234
1394.93020234
1394.93020234
1394.93020234
1394.93020234
1394.93020234
1394.93020234
1394.93020234
1394.93020234
1394.93020234
1394.93020234
1394.93020234
1394.93020234
1394.93020234
1394.93020234
1394.93020234
1394.93020234
1394.93020234
1394.93020234
1394.93020234
1394.93020234
1394.93020234
1394.93020234
1394.93020234
1394.93020234
1394.93020234
1394.93020234
1394.93020234
1394.93020234
1394.93020234
1394.93020234
1394.93020234
1394.93020234
1394.93020234
1394.93020234
1394.93020234
1394.93020234
1394.93020234
1394.93020234
1394.93020234
1394.93020234
1394.93020234
1394.93020234
1394.93020234
1394.93020234
1394.93020234
1394.93020234
1394.93020234
1394.93020234
1394.93020234
1394.93020234
1394.93020234
1394.93020234
1394.93020234
1394.93020234
1394.93020234
1394.93020234
1394.93020234
1394.93020234
1394.93020234
1394.93020234
1394.93020234
1394.93020234
1394.93020234
1394.93020234
1394.93020234
1394.93020234
1394.93020234
1394.93020234
1394.93020234
1394.93020234
1394.93020234
1394.93020234
1394.93020234
1394.93020234
1394.93020234
1394.93020234
1394.93020234
1394.93020234
1394.93020234
1394.93020234
1394.93020234
1394.93020234
1394.93020234
1394.93020234
1394.93020234
1394.93020234
1394.93020234
1394.93020234
1394.93020234
1394.93020234
1394.93020234
1394.93020234
1394.93020234
1394.93020234
1394.93020234
1394.93020234
1394.93020234
1394.93020234
1394.93020234
1394.93020234
1394.93020234
1394.93020234
1394.93020234
1394.93020234
1394.93020234
1394.93020234
1394.93020234
1394.93020234
1394.93020234
1394.93020234
1394.93020234
1394.93020234
1394.93020234
1394.93020234
1394.93020234
1394.93020234
1394.93020234
1394.93020234
1394.93020234
1394.93020234
1394.93020234
1394.93020234
1394.93020234
1394.93020234
1394.93020234
1394.93020234
1394.93020234
1394.93020234
1394.93020234
1394.93020234
1394.93020234
1394.93020234
1394.93020234
1394.93020234
1394.93020234
1394.93020234
1394.93020234
1394.93020234
1394.93020234
1394.93020234
1394.93020234
1394.93020234
1394.93020234
1394.93020234
1394.93020234
1394.93020234
1394.93020234
1394.93020234
1394.93020234
1394.93020234
1394.93020234
1394.93020234
1394.93020234
1394.93020234
1394.93020234
1394.93020234
1394.93020234
1394.93020234
1394.93020234
1394.93020234
1394.93020234
1394.93020234
1394.93020234
1394.93020234
1394.93020234
1394.93020234
1394.93020234
1394.93020234
1394.93020234
1394.93020234
1394.93020234
1394.93020234
1394.93020234
1394.93020234
1394.93020234
1394.93020234
1394.93020234
1394.93020234
1394.93020234
1394.93020234
1394.93020234
1394.93020234
1394.93020234
1394.93020234
1394.93020234
1394.93020234
1394.93020234
1394.93020234
1394.93020234
1394.93020234
1394.93020234
1394.93020234
1394.93020234
1394.93020234
1394.93020234
1394.93020234
1394.93020234
1394.93020234
1394.93020234
1394.93020234
1394.93020234
1394.93020234
1394.93020234
1394.93020234
1394.93020234
1394.93020234
1394.93020234
1394.93020234
1394.93020234
1394.93020234
1394.93020234
1394.93020234
1394.93020234
1394.93020234
1394.93020234
1394.93020234
1394.93020234
1394.93020234
1394.93020234
1394.93020234
1394.93020234
1394.93020234
1394.93020234
1394.93020234
1394.93020234
1394.93020234
1394.93020234
1394.93020234
1394.93020234
1394.93020234
1394.93020234
1394.93020234
1394.93020234
1394.93020234
1394.93020234
1394.93020234
1394.93020234
1394.93020234
1394.93020234
1394.93020234
1394.93020234
1394.93020234
1394.93020234
1394.93020234
1394.93020234
1394.93020234
1394.93020234
1394.93020234
1394.93020234
1394.93020234
1394.93020234
1394.93020234
1394.93020234
1394.93020234
1394.93020234
1394.93020234
1394.93020234
1394.93020234
1394.93020234
1394.93020234
1394.93020234
1394.93020234
1394.93020234
1394.93020234
1394.93020234
1394.93020234
1394.93020234
1394.93020234
1394.93020234
1394.93020234
1394.93020234
1394.93020234
1394.93020234
1394.93020234
1394.93020234
1394.93020234
1394.93020234
1394.93020234
1394.93020234
1394.93020234
1394.93020234
1394.93020234
1394.93020234
1394.93020234
1394.93020234
1394.93020234
1394.93020234
1394.93020234
1394.93020234
1394.93020234
1394.93020234
1394.93020234
1394.93020234
1394.93020234
1394.93020234
1394.93020234
1394.93020234
1394.93020234
1394.93020234
1394.93020234
1394.93020234
1394.93020234
1394.93020234
1394.93020234
1394.93020234
1394.93020234
1394.93020234
1394.93020234
1394.93020234
1394.93020234
1394.93020234
1394.93020234
1394.93020234
1394.93020234
1394.93020234
1394.93020234
1394.93020234
1394.93020234
1394.93020234
1394.93020234
1394.93020234
1394.93020234
1394.93020234
1394.93020234
1394.93020234
1394.93020234
1394.93020234
1394.93020234
1394.93020234
1394.93020234
1394.93020234
1394.93020234
1394.93020234
1394.93020234
1394.93020234
1394.93020234
1394.93020234
1394.93020234
1394.93020234
1394.93020234
1394.93020234
1394.93020234
1394.93020234
1394.93020234
1394.93020234
1394.93020234
1394.93020234
1394.93020234
1394.93020234
1394.93020234
1394.93020234
1394.93020234
1394.93020234
1394.93020234
1394.93020234
1394.93020234
1394.93020234
1394.93020234
1394.93020234
1394.93020234
1394.93020234
1394.93020234
1394.93020234
1394.93020234
1394.93020234
1394.93020234
1394.93020234
1394.93020234
1394.93020234
1394.93020234
1394.93020234
1394.93020234
1394.93020234
1394.93020234
1394.93020234
1394.93020234
1394.93020234
1394.93020234
1394.93020234
1394.93020234
1394.93020234
1394.93020234
1394.93020234
1394.93020234
1394.93020234
1394.93020234
1394.93020234
1394.93020234
1394.93020234
1394.93020234
1394.93020234
1394.93020234
1394.93020234
1394.93020234
1394.93020234
1394.93020234
1394.93020234
1394.93020234
1394.93020234
1394.93020234
1394.93020234
1394.93020234
1394.93020234
1394.93020234
1394.93020234
1394.93020234
1394.93020234
1394.93020234
1394.93020234
1394.93020234
1394.93020234
1394.93020234
1394.93020234
1394.93020234
1394.93020234
1394.93020234
1394.93020234
1394.93020234
1394.93020234
1394.93020234
1394.93020234
1394.93020234
1394.93020234
1394.93020234
1394.93020234
1394.93020234
1394.93020234
1394.93020234
1394.93020234
1394.93020234
1394.93020234
1394.93020234
1394.93020234
1394.93020234
1394.93020234
1394.93020234
1394.93020234
1394.93020234
1394.93020234
1394.93020234
1394.93020234
1394.93020234
1394.93020234
1394.93020234
1394.93020234
1394.93020234
1394.93020234
1394.93020234
1394.93020234
1394.93020234
1394.93020234
1394.93020234
1394.93020234
1394.93020234
1394.93020234
1394.93020234
1394.93020234
1394.93020234
1394.93020234
1394.93020234
1394.93020234
1394.93020234
1394.93020234
1394.93020234
1394.93020234
1394.93020234
1394.93020234
1394.93020234
1394.93020234
1394.93020234
1394.93020234
1394.93020234
1394.93020234
1394.93020234
1394.93020234
1394.93020234
1394.93020234
1394.93020234
1394.93020234
1394.93020234
1394.93020234
1394.93020234
1394.93020234
1394.93020234
1394.93020234
1394.93020234
1394.93020234
1394.93020234
1394.93020234
1394.93020234
1394.93020234
1394.93020234
1394.93020234
1394.93020234
1394.93020234
1394.93020234
1394.93020234
1394.93020234
1394.93020234
1394.93020234
1394.93020234
1394.93020234
1394.93020234
1394.93020234
1394.93020234
1394.93020234
1394.93020234
1394.93020234
1394.93020234
1394.93020234
1394.93020234
1394.93020234
1394.93020234
1394.93020234
1394.93020234
1394.93020234
1394.93020234
1394.93020234
1394.93020234
1394.93020234
1394.93020234
1394.93020234
1394.93020234
1394.93020234
1394.93020234
1394.93020234
1394.93020234
1394.93020234
1394.93020234
1394.93020234
1394.93020234
1394.93020234
1394.93020234
1394.93020234
1394.93020234
1394.93020234
1394.93020234
1394.93020234
1394.93020234
1394.93020234
1394.93020234
1394.93020234
1394.93020234
1394.93020234
1394.93020234
1394.93020234
1394.93020234
1394.93020234
1394.93020234
1394.93020234
1394.93020234
1394.93020234
1394.93020234
1394.93020234
1394.93020234
1394.93020234
1394.93020234
1394.93020234
1394.93020234
1394.93020234
1394.93020234
1394.93020234
1394.93020234
1394.93020234
1394.93020234
1394.93020234
1394.93020234
1394.93020234
1394.93020234
1394.93020234
1394.93020234
1394.93020234
1394.93020234
1394.93020234
1394.93020234
1394.93020234
1394.93020234
1394.93020234
1394.93020234
1394.93020234
1394.93020234
1394.93020234
1394.93020234
1394.93020234
1394.93020234
