25 500
  0     40.0     50.0       0.0      960.0      0.0       0.0       0.0  
  1     25.0     85.0       0.0      911.0     10.0       4.0      20.0  
  2     22.0     75.0       0.0      919.0     10.0      30.0      30.0  
  3     22.0     85.0       0.0      910.0     10.0       9.0      10.0  
  4     20.0     80.0      644.0     764.0     10.0      32.0      40.0  
  5     20.0     85.0       0.0      909.0     10.0      17.0      20.0  
  6     18.0     75.0      388.0     508.0     10.0      17.0      20.0  
  7     15.0     75.0       0.0      914.0     10.0       6.0      20.0  
  8     15.0     80.0      367.0     487.0     10.0       3.0      10.0  
  9     10.0     35.0      371.0     491.0     10.0      15.0      20.0  
 10     10.0     40.0      519.0     639.0     10.0      27.0      30.0  
 11      8.0     40.0      195.0     315.0     10.0      39.0      40.0  
 12      8.0     45.0       0.0      917.0     10.0      16.0      20.0  
 13      5.0     35.0      653.0     773.0     10.0       8.0      10.0  
 14      5.0     45.0      35.0      155.0     10.0       7.0      10.0  
 15      2.0     40.0      174.0     294.0     10.0      18.0      20.0  
 16      0.0     40.0      255.0     375.0     10.0       1.0      20.0  
 17      0.0     45.0      703.0     823.0     10.0      11.0      20.0  
 18     44.0      5.0      335.0     455.0     10.0      14.0      20.0  
 19     42.0     10.0      254.0     374.0     10.0      23.0      40.0  
 20     42.0     15.0      537.0     657.0     10.0       4.0      10.0  
 21     40.0      5.0       0.0      905.0     10.0       0.0      10.0  
 22     40.0     15.0      375.0     495.0     10.0      18.0      40.0  
 23     38.0      5.0      201.0     321.0     10.0      27.0      30.0  
 24     38.0     15.0      681.0     801.0     10.0       6.0      10.0  
 25     35.0      5.0      784.0     904.0     10.0      18.0      20.0  
 26     95.0     30.0       0.0      891.0     10.0      22.0      30.0  
 27     95.0     35.0      146.0     266.0     10.0      11.0      20.0  
 28     92.0     30.0      149.0     269.0     10.0       6.0      10.0  
 29     90.0     35.0      194.0     314.0     10.0       4.0      10.0  
 30     88.0     30.0      246.0     366.0     10.0       2.0      10.0  
 31     88.0     35.0       0.0      899.0     10.0      17.0      20.0  
 32     87.0     30.0      621.0     741.0     10.0       2.0      10.0  
 33     85.0     25.0      80.0      200.0     10.0       3.0      10.0  
 34     85.0     35.0       0.0      902.0     10.0       8.0      30.0  
 35     67.0     85.0      657.0     777.0     10.0      10.0      20.0  
 36     65.0     85.0      43.0      163.0     10.0       4.0      40.0  
 37     65.0     82.0       0.0      909.0     10.0       8.0      10.0  
 38     62.0     80.0      278.0     398.0     10.0       5.0      30.0  
 39     60.0     80.0      64.0      184.0     10.0       1.0      10.0  
 40     60.0     85.0      329.0     449.0     10.0      17.0      30.0  
 41     58.0     75.0      376.0     496.0     10.0      18.0      20.0  
 42     55.0     80.0      33.0      153.0     10.0       8.0      10.0  
 43     55.0     85.0      574.0     694.0     10.0       6.0      20.0  
 44     55.0     82.0      217.0     337.0     10.0       6.0      10.0  
 45     20.0     82.0      37.0      157.0     10.0       5.0      10.0  
 46     18.0     80.0      489.0     609.0     10.0      10.0      10.0  
 47      2.0     45.0      105.0     225.0     10.0       9.0      10.0  
 48     42.0      5.0       0.0      904.0     10.0       3.0      10.0  
 49     42.0     12.0      440.0     560.0     10.0       2.0      10.0  
 50     72.0     35.0       0.0      914.0     10.0      29.0      30.0  
 51     55.0     20.0      326.0     446.0     10.0      29.0      19.0  
 52     25.0     30.0       0.0      925.0     10.0       4.0       3.0  
 53     20.0     50.0      375.0     495.0     10.0       9.0       5.0  
 54     55.0     60.0      601.0     721.0     10.0       5.0      16.0  
 55     30.0     60.0      599.0     719.0     10.0       4.0      16.0  
 56     50.0     35.0      557.0     677.0     10.0      24.0      19.0  
 57     30.0     25.0      397.0     517.0     10.0      26.0      23.0  
 58     15.0     10.0      782.0     902.0     10.0       8.0      20.0  
 59     10.0     20.0       0.0      907.0     10.0      24.0      19.0  
 60     15.0     60.0      694.0     814.0     10.0      26.0      17.0  
 61     45.0     65.0      258.0     378.0     10.0      11.0       9.0  
 62     65.0     35.0      167.0     287.0     10.0       4.0       3.0  
 63     65.0     20.0      39.0      159.0     10.0       6.0       6.0  
 64     45.0     30.0      191.0     311.0     10.0      26.0      17.0  
 65     35.0     40.0      11.0      131.0     10.0       4.0      16.0  
 66     41.0     37.0      566.0     686.0     10.0      12.0      16.0  
 67     64.0     42.0      268.0     388.0     10.0      13.0       9.0  
 68     40.0     60.0      612.0     732.0     10.0      26.0      21.0  
 69     31.0     52.0      157.0     277.0     10.0      52.0      27.0  
 70     35.0     69.0      810.0     930.0     10.0      43.0      23.0  
 71     65.0     55.0      241.0     361.0     10.0      13.0      14.0  
 72     63.0     65.0       0.0      922.0     10.0       7.0       8.0  
 73      2.0     60.0      286.0     406.0     10.0       8.0       5.0  
 74     20.0     20.0      645.0     765.0     10.0       5.0       8.0  
 75      5.0      5.0       0.0      892.0     10.0       7.0      16.0  
 76     60.0     12.0      268.0     388.0     10.0      57.0      31.0  
 77     23.0      3.0      764.0     884.0     10.0       7.0       7.0  
 78      8.0     56.0      365.0     485.0     10.0      47.0      27.0  
 79      6.0     68.0      352.0     472.0     10.0      19.0      30.0  
 80     47.0     47.0      822.0     942.0     10.0      20.0      13.0  
 81     49.0     58.0      355.0     475.0     10.0       3.0      10.0  
 82     27.0     43.0       0.0      935.0     10.0      16.0       9.0  
 83     37.0     31.0       0.0      930.0     10.0       4.0      14.0  
 84     57.0     29.0      395.0     515.0     10.0       4.0      18.0  
 85     63.0     23.0       0.0      914.0     10.0       1.0       2.0  
 86     21.0     24.0      349.0     469.0     10.0      14.0      28.0  
 87     12.0     24.0      359.0     479.0     10.0      25.0      13.0  
 88     24.0     58.0      260.0     380.0     10.0      25.0      19.0  
 89     67.0      5.0      713.0     833.0     10.0      47.0      25.0  
 90     37.0     47.0      359.0     479.0     10.0       5.0       6.0  
 91     49.0     42.0       0.0      937.0     10.0      13.0      13.0  
 92     53.0     43.0      14.0      134.0     10.0       9.0      14.0  
 93     61.0     52.0      808.0     928.0     10.0       5.0       3.0  
 94     57.0     48.0       0.0      932.0     10.0      40.0      23.0  
 95     56.0     37.0       0.0      929.0     10.0       1.0       6.0  
 96     55.0     54.0       0.0      934.0     10.0      25.0      26.0  
 97      4.0     18.0      547.0     667.0     10.0      52.0      35.0  
 98     26.0     52.0       0.0      935.0     10.0      17.0       9.0  
 99     26.0     35.0      308.0     428.0     10.0      16.0      15.0  
 100    31.0     67.0      810.0     930.0     10.0       4.0       3.0  
