2 48 4 200
   0      -29.73      64.136       399.0        525.0         2.0          9.0          12.0   
   1      -30.664     5.463        121.0        299.0         7.0          7.0          8.0    
   2      51.642      5.469        389.0        483.0         21.0         4.0          16.0   
   3      -13.171     69.336       204.0        304.0         24.0         7.0          5.0    
   4      -67.413     68.323       317.0        458.0         1.0          5.0          12.0   
   5      48.907      6.274        160.0        257.0         17.0         7.0          5.0    
   6       5.243      22.26        170.0        287.0         6.0          23.0         13.0   
   7      -65.002     77.234       215.0        321.0         5.0          19.0         20.0   
   8      -4.175      -1.569        80.0        233.0         7.0          19.0         13.0   
   9      23.029      11.639        90.0        206.0         1.0          18.0         18.0   
  10      25.482      6.287        397.0        525.0         4.0          12.0         7.0    
  11      -42.615    -26.392       271.0        420.0         10.0         1.0          6.0    
  12      -76.672     99.341       108.0        266.0         2.0          15.0         9.0    
  13      -20.673     57.892       340.0        462.0         16.0         16.0         9.0    
  14      -52.039     6.567        226.0        377.0         23.0         2.0          4.0    
  15      -41.376     50.824       446.0        604.0         18.0         25.0         25.0   
  16      -91.943     27.588       444.0        566.0         3.0          7.0          5.0    
  17      -65.118     30.212       434.0        557.0         15.0         32.0         17.0   
  18      18.597      96.716       319.0        460.0         13.0         3.0          3.0    
  19      -40.942     83.209       192.0        312.0         10.0         12.0         16.0   
  20      -37.756    -33.325       414.0        572.0         4.0          46.0         25.0   
  21      23.767      29.083       371.0        462.0         23.0         31.0         21.0   
  22      -43.03      20.453       378.0        472.0         20.0         5.0          14.0   
  23      -35.297    -24.896       308.0        477.0         10.0         29.0         19.0   
  24      -54.755     14.368       329.0        444.0         4.0          2.0          14.0   
  25      -49.329     33.374       269.0        377.0         2.0          1.0          6.0    
  26      57.404      23.822       398.0        494.0         23.0         11.0         16.0   
  27      -22.754     55.408       257.0        416.0         6.0          11.0         9.0    
  28      -56.622     73.34        198.0        294.0         8.0          11.0         20.0   
  29      -38.562     -3.705       375.0        467.0         10.0         24.0         13.0   
  30      -16.779     19.537       200.0        338.0         7.0          2.0          10.0   
  31      -11.56      11.615       456.0        632.0         1.0          5.0          16.0   
  32      -46.545     97.974        72.0        179.0         21.0         33.0         19.0   
  33      16.229       9.32        182.0        282.0         6.0          1.0          22.0   
  34       1.294      7.349        159.0        306.0         4.0          7.0          14.0   
  35      -26.404     29.529       321.0        500.0         13.0         1.0          10.0   
  36       4.352      14.685       322.0        430.0         9.0          15.0         11.0   
  37      -50.665    -23.126       443.0        564.0         22.0         21.0         15.0   
  38      -22.833     -9.814       207.0        348.0         22.0         17.0         13.0   
  39       -71.1     -18.616       457.0        588.0         18.0         16.0         15.0   
  40      -7.849      32.074       203.0        382.0         10.0         1.0          8.0    
  41      11.877     -24.933        75.0        167.0         25.0         10.0         22.0   
  42      -18.927     -23.73       459.0        598.0         23.0         9.0          24.0   
  43      -11.92      11.755       174.0        332.0         4.0          6.0          3.0    
  44       29.84      11.633       130.0        225.0         9.0          30.0         25.0   
  45      12.268     -55.811       169.0        283.0         17.0         29.0         19.0   
  46      -37.933    -21.613       115.0        232.0         10.0         32.0         21.0   
  47      42.883      -2.966       414.0        531.0         17.0         0.0          10.0   
  48       4.163      13.559        0.0         1000.0        0.0          0.0          0.0    
  49      21.387      17.105        0.0         1000.0        0.0          0.0          0.0    
  50      -36.118     49.097        0.0         1000.0        0.0          0.0          0.0    
  51      -31.201     0.235         0.0         1000.0        0.0          0.0          0.0    