1510.6651651409998
1492.1351428480002
1461.9483149930002
1450.5749853500001
1436.0550205980003
1420.606755995
1407.796202492
1398.53515088
1389.7793985
1384.96787926
1382.7618366429997
1377.69023353
1375.645775003
1363.814926377
1354.163040122
1347.9127259640002
1336.9012765490002
1332.2707073200002
1330.39666436
1327.662856466
1316.8508925289998
1315.052410266
1308.435635955
1304.2157628179998
1296.3875480259999
1293.952721359
1293.8035951830002
1292.144108033
1286.653524291
1282.868134134
1275.969519375
1275.58564869
1271.514266488
1271.144049407
1270.577939533
1270.145719306
1269.980426284
1268.192641281
1267.335720463
1266.7067088050003
1266.5518362100001
1263.5371812409999
1262.960028737
1262.674794044
1260.456477379
1259.477195178
1258.6386493720001
1258.1759134750002
1257.9320022890001
1257.733058589
1256.725068757
1255.4544448450001
1255.007482726
1253.1373007349998
1252.369412178
1252.362384517
1252.362384517
1251.239140271
1250.976742099
1250.864114588
1250.857086927
1250.5671412099998
1249.9687942289997
1249.7867299579998
1249.5340002809999
1249.5340002809999
1249.5340002809999
1249.5340002809999
1249.5340002809999
1249.5340002809999
1249.34612359
1249.305798383
1249.0385415439998
1249.034399879
1247.684192446
1246.655741401
1246.1824359559998
1246.1687148749998
1246.0184219299997
1246.0184219299997
1246.0184219299997
1246.0184219299997
1245.326243133
1245.326243133
1245.326243133
1245.326243133
1245.326243133
1245.326243133
1245.2973549609999
1245.2973549609999
1245.180280613
1245.145416269
1243.960551528
1243.960551528
1243.650550347
1243.4634758500001
1243.230784053
1243.063422066
1243.063422066
1242.753420885
1242.382624066
1242.34229886
1242.34229886
1242.34229886
1242.34229886
1242.34229886
1242.34229886
1242.34229886
1242.34229886
1242.34229886
1242.34229886
1242.051928655
1242.051928655
1242.051928655
1242.051928655
1242.051928655
1242.051928655
1242.051928655
1241.969714287
1241.468427627
1241.468427627
1241.468427627
1241.468427627
1241.468427627
1241.468427627
1241.468427627
1241.413010357
1241.413010357
1241.413010357
1241.413010357
1241.2259358610002
1241.2259358610002
1240.4421428459998
1240.4421428459998
1240.181842208
1240.181842208
1239.783763071
1239.783763071
1239.783763071
1239.783763071
1239.738875642
1239.738875642
1239.738875642
1239.738875642
1239.738875642
1239.738875642
1239.738875642
1239.03938462
1239.03938462
1239.03938462
1239.03938462
1239.03938462
1239.03938462
1239.03938462
1239.03938462
1239.03938462
1239.03938462
1239.03938462
1239.03938462
1239.03938462
1239.03938462
1239.03938462
1239.03938462
1239.03938462
1239.03938462
1239.03938462
1239.03938462
1238.7823417949999
1238.7823417949999
1238.7823417949999
1238.7823417949999
1238.7823417949999
1238.7823417949999
1238.7823417949999
1238.7823417949999
1238.7823417949999
1238.7823417949999
1238.7823417949999
1238.7823417949999
1238.679265529
1238.679265529
1238.679265529
1238.679265529
1238.5583182300002
1238.5583182300002
1238.5583182300002
1238.5583182300002
1238.5583182300002
1238.5583182300002
1238.5583182300002
1238.5583182300002
1238.5583182300002
1238.525331771
1238.525331771
1238.525331771
1238.525331771
1238.525331771
1238.525331771
1238.268288946
1237.74659411
1237.74659411
1237.74659411
1237.74659411
1237.74659411
1237.74659411
1237.74659411
1237.74659411
1237.74659411
1237.74659411
1237.74659411
1237.74659411
1237.74659411
1237.74659411
1237.74659411
1237.74659411
1237.74659411
1237.74659411
1237.74659411
1237.74659411
1237.74659411
1237.74659411
1237.74659411
1237.74659411
1237.74659411
1237.74659411
1237.709399392
1237.709399392
1237.709399392
1237.709399392
1237.709399392
1237.709399392
1237.709399392
1237.709399392
1237.709399392
1237.709399392
1237.709399392
1237.709399392
1237.709399392
1237.709399392
1237.709399392
1237.709399392
1237.709399392
1237.709399392
1237.709399392
1237.709399392
1237.709399392
1237.709399392
1237.709399392
1237.709399392
1237.709399392
1237.709399392
1237.709399392
1237.709399392
1237.709399392
1237.709399392
1237.709399392
1237.709399392
1237.709399392
1237.709399392
1237.2480410399999
1236.837963822
1236.837963822
1236.724939916
1236.270116789
1236.270116789
1236.270116789
1236.270116789
1236.270116789
1236.270116789
1236.270116789
1236.270116789
1236.270116789
1236.270116789
1236.270116789
1236.270116789
1236.270116789
1236.270116789
1235.9618758889999
1235.9618758889999
1235.9618758889999
1235.9618758889999
1235.9618758889999
1235.9618758889999
1235.9618758889999
1235.9618758889999
1235.9618758889999
1235.9618758889999
1235.9618758889999
1235.9618758889999
1235.530075832
1235.530075832
1235.530075832
1235.530075832
1235.530075832
1235.530075832
1235.530075832
1235.530075832
1235.530075832
1235.530075832
1235.530075832
1235.530075832
1235.530075832
1235.530075832
1235.530075832
1235.530075832
1235.530075832
1235.530075832
1235.530075832
1235.530075832
1235.530075832
1235.530075832
1235.530075832
1235.530075832
1235.530075832
1235.530075832
1235.530075832
1235.530075832
1235.530075832
1235.530075832
1235.530075832
1235.530075832
1235.530075832
1235.530075832
1235.530075832
1235.530075832
1235.530075832
1235.530075832
1235.530075832
1235.530075832
1235.530075832
1235.530075832
1235.530075832
1235.530075832
1235.530075832
1235.530075832
1235.530075832
1235.530075832
1235.530075832
1235.530075832
1235.530075832
1235.530075832
1235.530075832
1235.530075832
1235.530075832
1235.530075832
1235.530075832
1235.530075832
1235.530075832
1235.530075832
1235.530075832
1235.530075832
1235.530075832
1235.530075832
1235.530075832
1235.530075832
1235.530075832
1235.530075832
1235.530075832
1235.530075832
1235.530075832
1235.530075832
1235.530075832
1235.530075832
1235.530075832
1235.530075832
1235.530075832
1235.530075832
1235.530075832
1235.530075832
1235.530075832
1235.530075832
1235.530075832
1235.530075832
1235.530075832
1235.530075832
1235.530075832
1235.530075832
1235.530075832
1235.530075832
1235.530075832
1235.530075832
1235.530075832
1235.530075832
1235.530075832
1235.530075832
1235.530075832
1235.530075832
1235.236109086
1235.236109086
1235.236109086
1235.236109086
1235.236109086
1235.236109086
1235.236109086
1235.236109086
1235.236109086
1235.236109086
1235.236109086
1235.236109086
1235.236109086
1235.236109086
1235.236109086
1235.236109086
1235.236109086
1235.236109086
1235.236109086
1235.236109086
1235.236109086
1235.236109086
1235.236109086
1235.236109086
1235.236109086
1235.236109086
1235.236109086
1235.236109086
1235.236109086
1235.236109086
1235.236109086
1235.236109086
1235.236109086
1235.236109086
1235.236109086
1235.236109086
1235.236109086
1235.236109086
1235.236109086
1235.236109086
1235.236109086
1235.236109086
1235.236109086
1235.236109086
1235.236109086
1235.236109086
1235.236109086
1235.236109086
1235.236109086
1235.236109086
1235.236109086
1235.236109086
1235.236109086
1235.236109086
1235.236109086
1235.236109086
1235.236109086
1235.236109086
1235.236109086
1235.236109086
1235.236109086
1235.236109086
1235.236109086
1235.236109086
1235.236109086
1235.236109086
1235.236109086
1235.236109086
1235.236109086
1235.236109086
1235.236109086
1235.236109086
1235.236109086
1235.236109086
1235.236109086
1235.236109086
1235.236109086
1235.236109086
1235.236109086
1235.236109086
1235.236109086
1235.236109086
1235.236109086
1235.236109086
1235.236109086
1235.236109086
1235.236109086
1235.236109086
1235.236109086
1235.236109086
1235.236109086
1235.236109086
1235.236109086
1235.236109086
1235.236109086
1235.236109086
1235.236109086
1235.236109086
1235.236109086
1235.236109086
1235.236109086
1235.236109086
1235.236109086
1235.236109086
1235.236109086
1235.236109086
1235.236109086
1235.236109086
1235.236109086
1235.236109086
1235.236109086
1235.236109086
1235.236109086
1235.236109086
1235.236109086
1235.236109086
1235.236109086
1235.236109086
1235.236109086
1235.236109086
1235.236109086
1235.236109086
1235.236109086
1235.236109086
1235.236109086
1235.236109086
1235.236109086
1235.236109086
1235.236109086
1235.236109086
1235.236109086
1235.236109086
1235.236109086
1235.236109086
1235.236109086
1235.236109086
1235.236109086
1235.236109086
1235.236109086
1235.236109086
1235.236109086
1235.236109086
1235.236109086
1235.236109086
1235.236109086
1235.236109086
1235.236109086
1235.236109086
1235.236109086
1235.236109086
1235.236109086
1235.236109086
1235.236109086
1235.236109086
1235.236109086
1235.236109086
1235.236109086
1235.236109086
1235.236109086
1235.236109086
1235.236109086
1235.236109086
1235.236109086
1235.236109086
1235.236109086
1235.236109086
1235.236109086
1235.236109086
1235.236109086
1235.236109086
1235.236109086
1235.236109086
1235.236109086
1235.236109086
1235.236109086
1235.236109086
1235.236109086
1235.236109086
1235.236109086
1235.236109086
1235.236109086
1235.236109086
1235.236109086
1235.236109086
1235.236109086
1235.236109086
1235.236109086
1235.236109086
1235.236109086
1235.236109086
1235.236109086
1235.236109086
1235.236109086
1235.236109086
1235.236109086
1235.236109086
1235.236109086
1235.236109086
1235.236109086
1235.236109086
1235.236109086
1235.236109086
1235.236109086
1235.236109086
1235.236109086
1235.236109086
1235.236109086
1235.236109086
1235.236109086
1235.236109086
1235.236109086
1235.236109086
1235.236109086
1235.236109086
1235.236109086
1235.236109086
1235.236109086
1235.236109086
1235.236109086
1235.236109086
1235.236109086
1235.236109086
1235.236109086
1235.236109086
1235.236109086
1235.236109086
1235.236109086
1235.236109086
1235.236109086
1235.236109086
1235.236109086
1235.236109086
1235.236109086
1235.236109086
1235.236109086
1235.236109086
1235.236109086
1235.236109086
1235.236109086
1235.236109086
1235.236109086
1235.236109086
1235.236109086
1235.236109086
1235.236109086
1235.236109086
1235.236109086
1235.236109086
1235.236109086
1235.236109086
1235.236109086
1235.236109086
1235.236109086
1235.236109086
1235.236109086
1235.236109086
1235.236109086
1235.236109086
1235.236109086
1235.236109086
1235.236109086
1235.236109086
1235.236109086
1235.236109086
1235.236109086
1235.236109086
1235.236109086
1235.236109086
1235.236109086
1235.236109086
1235.236109086
1235.236109086
1235.236109086
1235.236109086
1235.236109086
1235.236109086
1235.236109086
1235.236109086
1235.236109086
1235.236109086
1235.236109086
1235.236109086
1235.236109086
1235.236109086
1235.236109086
1235.236109086
1235.236109086
1235.236109086
1235.236109086
1235.236109086
1235.236109086
1235.236109086
1235.236109086
1235.236109086
1235.236109086
1235.236109086
1235.236109086
1235.236109086
1235.236109086
1235.236109086
1235.236109086
1235.236109086
1235.236109086
1235.236109086
1235.236109086
1235.236109086
1235.236109086
1235.236109086
1235.236109086
1235.236109086
1235.236109086
1235.236109086
1235.236109086
1235.236109086
1235.236109086
1235.236109086
1235.236109086
1235.236109086
1235.236109086
1235.236109086
1235.236109086
1235.236109086
1235.236109086
1235.236109086
1235.236109086
1235.236109086
1235.236109086
1235.236109086
1235.236109086
1235.236109086
1235.236109086
1235.236109086
1235.236109086
1235.236109086
1235.236109086
1235.236109086
1235.236109086
1235.236109086
1235.236109086
1235.236109086
1235.236109086
1235.236109086
1235.236109086
1235.236109086
1235.236109086
1235.236109086
1235.236109086
1235.236109086
1235.236109086
1235.236109086
1235.236109086
1235.236109086
1235.236109086
1235.236109086
1235.236109086
1235.236109086
1235.236109086
1235.236109086
1235.236109086
1235.236109086
1235.236109086
1235.236109086
1235.236109086
1235.236109086
1235.236109086
1235.236109086
1235.236109086
1235.236109086
1235.236109086
1235.236109086
1235.236109086
1235.236109086
1235.236109086
1235.236109086
1235.236109086
1235.236109086
1235.236109086
1235.236109086
1235.236109086
1235.236109086
1235.236109086
1235.236109086
1235.236109086
1235.236109086
1235.236109086
1235.236109086
1235.236109086
1235.236109086
1235.236109086
1235.236109086
1235.236109086
1235.236109086
1235.236109086
1235.236109086
1235.236109086
1235.236109086
1235.236109086
1235.236109086
1235.236109086
1235.236109086
1235.236109086
1235.236109086
1235.236109086
1235.236109086
1235.236109086
1235.236109086
1235.236109086
1235.236109086
1235.236109086
1235.236109086
1235.236109086
1235.236109086
1235.236109086
1235.236109086
1235.236109086
1235.236109086
1235.236109086
1235.236109086
1235.236109086
1235.236109086
1235.236109086
1235.236109086
1235.236109086
1235.236109086
1235.236109086
1235.236109086
1235.236109086
1235.236109086
1235.236109086
1235.236109086
1235.236109086
1235.236109086
1235.236109086
1235.236109086
1235.236109086
1235.236109086
1235.236109086
1235.236109086
1235.236109086
1235.236109086
1235.236109086
1235.236109086
1235.236109086
1235.236109086
1235.236109086
1235.236109086
1235.236109086
1235.236109086
1235.236109086
1235.236109086
1235.236109086
1235.236109086
1235.236109086
1235.236109086
1235.236109086
1235.236109086
1235.236109086
1235.236109086
1235.236109086
1235.236109086
1235.236109086
1235.236109086
1235.236109086
1235.236109086
1235.236109086
1235.236109086
1235.236109086
1235.236109086
1235.236109086
1235.236109086
1235.236109086
1235.236109086
1235.236109086
1235.236109086
1235.236109086
1235.236109086
1235.236109086
1235.236109086
1235.236109086
1235.236109086
1235.236109086
1235.236109086
1235.236109086
1235.236109086
1235.236109086
1235.236109086
1235.236109086
1235.236109086
1235.236109086
1235.236109086
1235.236109086
1235.236109086
1235.236109086
1235.236109086
1235.236109086
1235.236109086
1235.236109086
1235.236109086
1235.236109086
1235.236109086
1235.236109086
1235.236109086
1235.236109086
1235.236109086
1235.236109086
1235.236109086
1235.236109086
1235.236109086
1235.236109086
1235.236109086
1235.236109086
1235.236109086
1235.236109086
1235.236109086
1235.236109086
1235.236109086
1235.236109086
1235.236109086
1235.236109086
1235.236109086
1235.236109086
1235.236109086
1235.236109086
1235.236109086
1235.236109086
1235.236109086
1235.236109086
1235.236109086
1235.236109086
1235.236109086
1235.236109086
1235.236109086
1235.236109086
1235.236109086
1235.236109086
1235.236109086
1235.236109086
1235.236109086
1235.236109086
1235.236109086
1235.236109086
1235.236109086
1235.236109086
1235.236109086
1235.236109086
1235.236109086
1235.236109086
1235.236109086
1235.236109086
1235.236109086
1235.236109086
1235.236109086
1235.236109086
1235.236109086
1235.236109086
1235.236109086
1235.236109086
1235.236109086
1235.236109086
1235.236109086
1235.236109086
1235.236109086
1235.236109086
1235.236109086
1235.236109086
1235.236109086
1235.236109086
1235.236109086
1235.236109086
1235.236109086
1235.236109086
1235.236109086
1235.236109086
1235.236109086
1235.236109086
1235.236109086
1235.236109086
1235.236109086
1235.236109086
1235.236109086
1235.236109086
1235.236109086
1235.236109086
1235.236109086
1235.236109086
1235.236109086
1235.236109086
1235.236109086
1235.236109086
1235.236109086
1235.236109086
1235.236109086
1235.236109086
1235.236109086
1235.236109086
1235.236109086
1235.236109086
1235.236109086
1235.236109086
1235.236109086
1235.236109086
1235.236109086
1235.236109086
1235.236109086
1235.236109086
1235.236109086
1235.236109086
1235.236109086
1235.236109086
1235.236109086
1235.236109086
1235.236109086
1235.236109086
