2063.2867439345455
1975.4875420309088
1903.3108347963635
1803.200906238182
1745.1277423018182
1713.1051175918183
1673.3793284463636
1600.6359167072726
1582.6066200918183
1541.43628776
1493.449541239091
1473.1727644263638
1422.6883577654544
1368.2268255581819
1333.8433321745454
1287.7280302043637
1222.682367802
1181.4808188931818
1138.082890955
1106.657646089909
1091.531493203818
1067.7470512904545
1013.5055778099999
981.1341420076365
965.9928707134545
952.1750688361818
940.3883190721818
928.1074933603638
927.5426218602727
921.7218332099092
920.7275708077275
907.0955437275456
904.7248867942727
903.2591958872728
901.6169027927274
898.5585151822728
897.5481942313637
889.2233756249093
888.7143044448184
883.9350833957274
882.4710231809091
878.2132710530909
878.0164051385455
873.1419715616365
862.6690621493639
862.6690621493639
861.6092465457274
856.986289670182
856.986289670182
856.986289670182
856.986289670182
856.986289670182
856.986289670182
856.986289670182
856.986289670182
856.986289670182
856.986289670182
856.986289670182
856.986289670182
856.986289670182
856.986289670182
856.986289670182
856.986289670182
856.986289670182
856.986289670182
856.986289670182
856.986289670182
856.986289670182
856.986289670182
856.986289670182
856.986289670182
856.868387570182
856.8143752256366
855.3711743747274
855.3711743747274
855.317162030182
855.2816513029094
850.2144669847274
850.160454640182
850.160454640182
850.160454640182
850.160454640182
850.160454640182
850.160454640182
850.160454640182
850.160454640182
850.160454640182
850.160454640182
850.160454640182
850.1249439129093
850.1249439129093
850.1249439129093
850.1249439129093
850.1249439129093
850.1249439129093
850.1249439129093
850.1249439129093
850.1249439129093
850.1249439129093
850.1249439129093
850.1249439129093
850.1249439129093
850.1249439129093
850.1249439129093
850.1249439129093
850.1249439129093
850.1249439129093
850.1249439129093
850.1249439129093
850.1249439129093
850.1249439129093
850.1249439129093
850.1249439129093
850.1249439129093
850.1249439129093
850.1249439129093
850.1249439129093
850.1249439129093
850.1249439129093
850.1249439129093
850.1249439129093
850.1249439129093
850.1249439129093
850.1249439129093
850.1249439129093
850.1249439129093
850.1249439129093
850.1249439129093
850.1249439129093
850.1249439129093
850.1249439129093
850.1249439129093
850.1249439129093
850.1249439129093
850.1249439129093
850.1249439129093
850.1249439129093
850.1249439129093
850.1249439129093
850.1249439129093
850.1249439129093
850.1249439129093
850.1249439129093
850.1249439129093
850.1249439129093
850.1249439129093
850.1249439129093
850.1249439129093
850.1249439129093
850.1249439129093
850.1249439129093
850.1249439129093
850.1249439129093
850.1249439129093
850.1249439129093
850.1249439129093
850.1249439129093
850.1249439129093
850.1249439129093
850.1249439129093
850.1249439129093
850.1249439129093
850.1249439129093
850.1249439129093
850.1249439129093
850.1249439129093
850.1249439129093
850.1249439129093
850.1249439129093
850.1249439129093
850.1249439129093
850.1249439129093
850.1249439129093
850.1249439129093
850.1249439129093
850.1249439129093
850.1249439129093
850.1249439129093
850.1249439129093
850.1249439129093
850.1249439129093
850.1249439129093
850.1249439129093
850.1249439129093
850.1249439129093
850.1249439129093
850.1249439129093
850.1249439129093
850.1249439129093
850.1249439129093
850.1249439129093
850.1249439129093
850.1249439129093
850.1249439129093
850.1249439129093
850.1249439129093
850.1249439129093
850.1249439129093
850.1249439129093
850.1249439129093
850.1249439129093
850.1249439129093
850.1249439129093
850.1249439129093
850.1249439129093
850.1249439129093
850.1249439129093
850.1249439129093
850.1249439129093
850.1249439129093
850.1249439129093
850.1249439129093
850.1249439129093
850.1249439129093
850.1249439129093
850.1249439129093
850.1249439129093
850.1249439129093
850.1249439129093
850.1249439129093
850.1249439129093
850.1249439129093
850.1249439129093
850.1249439129093
850.1249439129093
850.1249439129093
850.1249439129093
850.1249439129093
850.1249439129093
850.1249439129093
850.1249439129093
850.1249439129093
850.1249439129093
850.1249439129093
850.1249439129093
850.1249439129093
850.1249439129093
850.1249439129093
850.1249439129093
850.1249439129093
850.1249439129093
850.1249439129093
850.1249439129093
850.1249439129093
850.1249439129093
850.1249439129093
850.1249439129093
850.1249439129093
850.1249439129093
850.1249439129093
850.1249439129093
850.1249439129093
850.1249439129093
850.1249439129093
850.1249439129093
850.1249439129093
850.1249439129093
850.1249439129093
850.1249439129093
850.1249439129093
850.1249439129093
850.1249439129093
850.1249439129093
850.1249439129093
850.1249439129093
850.1249439129093
850.1249439129093
850.1249439129093
850.1249439129093
850.1249439129093
850.1249439129093
850.1249439129093
850.1249439129093
850.1249439129093
850.1249439129093
850.1249439129093
850.1249439129093
850.1249439129093
850.1249439129093
850.1249439129093
850.1249439129093
850.1249439129093
850.1249439129093
850.1249439129093
850.1249439129093
850.1249439129093
850.1249439129093
850.1249439129093
850.1249439129093
850.1249439129093
850.1249439129093
850.1249439129093
850.1249439129093
850.1249439129093
850.1249439129093
850.1249439129093
850.1249439129093
850.1249439129093
850.1249439129093
850.1249439129093
850.1249439129093
850.1249439129093
850.1249439129093
850.1249439129093
850.1249439129093
850.1249439129093
850.1249439129093
850.1249439129093
850.1249439129093
850.1249439129093
850.1249439129093
850.1249439129093
850.1249439129093
850.1249439129093
850.1249439129093
850.1249439129093
850.1249439129093
850.1249439129093
850.1249439129093
850.1249439129093
850.1249439129093
850.1249439129093
850.1249439129093
850.1249439129093
850.1249439129093
850.1249439129093
850.1249439129093
850.1249439129093
850.1249439129093
850.1249439129093
850.1249439129093
850.1249439129093
850.1249439129093
850.1249439129093
850.1249439129093
850.1249439129093
850.1249439129093
850.1249439129093
850.1249439129093
850.1249439129093
850.1249439129093
850.1249439129093
850.1249439129093
850.1249439129093
850.1249439129093
850.1249439129093
850.1249439129093
850.1249439129093
850.1249439129093
850.1249439129093
850.1249439129093
850.1249439129093
850.1249439129093
850.1249439129093
850.1249439129093
850.1249439129093
850.1249439129093
850.1249439129093
850.1249439129093
850.1249439129093
850.1249439129093
850.1249439129093
850.1249439129093
850.1249439129093
850.1249439129093
850.1249439129093
850.1249439129093
850.1249439129093
850.1249439129093
850.1249439129093
850.1249439129093
850.1249439129093
850.1249439129093
850.1249439129093
850.1249439129093
850.1249439129093
850.1249439129093
850.1249439129093
850.1249439129093
850.1249439129093
850.1249439129093
850.1249439129093
850.1249439129093
850.1249439129093
850.1249439129093
850.1249439129093
850.1249439129093
850.1249439129093
850.1249439129093
850.1249439129093
850.1249439129093
850.1249439129093
850.1249439129093
850.1249439129093
850.1249439129093
850.1249439129093
850.1249439129093
850.1249439129093
850.1249439129093
850.1249439129093
850.1249439129093
850.1249439129093
850.1249439129093
850.1249439129093
850.1249439129093
850.1249439129093
850.1249439129093
850.1249439129093
850.1249439129093
850.1249439129093
850.1249439129093
850.1249439129093
850.1249439129093
850.1249439129093
850.1249439129093
850.1249439129093
850.1249439129093
850.1249439129093
850.1249439129093
850.1249439129093
850.1249439129093
850.1249439129093
850.1249439129093
850.1249439129093
850.1249439129093
850.1249439129093
850.1249439129093
850.1249439129093
850.1249439129093
850.1249439129093
850.1249439129093
850.1249439129093
850.1249439129093
850.1249439129093
850.1249439129093
850.1249439129093
850.1249439129093
850.1249439129093
850.1249439129093
850.1249439129093
850.1249439129093
850.1249439129093
850.1249439129093
850.1249439129093
850.1249439129093
850.1249439129093
850.1249439129093
850.1249439129093
850.1249439129093
850.1249439129093
850.1249439129093
850.1249439129093
850.1249439129093
850.1249439129093
850.1249439129093
850.1249439129093
850.1249439129093
850.1249439129093
850.1249439129093
850.1249439129093
850.1249439129093
850.1249439129093
850.1249439129093
850.1249439129093
850.1249439129093
850.1249439129093
850.1249439129093
850.1249439129093
850.1249439129093
850.1249439129093
850.1249439129093
850.1249439129093
850.1249439129093
850.1249439129093
850.1249439129093
850.1249439129093
850.1249439129093
850.1249439129093
850.1249439129093
850.1249439129093
850.1249439129093
850.1249439129093
850.1249439129093
850.1249439129093
850.1249439129093
850.1249439129093
850.1249439129093
850.1249439129093
850.1249439129093
850.1249439129093
850.1249439129093
850.1249439129093
850.1249439129093
850.1249439129093
850.1249439129093
850.1249439129093
850.1249439129093
850.1249439129093
850.1249439129093
850.1249439129093
850.1249439129093
850.1249439129093
850.1249439129093
850.1249439129093
850.1249439129093
850.1249439129093
850.1249439129093
850.1249439129093
850.1249439129093
850.1249439129093
850.1249439129093
850.1249439129093
850.1249439129093
850.1249439129093
850.1249439129093
850.1249439129093
850.1249439129093
850.1249439129093
850.1249439129093
850.1249439129093
850.1249439129093
850.1249439129093
850.1249439129093
850.1249439129093
850.1249439129093
850.1249439129093
850.1249439129093
850.1249439129093
850.1249439129093
850.1249439129093
850.1249439129093
850.1249439129093
850.1249439129093
850.1249439129093
850.1249439129093
850.1249439129093
850.1249439129093
850.1249439129093
850.1249439129093
850.1249439129093
850.1249439129093
850.1249439129093
850.1249439129093
850.1249439129093
850.1249439129093
850.1249439129093
850.1249439129093
850.1249439129093
850.1249439129093
850.1249439129093
850.1249439129093
850.1249439129093
850.1249439129093
850.1249439129093
850.1249439129093
850.1249439129093
850.1249439129093
850.1249439129093
850.1249439129093
850.1249439129093
850.1249439129093
850.1249439129093
850.1249439129093
850.1249439129093
850.1249439129093
850.1249439129093
850.1249439129093
850.1249439129093
850.1249439129093
850.1249439129093
850.1249439129093
850.1249439129093
850.1249439129093
850.1249439129093
850.1249439129093
850.1249439129093
850.1249439129093
850.1249439129093
850.1249439129093
850.1249439129093
850.1249439129093
850.1249439129093
850.1249439129093
850.1249439129093
850.1249439129093
850.1249439129093
850.1249439129093
850.1249439129093
850.1249439129093
850.1249439129093
850.1249439129093
850.1249439129093
850.1249439129093
850.1249439129093
850.1249439129093
850.1249439129093
850.1249439129093
850.1249439129093
850.1249439129093
850.1249439129093
850.1249439129093
850.1249439129093
850.1249439129093
850.1249439129093
850.1249439129093
850.1249439129093
850.1249439129093
850.1249439129093
850.1249439129093
850.1249439129093
850.1249439129093
850.1249439129093
850.1249439129093
850.1249439129093
850.1249439129093
850.1249439129093
850.1249439129093
850.1249439129093
850.1249439129093
850.1249439129093
850.1249439129093
850.1249439129093
850.1249439129093
850.1249439129093
850.1249439129093
850.1249439129093
850.1249439129093
850.1249439129093
850.1249439129093
850.1249439129093
850.1249439129093
850.1249439129093
850.1249439129093
850.1249439129093
850.1249439129093
850.1249439129093
850.1249439129093
850.1249439129093
850.1249439129093
850.1249439129093
850.1249439129093
850.1249439129093
850.1249439129093
850.1249439129093
850.1249439129093
850.1249439129093
850.1249439129093
850.1249439129093
850.1249439129093
850.1249439129093
850.1249439129093
850.1249439129093
850.1249439129093
850.1249439129093
850.1249439129093
850.1249439129093
850.1249439129093
850.1249439129093
850.1249439129093
850.1249439129093
850.1249439129093
850.1249439129093
850.1249439129093
850.1249439129093
850.1249439129093
850.1249439129093
850.1249439129093
850.1249439129093
850.1249439129093
850.1249439129093
850.1249439129093
850.1249439129093
850.1249439129093
850.1249439129093
850.1249439129093
850.1249439129093
850.1249439129093
850.1249439129093
850.1249439129093
850.1249439129093
850.1249439129093
850.1249439129093
850.1249439129093
850.1249439129093
850.1249439129093
850.1249439129093
850.1249439129093
850.1249439129093
850.1249439129093
850.1249439129093
850.1249439129093
850.1249439129093
850.1249439129093
850.1249439129093
850.1249439129093
850.1249439129093
850.1249439129093
850.1249439129093
850.1249439129093
850.1249439129093
850.1249439129093
850.1249439129093
850.1249439129093
850.1249439129093
850.1249439129093
850.1249439129093
850.1249439129093
850.1249439129093
850.1249439129093
850.1249439129093
850.1249439129093
850.1249439129093
850.1249439129093
850.1249439129093
850.1249439129093
850.1249439129093
850.1249439129093
850.1249439129093
850.1249439129093
850.1249439129093
850.1249439129093
850.1249439129093
850.1249439129093
850.1249439129093
850.1249439129093
850.1249439129093
850.1249439129093
850.1249439129093
850.1249439129093
850.1249439129093
850.1249439129093
850.1249439129093
850.1249439129093
850.1249439129093
850.1249439129093
850.1249439129093
850.1249439129093
850.1249439129093
850.1249439129093
850.1249439129093
850.1249439129093
850.1249439129093
850.1249439129093
850.1249439129093
850.1249439129093
850.1249439129093
850.1249439129093
850.1249439129093
850.1249439129093
850.1249439129093
850.1249439129093
850.1249439129093
850.1249439129093
850.1249439129093
850.1249439129093
850.1249439129093
850.1249439129093
850.1249439129093
850.1249439129093
850.1249439129093
850.1249439129093
850.1249439129093
850.1249439129093
850.1249439129093
850.1249439129093
850.1249439129093
850.1249439129093
850.1249439129093
850.1249439129093
850.1249439129093
850.1249439129093
850.1249439129093
850.1249439129093
850.1249439129093
850.1249439129093
850.1249439129093
850.1249439129093
850.1249439129093
850.1249439129093
850.1249439129093
850.1249439129093
850.1249439129093
850.1249439129093
850.1249439129093
850.1249439129093
850.1249439129093
850.1249439129093
850.1249439129093
850.1249439129093
850.1249439129093
850.1249439129093
850.1249439129093
850.1249439129093
850.1249439129093
850.1249439129093
850.1249439129093
850.1249439129093
850.1249439129093
850.1249439129093
850.1249439129093
850.1249439129093
850.1249439129093
850.1249439129093
850.1249439129093
850.1249439129093
850.1249439129093
850.1249439129093
850.1249439129093
850.1249439129093
850.1249439129093
850.1249439129093
850.1249439129093
850.1249439129093
850.1249439129093
850.1249439129093
850.1249439129093
850.1249439129093
850.1249439129093
850.1249439129093
850.1249439129093
850.1249439129093
850.1249439129093
850.1249439129093
850.1249439129093
850.1249439129093
850.1249439129093
850.1249439129093
850.1249439129093
850.1249439129093
850.1249439129093
850.1249439129093
850.1249439129093
850.1249439129093
850.1249439129093
850.1249439129093
850.1249439129093
850.1249439129093
850.1249439129093
850.1249439129093
850.1249439129093
850.1249439129093
850.1249439129093
850.1249439129093
850.1249439129093
850.1249439129093
850.1249439129093
850.1249439129093
850.1249439129093
850.1249439129093
850.1249439129093
850.1249439129093
850.1249439129093
850.1249439129093
850.1249439129093
850.1249439129093
850.1249439129093
850.1249439129093
850.1249439129093
850.1249439129093
850.1249439129093
850.1249439129093
850.1249439129093
850.1249439129093
850.1249439129093
850.1249439129093
850.1249439129093
850.1249439129093
850.1249439129093
850.1249439129093
850.1249439129093
850.1249439129093
850.1249439129093
850.1249439129093
850.1249439129093
850.1249439129093
850.1249439129093
850.1249439129093
850.1249439129093
850.1249439129093
850.1249439129093
850.1249439129093
850.1249439129093
850.1249439129093
850.1249439129093
850.1249439129093
850.1249439129093
850.1249439129093
850.1249439129093
850.1249439129093
850.1249439129093
850.1249439129093
850.1249439129093
850.1249439129093
850.1249439129093
850.1249439129093
850.1249439129093
850.1249439129093
850.1249439129093
850.1249439129093
850.1249439129093
850.1249439129093
850.1249439129093
850.1249439129093
850.1249439129093
850.1249439129093
850.1249439129093
850.1249439129093
850.1249439129093
850.1249439129093
850.1249439129093
850.1249439129093
850.1249439129093
850.1249439129093
850.1249439129093
850.1249439129093
850.1249439129093
850.1249439129093
850.1249439129093
850.1249439129093
850.1249439129093
850.1249439129093
850.1249439129093
850.1249439129093
850.1249439129093
850.1249439129093
850.1249439129093
850.1249439129093
850.1249439129093
850.1249439129093
850.1249439129093
850.1249439129093
850.1249439129093
850.1249439129093
850.1249439129093
850.1249439129093
850.1249439129093
850.1249439129093
850.1249439129093
850.1249439129093
850.1249439129093
850.1249439129093
850.1249439129093
850.1249439129093
850.1249439129093
850.1249439129093
850.1249439129093
850.1249439129093
850.1249439129093
850.1249439129093
850.1249439129093
850.1249439129093
850.1249439129093
850.1249439129093
850.1249439129093
850.1249439129093
850.1249439129093
850.1249439129093
850.1249439129093
850.1249439129093
850.1249439129093
850.1249439129093
850.1249439129093
850.1249439129093
850.1249439129093
850.1249439129093
850.1249439129093
850.1249439129093
850.1249439129093
850.1249439129093
850.1249439129093
850.1249439129093
850.1249439129093
850.1249439129093
850.1249439129093
850.1249439129093
850.1249439129093
850.1249439129093
850.1249439129093
850.1249439129093
850.1249439129093
850.1249439129093
850.1249439129093
850.1249439129093
850.1249439129093
850.1249439129093
850.1249439129093
850.1249439129093
850.1249439129093
850.1249439129093
850.1249439129093
850.1249439129093
850.1249439129093
850.1249439129093
850.1249439129093
850.1249439129093
850.1249439129093
850.1249439129093
850.1249439129093
850.1249439129093
850.1249439129093
