2116.5149262036366
2052.043233609091
2026.0918039590908
1954.0235103309094
1836.8387030181816
1738.6803833811819
1689.9768371802732
1602.602370235727
1559.058196093909
1508.432001707182
1489.7648935071818
1444.442000869
1433.2681868595455
1417.2165346040908
1375.4048199004544
1329.3490922709998
1272.2083348382728
1256.1242316999999
1223.831465726182
1215.811248330818
1196.3415064464543
1180.157562997091
1150.0593119519092
1106.4185602582727
1079.790684270091
1037.657727681
1026.8094542954548
1018.2958993826364
998.8326359352727
992.5931425873637
985.4261787552729
976.0436579080001
969.0888823566364
959.0325841473637
925.2289079513637
922.7589177694547
912.3195796697273
909.0593991568184
901.7143336451819
892.2142173980909
891.756180749
890.2758573957271
888.8556103118182
878.9235060904546
861.7435682086362
861.568313114818
852.826125301182
851.8371883446365
851.8371883446365
851.8371883446365
851.8371883446365
851.8371883446365
851.8371883446365
851.8371883446365
851.8371883446365
851.8371883446365
851.8371883446365
851.8371883446365
851.8371883446365
851.8371883446365
851.8371883446365
851.8371883446365
851.8371883446365
851.8371883446365
851.8371883446365
851.8371883446365
851.8371883446365
851.8371883446365
851.8371883446365
851.8371883446365
851.8371883446365
851.8371883446365
851.8371883446365
851.8371883446365
851.8371883446365
851.8371883446365
851.8371883446365
851.8371883446365
851.8371883446365
851.8371883446365
851.8371883446365
851.8371883446365
851.8371883446365
851.8371883446365
851.8371883446365
851.8371883446365
851.8371883446365
851.8371883446365
851.8371883446365
851.8371883446365
851.8371883446365
851.8371883446365
851.8371883446365
851.8371883446365
851.8371883446365
851.8371883446365
851.8371883446365
851.8371883446365
851.8371883446365
851.8371883446365
851.8371883446365
851.8371883446365
851.8371883446365
851.8371883446365
851.8371883446365
851.8371883446365
851.8371883446365
851.8371883446365
851.8371883446365
851.8371883446365
851.8371883446365
851.8371883446365
851.8371883446365
851.8371883446365
851.8371883446365
851.8371883446365
851.8371883446365
851.8371883446365
851.8371883446365
851.8371883446365
851.8371883446365
851.8371883446365
851.8371883446365
851.8371883446365
851.8371883446365
851.8371883446365
851.8371883446365
851.8371883446365
851.8371883446365
851.8371883446365
851.8371883446365
851.8371883446365
851.8371883446365
851.8371883446365
851.8371883446365
851.8371883446365
851.8371883446365
851.8371883446365
851.8371883446365
851.8371883446365
851.8371883446365
851.8371883446365
851.8371883446365
851.8371883446365
851.8371883446365
851.8371883446365
851.8371883446365
851.8371883446365
851.8371883446365
851.8371883446365
851.8371883446365
851.8371883446365
851.8371883446365
851.8371883446365
851.8371883446365
851.8371883446365
851.8371883446365
851.8371883446365
851.8371883446365
851.8371883446365
851.8371883446365
851.8371883446365
851.8371883446365
851.8371883446365
851.8371883446365
851.8371883446365
851.8371883446365
851.8371883446365
851.8371883446365
851.8371883446365
851.8371883446365
851.8371883446365
851.8371883446365
851.8371883446365
851.8371883446365
851.8371883446365
851.8371883446365
851.8371883446365
851.8371883446365
851.8371883446365
851.8371883446365
851.8371883446365
851.8371883446365
851.8371883446365
851.8371883446365
851.8371883446365
851.8371883446365
851.8371883446365
851.8371883446365
851.8371883446365
851.8371883446365
851.8371883446365
851.8371883446365
851.8371883446365
851.8371883446365
851.8371883446365
851.8371883446365
851.8371883446365
851.8371883446365
851.8371883446365
851.8371883446365
851.8371883446365
851.8371883446365
851.8371883446365
851.8371883446365
851.8371883446365
851.8371883446365
851.8371883446365
851.8371883446365
851.8371883446365
851.8371883446365
851.8371883446365
851.8371883446365
851.8371883446365
851.8371883446365
851.8371883446365
851.8371883446365
851.8371883446365
851.8371883446365
851.8371883446365
851.8371883446365
851.8371883446365
851.8371883446365
851.8371883446365
851.8371883446365
851.8371883446365
851.8371883446365
851.8371883446365
851.8371883446365
851.8371883446365
851.8371883446365
851.8371883446365
851.8371883446365
851.8371883446365
851.8371883446365
851.8371883446365
851.8371883446365
851.8371883446365
851.8371883446365
851.8371883446365
851.8371883446365
851.8371883446365
851.8371883446365
851.8371883446365
851.8371883446365
851.8371883446365
851.8371883446365
851.8371883446365
851.8371883446365
851.8371883446365
851.8371883446365
851.8371883446365
851.8371883446365
851.8371883446365
851.8371883446365
851.8371883446365
851.8371883446365
851.8371883446365
851.8371883446365
851.8371883446365
851.8371883446365
851.8371883446365
851.8371883446365
851.8371883446365
851.8371883446365
851.8371883446365
851.8371883446365
851.8371883446365
851.8371883446365
851.8371883446365
851.8371883446365
851.8371883446365
851.8371883446365
851.8371883446365
851.8371883446365
851.8371883446365
851.8371883446365
851.8371883446365
851.8371883446365
851.8371883446365
851.8371883446365
851.8371883446365
851.8371883446365
851.8371883446365
851.8371883446365
851.8371883446365
851.8371883446365
851.8371883446365
851.8371883446365
851.8371883446365
851.8371883446365
851.8371883446365
851.8371883446365
851.8371883446365
851.8371883446365
851.8371883446365
851.8371883446365
851.8371883446365
851.8371883446365
851.8371883446365
851.8371883446365
851.8371883446365
851.8371883446365
851.8371883446365
851.8371883446365
851.8371883446365
851.8371883446365
851.8371883446365
851.8371883446365
851.8371883446365
851.8371883446365
851.8371883446365
851.8371883446365
851.8371883446365
851.8371883446365
851.8371883446365
851.8371883446365
851.8371883446365
851.8371883446365
851.8371883446365
851.8371883446365
851.8371883446365
851.8371883446365
851.8371883446365
851.8371883446365
851.8371883446365
851.8371883446365
851.8371883446365
851.8371883446365
851.8371883446365
851.8371883446365
851.8371883446365
851.8371883446365
851.8371883446365
851.8371883446365
851.8371883446365
851.8371883446365
851.8371883446365
851.8371883446365
851.8371883446365
851.8371883446365
851.8371883446365
851.8371883446365
851.8371883446365
851.8371883446365
851.8371883446365
851.8371883446365
851.8371883446365
851.8371883446365
851.8371883446365
851.8371883446365
851.8371883446365
851.8371883446365
851.8371883446365
851.8371883446365
851.8371883446365
851.8371883446365
851.8371883446365
851.8371883446365
851.8371883446365
851.8371883446365
851.8371883446365
851.8371883446365
851.8371883446365
851.8371883446365
851.8371883446365
851.8371883446365
851.8371883446365
851.8371883446365
851.8371883446365
851.8371883446365
851.8371883446365
851.8371883446365
851.8371883446365
851.8371883446365
851.8371883446365
851.8371883446365
851.8371883446365
851.8371883446365
851.8371883446365
851.8371883446365
851.8371883446365
851.8371883446365
851.8371883446365
851.8371883446365
851.8371883446365
851.8371883446365
851.8371883446365
851.8371883446365
851.8371883446365
851.8371883446365
851.8371883446365
851.8371883446365
851.8371883446365
851.8371883446365
851.8371883446365
851.8371883446365
851.8371883446365
851.8371883446365
851.8371883446365
851.8371883446365
851.8371883446365
851.8371883446365
851.8371883446365
851.8371883446365
851.8371883446365
851.8371883446365
851.8371883446365
851.8371883446365
851.8371883446365
851.8371883446365
851.8371883446365
851.8371883446365
851.8371883446365
851.8371883446365
851.8371883446365
851.8371883446365
851.8371883446365
851.8371883446365
851.8371883446365
851.8371883446365
851.8371883446365
851.8371883446365
851.8371883446365
851.8371883446365
851.8371883446365
851.8371883446365
851.8371883446365
851.8371883446365
851.8371883446365
851.8371883446365
851.8371883446365
851.8371883446365
851.8371883446365
851.8371883446365
851.8371883446365
851.8371883446365
851.8371883446365
851.8371883446365
851.8371883446365
851.8371883446365
851.8371883446365
851.8371883446365
851.8371883446365
851.8371883446365
851.8371883446365
851.8371883446365
851.8371883446365
851.8371883446365
851.8371883446365
851.8371883446365
851.8371883446365
851.8371883446365
851.8371883446365
851.8371883446365
851.8371883446365
851.8371883446365
851.8371883446365
851.8371883446365
851.8371883446365
851.8371883446365
851.8371883446365
851.8371883446365
851.8371883446365
851.8371883446365
851.8371883446365
851.8371883446365
851.8371883446365
851.8371883446365
851.8371883446365
851.8371883446365
851.8371883446365
851.8371883446365
851.8371883446365
851.8371883446365
851.8371883446365
851.8371883446365
851.8371883446365
851.8371883446365
851.8371883446365
851.8371883446365
851.8371883446365
851.8371883446365
851.8371883446365
851.8371883446365
851.8371883446365
851.8371883446365
851.8371883446365
851.8371883446365
851.8371883446365
851.8371883446365
851.8371883446365
851.8371883446365
851.8371883446365
851.8371883446365
851.8371883446365
851.8371883446365
851.8371883446365
851.8371883446365
851.8371883446365
851.8371883446365
851.8371883446365
851.8371883446365
851.8371883446365
851.8371883446365
851.8371883446365
851.8371883446365
851.8371883446365
851.8371883446365
851.8371883446365
851.8371883446365
851.8371883446365
851.8371883446365
851.8371883446365
851.8371883446365
851.8371883446365
851.8371883446365
851.8371883446365
851.8371883446365
851.8371883446365
851.8371883446365
851.8371883446365
851.8371883446365
851.8371883446365
851.8371883446365
851.8371883446365
851.8371883446365
851.8371883446365
851.8371883446365
851.8371883446365
851.8371883446365
851.8371883446365
851.8371883446365
851.8371883446365
851.8371883446365
851.8371883446365
851.8371883446365
851.8371883446365
851.8371883446365
851.8371883446365
851.8371883446365
851.8371883446365
851.8371883446365
851.8371883446365
851.8371883446365
851.8371883446365
851.8371883446365
851.8371883446365
851.8371883446365
851.8371883446365
851.8371883446365
851.8371883446365
851.8371883446365
851.8371883446365
851.8371883446365
851.8371883446365
851.8371883446365
851.8371883446365
851.8371883446365
851.8371883446365
851.8371883446365
851.8371883446365
851.8371883446365
851.8371883446365
851.8371883446365
851.8371883446365
851.8371883446365
851.8371883446365
851.8371883446365
851.8371883446365
851.8371883446365
851.8371883446365
851.8371883446365
851.8371883446365
851.8371883446365
851.8371883446365
851.8371883446365
851.8371883446365
851.8371883446365
851.8371883446365
851.8371883446365
851.8371883446365
851.8371883446365
851.8371883446365
851.8371883446365
851.8371883446365
851.8371883446365
851.8371883446365
851.8371883446365
851.8371883446365
851.8371883446365
851.8371883446365
851.8371883446365
851.8371883446365
851.8371883446365
851.8371883446365
851.8371883446365
851.8371883446365
851.8371883446365
851.8371883446365
851.8371883446365
851.8371883446365
851.8371883446365
851.8371883446365
851.8371883446365
851.8371883446365
851.8371883446365
851.8371883446365
851.8371883446365
851.8371883446365
851.8371883446365
851.8371883446365
851.8371883446365
851.8371883446365
851.8371883446365
851.8371883446365
851.8371883446365
851.8371883446365
851.8371883446365
851.8371883446365
851.8371883446365
851.8371883446365
851.8371883446365
851.8371883446365
851.8371883446365
851.8371883446365
851.8371883446365
851.8371883446365
851.8371883446365
851.8371883446365
851.8371883446365
851.8371883446365
851.8371883446365
851.8371883446365
851.8371883446365
851.8371883446365
851.8371883446365
851.8371883446365
851.8371883446365
851.8371883446365
851.8371883446365
851.8371883446365
851.8371883446365
851.8371883446365
851.8371883446365
851.8371883446365
851.8371883446365
851.8371883446365
851.8371883446365
851.8371883446365
851.8371883446365
851.8371883446365
851.8371883446365
851.8371883446365
851.8371883446365
851.8371883446365
851.8371883446365
851.8371883446365
851.8371883446365
851.8371883446365
851.8371883446365
851.8371883446365
851.8371883446365
851.8371883446365
851.8371883446365
851.8371883446365
851.8371883446365
851.8371883446365
851.8371883446365
851.8371883446365
851.8371883446365
851.8371883446365
851.8371883446365
851.8371883446365
851.8371883446365
851.8371883446365
851.8371883446365
851.8371883446365
851.8371883446365
851.8371883446365
851.8371883446365
851.8371883446365
851.8371883446365
851.8371883446365
851.8371883446365
851.8371883446365
851.8371883446365
851.8371883446365
851.8371883446365
851.8371883446365
851.8371883446365
851.8371883446365
851.8371883446365
851.8371883446365
851.8371883446365
851.8371883446365
851.8371883446365
851.8371883446365
851.8371883446365
851.8371883446365
851.8371883446365
851.8371883446365
851.8371883446365
851.8371883446365
851.8371883446365
851.8371883446365
851.8371883446365
851.8371883446365
851.8371883446365
851.8371883446365
851.8371883446365
851.8371883446365
851.8371883446365
851.8371883446365
851.8371883446365
851.8371883446365
851.8371883446365
851.8371883446365
851.8371883446365
851.8371883446365
851.8371883446365
851.8371883446365
851.8371883446365
851.8371883446365
851.8371883446365
851.8371883446365
851.8371883446365
851.8371883446365
851.8371883446365
851.8371883446365
851.8371883446365
851.8371883446365
851.8371883446365
851.8371883446365
851.8371883446365
851.8371883446365
851.8371883446365
851.8371883446365
851.8371883446365
851.8371883446365
851.8371883446365
851.8371883446365
851.8371883446365
851.8371883446365
851.8371883446365
851.8371883446365
851.8371883446365
851.8371883446365
851.8371883446365
851.8371883446365
851.8371883446365
851.8371883446365
851.8371883446365
851.8371883446365
851.8371883446365
851.8371883446365
851.8371883446365
851.8371883446365
851.8371883446365
851.8371883446365
851.8371883446365
851.8371883446365
851.8371883446365
851.8371883446365
851.8371883446365
851.8371883446365
851.8371883446365
851.8371883446365
851.8371883446365
851.8371883446365
851.8371883446365
851.8371883446365
851.8371883446365
851.8371883446365
851.8371883446365
851.8371883446365
851.8371883446365
851.8371883446365
851.8371883446365
851.8371883446365
851.8371883446365
851.8371883446365
851.8371883446365
851.8371883446365
851.8371883446365
851.8371883446365
851.8371883446365
851.8371883446365
851.8371883446365
851.8371883446365
851.8371883446365
851.8371883446365
851.8371883446365
851.8371883446365
851.8371883446365
851.8371883446365
851.8371883446365
851.8371883446365
851.8371883446365
851.8371883446365
851.8371883446365
851.8371883446365
851.8371883446365
851.8371883446365
851.8371883446365
851.8371883446365
851.8371883446365
851.8371883446365
851.8371883446365
851.8371883446365
851.8371883446365
851.8371883446365
851.8371883446365
851.8371883446365
851.8371883446365
851.8371883446365
851.8371883446365
851.8371883446365
851.8371883446365
851.8371883446365
851.8371883446365
851.8371883446365
851.8371883446365
851.8371883446365
851.8371883446365
851.8371883446365
851.8371883446365
851.8371883446365
851.8371883446365
851.8371883446365
851.8371883446365
851.8371883446365
851.8371883446365
851.8371883446365
851.8371883446365
851.8371883446365
851.8371883446365
851.8371883446365
851.8371883446365
851.8371883446365
851.8371883446365
851.8371883446365
851.8371883446365
851.8371883446365
851.8371883446365
851.8371883446365
851.8371883446365
851.8371883446365
851.8371883446365
851.8371883446365
851.8371883446365
851.8371883446365
851.8371883446365
851.8371883446365
851.8371883446365
851.8371883446365
851.8371883446365
851.8371883446365
851.8371883446365
851.8371883446365
851.8371883446365
851.8371883446365
851.8371883446365
851.8371883446365
851.8371883446365
851.8371883446365
851.8371883446365
851.8371883446365
851.8371883446365
851.8371883446365
851.8371883446365
851.8371883446365
851.8371883446365
851.8371883446365
851.8371883446365
851.8371883446365
851.8371883446365
851.8371883446365
851.8371883446365
851.8371883446365
851.8371883446365
851.8371883446365
851.8371883446365
851.8371883446365
851.8371883446365
851.8371883446365
851.8371883446365
851.8371883446365
851.8371883446365
851.8371883446365
851.8371883446365
851.8371883446365
851.8371883446365
851.8371883446365
851.8371883446365
851.8371883446365
851.8371883446365
851.8371883446365
851.8371883446365
851.8371883446365
851.8371883446365
851.8371883446365
851.8371883446365
851.8371883446365
851.8371883446365
851.8371883446365
851.8371883446365
851.8371883446365
851.8371883446365
851.8371883446365
851.8371883446365
851.8371883446365
851.8371883446365
851.8371883446365
851.8371883446365
851.8371883446365
851.8371883446365
851.8371883446365
851.8371883446365
851.8371883446365
851.8371883446365
851.8371883446365
851.8371883446365
851.8371883446365
851.8371883446365
851.8371883446365
851.8371883446365
851.8371883446365
851.8371883446365
851.8371883446365
851.8371883446365
851.8371883446365
851.8371883446365
851.8371883446365
851.8371883446365
851.8371883446365
851.8371883446365
851.8371883446365
851.8371883446365
851.8371883446365
851.8371883446365
851.8371883446365
851.8371883446365
851.8371883446365
851.8371883446365
851.8371883446365
851.8371883446365
851.8371883446365
851.8371883446365
851.8371883446365
851.8371883446365
851.8371883446365
851.8371883446365
851.8371883446365
851.8371883446365
851.8371883446365
851.8371883446365
851.8371883446365
851.8371883446365
851.8371883446365
851.8371883446365
851.8371883446365
851.8371883446365
851.8371883446365
851.8371883446365
851.8371883446365
851.8371883446365
851.8371883446365
851.8371883446365
851.8371883446365
851.8371883446365
851.8371883446365
851.8371883446365
851.8371883446365
851.8371883446365
851.8371883446365
851.8371883446365
851.8371883446365
851.8371883446365
851.8371883446365
851.8371883446365
851.8371883446365
851.8371883446365
851.8371883446365
851.8371883446365
851.8371883446365
851.8371883446365
851.8371883446365
851.8371883446365
851.8371883446365
851.8371883446365
851.8371883446365
851.8371883446365
851.8371883446365
851.8371883446365
851.8371883446365
851.8371883446365
851.8371883446365
851.8371883446365
851.8371883446365
