1395.75047875
1359.77043513
1353.7474809
1272.84610212
1253.05477837
1253.05477837
1253.05477837
1253.05477837
1253.05477837
1253.05477837
1233.94480799
1211.78648158
1211.78648158
1211.78648158
1194.79565469
1171.30743886
1141.41525996
1141.41525996
1141.41525996
1141.41525996
1141.41525996
1141.41525996
1140.64256707
1140.64256707
1140.64256707
1140.64256707
1140.64256707
1140.64256707
1140.64256707
1132.01093956
1132.01093956
1130.42715773
1130.42715773
1130.42715773
1130.42715773
1130.42715773
1129.92815603
1129.92815603
1129.92815603
1125.84444008
1125.84444008
1125.58679884
1125.58679884
1123.25684835
1122.72657273
1122.72657273
1122.72657273
1121.99959825
1121.99959825
1121.99959825
1121.99959825
1121.99959825
1121.99959825
1121.99959825
1121.99959825
1121.99959825
1121.99959825
1121.66167997
1121.66167997
1121.66167997
1121.66167997
1121.66167997
1121.66167997
1121.66167997
1121.66167997
1121.66167997
1121.66167997
1121.66167997
1121.07863619
1114.37402291
1114.37402291
1114.37402291
1114.37402291
1113.44742573
1113.44742573
1113.44742573
1113.44742573
1112.6858708
1112.6858708
1112.6858708
1112.6858708
1112.6858708
1112.6858708
1112.6858708
1112.6858708
1112.6858708
1112.6858708
1112.6858708
1112.6858708
1112.34795251
1112.34795251
1112.34795251
1109.56676249
1109.56676249
1109.56676249
1109.56676249
1109.56676249
1109.56676249
1109.56676249
1109.56676249
1109.56676249
1109.56676249
1109.56676249
1109.56676249
1109.56676249
1109.56676249
1109.56676249
1109.56676249
1109.56676249
1109.56676249
1109.56676249
1109.56676249
1109.56676249
1109.56676249
1109.56676249
1109.56676249
1109.56676249
1109.56676249
1109.56676249
1109.56676249
1109.56676249
1109.56676249
1109.56676249
1101.29243708
1101.29243708
1101.29243708
1101.29243708
1101.29243708
1101.29243708
1101.29243708
1101.29243708
1101.29243708
1101.29243708
1101.29243708
1101.29243708
1100.97136676
1100.97136676
1100.97136676
1100.97136676
1100.97136676
1100.97136676
1100.97136676
1100.97136676
1100.97136676
1100.97136676
1100.97136676
1100.97136676
1100.97136676
1100.97136676
1100.97136676
1100.97136676
1100.97136676
1100.97136676
1100.97136676
1100.97136676
1100.97136676
1100.97136676
1100.97136676
1100.97136676
1100.53993894
1100.53993894
1100.53993894
1100.53993894
1100.53993894
1100.53993894
1100.53993894
1100.53993894
1100.53993894
1100.53993894
1100.53993894
1100.20420183
1100.20420183
1100.20420183
1100.20420183
1100.20420183
1100.20420183
1100.20420183
1100.20420183
1100.20420183
1100.20420183
1100.20420183
1098.59037944
1098.59037944
1098.59037944
1098.59037944
1098.59037944
1098.59037944
1098.59037944
1098.59037944
1098.59037944
1098.59037944
1098.59037944
1098.59037944
1098.59037944
1098.59037944
1098.59037944
1098.59037944
1094.37723154
1094.05616122
1094.05616122
1094.05616122
1094.05616122
1094.05616122
1094.05616122
1094.05616122
1094.05616122
1094.05616122
1094.05616122
1094.05616122
1093.62473341
1093.62473341
1093.62473341
1093.62473341
1093.62473341
1093.62473341
1093.62473341
1093.62473341
1093.62473341
1093.62473341
1093.62473341
1093.62473341
1093.62473341
1093.62473341
1093.62473341
1093.62473341
1093.62473341
1093.62473341
1093.62473341
1093.30366308
1093.30366308
1093.30366308
1093.30366308
1093.30366308
1093.30366308
1093.30366308
1093.30366308
1093.30366308
1093.30366308
1093.30366308
1093.30366308
1093.30366308
1093.30366308
1093.30366308
1093.30366308
1093.30366308
1093.30366308
1093.30366308
1093.30366308
1093.30366308
1093.30366308
1093.30366308
1093.30366308
1093.30366308
1093.30366308
1093.30366308
1093.30366308
1093.30366308
1093.30366308
1093.30366308
1093.30366308
1093.30366308
1093.30366308
1093.30366308
1093.30366308
1093.30366308
1093.30366308
1093.30366308
1093.30366308
1093.30366308
1093.30366308
1093.30366308
1093.30366308
1093.30366308
1093.30366308
1093.30366308
1093.30366308
1093.30366308
1093.30366308
1093.30366308
1093.30366308
1093.30366308
1093.30366308
1093.30366308
1093.30366308
1093.30366308
1093.30366308
1093.30366308
1093.30366308
1093.30366308
1093.30366308
1093.30366308
1093.30366308
1093.30366308
1093.30366308
1093.30366308
1093.30366308
1093.30366308
1093.30366308
1093.30366308
1093.30366308
1093.30366308
1093.30366308
1093.30366308
1093.30366308
1093.30366308
1093.30366308
1093.30366308
1093.30366308
1093.30366308
1093.30366308
1093.30366308
1093.30366308
1093.30366308
1093.30366308
1093.30366308
1093.30366308
1093.30366308
1093.30366308
1093.30366308
1093.30366308
1093.30366308
1093.30366308
1093.30366308
1089.72333445
1089.72333445
1089.72333445
1089.72333445
1089.72333445
1089.72333445
1089.72333445
1089.72333445
1089.72333445
1089.72333445
1089.72333445
1089.72333445
1089.72333445
1089.72333445
1089.72333445
1089.72333445
1089.72333445
1089.72333445
1089.72333445
1089.72333445
1089.72333445
1089.72333445
1089.72333445
1089.72333445
1089.72333445
1089.72333445
1089.72333445
1089.72333445
1089.72333445
1089.72333445
1089.72333445
1089.72333445
1089.72333445
1089.72333445
1089.72333445
1089.72333445
1089.72333445
1089.72333445
1089.72333445
1089.72333445
1089.72333445
1089.72333445
1089.72333445
1089.72333445
1089.72333445
1089.72333445
1089.72333445
1089.72333445
1089.72333445
1089.72333445
1089.72333445
1089.72333445
1089.72333445
1089.72333445
1089.72333445
1089.72333445
1089.72333445
1089.72333445
1089.72333445
1089.72333445
1089.72333445
1089.72333445
1089.72333445
1089.72333445
1089.72333445
1089.72333445
1089.72333445
1089.72333445
1089.72333445
1089.72333445
1089.72333445
1089.72333445
1089.72333445
1089.72333445
1089.72333445
1089.72333445
1089.72333445
1089.72333445
1089.72333445
1089.72333445
1089.72333445
1089.72333445
1089.72333445
1089.72333445
1089.72333445
1089.72333445
1089.72333445
1089.72333445
1089.72333445
1089.72333445
1089.72333445
1089.72333445
1089.72333445
1089.72333445
1089.72333445
1089.72333445
1089.72333445
1089.72333445
1089.72333445
1089.72333445
1089.72333445
1089.72333445
1089.72333445
1089.72333445
1089.72333445
1089.72333445
1089.72333445
1089.72333445
1089.72333445
1089.72333445
1089.72333445
1089.72333445
1089.72333445
1089.72333445
1089.72333445
1089.72333445
1089.72333445
1089.72333445
1089.72333445
1089.72333445
1089.72333445
1089.72333445
1089.72333445
1089.72333445
1089.72333445
1089.72333445
1089.72333445
1089.72333445
1089.72333445
1089.72333445
1089.72333445
1089.72333445
1089.72333445
1089.72333445
1089.72333445
1089.72333445
1089.72333445
1089.72333445
1089.72333445
1089.72333445
1089.72333445
1089.72333445
1089.72333445
1089.72333445
1089.72333445
1089.72333445
1089.72333445
1089.72333445
1089.72333445
1089.72333445
1089.72333445
1089.72333445
1089.72333445
1089.72333445
1089.72333445
1089.72333445
1089.72333445
1089.72333445
1089.72333445
1089.72333445
1089.72333445
1089.72333445
1089.72333445
1089.72333445
1089.72333445
1089.72333445
1089.72333445
1089.72333445
1089.72333445
1089.72333445
1089.72333445
1089.72333445
1089.72333445
1089.72333445
1089.72333445
1089.72333445
1089.72333445
1089.72333445
1089.72333445
1089.72333445
1089.72333445
1089.72333445
1089.72333445
1089.72333445
1089.72333445
1089.72333445
1089.72333445
1089.72333445
1089.72333445
1089.72333445
1089.72333445
1089.72333445
1089.72333445
1089.72333445
1089.72333445
1089.72333445
1089.72333445
1089.72333445
1089.72333445
1089.72333445
1089.72333445
1089.72333445
1089.72333445
1089.72333445
1089.72333445
1089.72333445
1089.72333445
1089.72333445
1089.72333445
1089.72333445
1089.72333445
1089.72333445
1089.72333445
1089.72333445
1089.72333445
1089.72333445
1089.72333445
1089.72333445
1089.72333445
1089.72333445
1089.72333445
1089.72333445
1089.72333445
1089.72333445
1089.72333445
1089.72333445
1089.72333445
1089.72333445
1089.72333445
1089.72333445
1089.72333445
1089.72333445
1089.72333445
1089.72333445
1089.72333445
1089.72333445
1089.72333445
1089.72333445
1089.72333445
1089.72333445
1089.72333445
1089.72333445
1089.72333445
1089.72333445
1089.72333445
1089.72333445
1089.72333445
1089.72333445
1089.72333445
1089.72333445
1089.72333445
1089.72333445
1089.72333445
1089.72333445
1089.72333445
1089.72333445
1089.72333445
1089.72333445
1089.72333445
1089.72333445
1089.72333445
1089.72333445
1089.72333445
1089.72333445
1089.72333445
1089.72333445
1089.72333445
1089.72333445
1089.72333445
1089.72333445
1089.72333445
1089.72333445
1089.72333445
1089.72333445
1089.72333445
1089.72333445
1089.72333445
1089.72333445
1089.72333445
1089.72333445
1089.72333445
1089.72333445
1089.72333445
1089.72333445
1089.72333445
1089.72333445
1089.72333445
1089.72333445
1089.72333445
1089.72333445
1089.72333445
1089.72333445
1089.72333445
1089.72333445
1089.72333445
1089.72333445
1089.72333445
1089.72333445
1089.72333445
1089.72333445
1089.72333445
1089.72333445
1089.72333445
1089.72333445
1089.72333445
1089.72333445
1089.72333445
1089.72333445
1089.72333445
1089.72333445
1089.72333445
1089.72333445
1089.72333445
1089.72333445
1089.72333445
1089.72333445
1089.72333445
1089.72333445
1089.72333445
1089.72333445
1089.72333445
1089.72333445
1089.72333445
1089.72333445
1089.72333445
1089.72333445
1089.72333445
1089.72333445
1089.72333445
1089.72333445
1089.72333445
1089.72333445
1089.72333445
1089.72333445
1089.72333445
1089.72333445
1089.72333445
1089.72333445
1089.72333445
1089.72333445
1089.72333445
1089.72333445
1089.72333445
1089.72333445
1089.72333445
1089.72333445
1089.72333445
1089.72333445
1089.72333445
1089.72333445
1089.72333445
1089.72333445
1089.72333445
1089.72333445
1089.72333445
1089.72333445
1089.72333445
1089.72333445
1089.72333445
1089.72333445
1089.72333445
1089.72333445
1089.72333445
1089.72333445
1089.72333445
1089.72333445
1089.72333445
1089.72333445
1089.72333445
1089.72333445
1089.72333445
1089.72333445
1089.72333445
1089.72333445
1089.72333445
1089.72333445
1089.72333445
1089.72333445
1089.72333445
1089.72333445
1089.72333445
1089.72333445
1089.72333445
1089.72333445
1089.72333445
1089.72333445
1089.72333445
1089.72333445
1089.72333445
1089.72333445
1089.72333445
1089.72333445
1089.72333445
1089.72333445
1089.72333445
1089.72333445
1089.72333445
1089.72333445
1089.72333445
1089.72333445
1089.72333445
1089.72333445
1089.72333445
1089.72333445
1089.72333445
1089.72333445
1089.72333445
1089.72333445
1089.72333445
1089.72333445
1089.72333445
1089.72333445
1089.72333445
1089.72333445
1089.72333445
1089.72333445
1089.72333445
1089.72333445
1089.72333445
1089.72333445
1089.72333445
1089.72333445
1089.72333445
1089.72333445
1089.72333445
1089.72333445
1089.72333445
1089.72333445
1089.72333445
1089.72333445
1089.72333445
1089.72333445
1089.72333445
1089.72333445
1089.72333445
1089.72333445
1089.72333445
1089.72333445
1089.72333445
1089.72333445
1089.72333445
1089.72333445
1089.72333445
1089.72333445
1089.72333445
1089.72333445
1089.72333445
1089.72333445
1089.72333445
1089.72333445
1089.72333445
1089.72333445
1089.72333445
1089.72333445
1089.72333445
1089.72333445
1089.72333445
1089.72333445
1089.72333445
1089.72333445
1089.72333445
1089.72333445
1089.72333445
1089.72333445
1089.72333445
1089.72333445
1089.72333445
1089.72333445
1089.72333445
1089.72333445
1089.72333445
1089.72333445
1089.72333445
1089.72333445
1089.72333445
1089.72333445
1089.72333445
1089.72333445
1089.72333445
1089.72333445
1089.72333445
1089.72333445
1089.72333445
1089.72333445
1089.72333445
1089.72333445
1089.72333445
1089.72333445
1089.72333445
1089.72333445
1089.72333445
1089.72333445
1089.72333445
1089.72333445
1089.72333445
1089.72333445
1089.72333445
1089.72333445
1089.72333445
1089.72333445
1089.72333445
1089.72333445
1089.72333445
1089.72333445
1089.72333445
1089.72333445
1089.72333445
1089.72333445
1089.72333445
1089.72333445
1089.72333445
1089.72333445
1089.72333445
1089.72333445
1089.72333445
1089.72333445
1089.72333445
1089.72333445
1089.72333445
1089.72333445
1089.72333445
1089.72333445
1089.72333445
1089.72333445
1089.72333445
1089.72333445
1089.72333445
1089.72333445
1089.72333445
1089.72333445
1089.72333445
1089.72333445
1089.72333445
1089.72333445
1089.72333445
1089.72333445
1089.72333445
1089.72333445
1089.72333445
1089.72333445
1089.72333445
1089.72333445
1089.72333445
1089.72333445
1089.72333445
1089.72333445
1089.72333445
1089.72333445
1089.72333445
1089.72333445
1089.72333445
1089.72333445
1089.72333445
1089.72333445
1089.72333445
1089.72333445
1089.72333445
1089.72333445
1089.72333445
1089.72333445
1089.72333445
1089.72333445
1089.72333445
1089.72333445
1089.72333445
1089.72333445
1089.72333445
1089.72333445
1089.72333445
1089.72333445
1089.72333445
1089.72333445
1089.72333445
1089.72333445
1089.72333445
1089.72333445
1089.72333445
1089.72333445
1089.72333445
1089.72333445
1089.72333445
1089.72333445
1089.72333445
1089.72333445
1089.72333445
1089.72333445
1089.72333445
1089.72333445
1089.72333445
1089.72333445
1089.72333445
1089.72333445
1089.72333445
1089.72333445
1089.72333445
1089.72333445
1089.72333445
1089.72333445
1089.72333445
1089.72333445
1089.72333445
1089.72333445
1089.72333445
1089.72333445
1089.72333445
1089.72333445
1089.72333445
1089.72333445
1089.72333445
1089.72333445
1089.72333445
1089.72333445
1089.72333445
1089.72333445
1089.72333445
1089.72333445
1089.72333445
1089.72333445
1089.72333445
1089.72333445
1089.72333445
1089.72333445
1089.72333445
1089.72333445
1089.72333445
1089.72333445
1089.72333445
1089.72333445
1089.72333445
1089.72333445
1089.72333445
1089.72333445
1089.72333445
1089.72333445
1089.72333445
1089.72333445
1089.72333445
1089.72333445
1089.72333445
1089.72333445
1089.72333445
1089.72333445
1089.72333445
1089.72333445
1089.72333445
1089.72333445
1089.72333445
1089.72333445
1089.72333445
1089.72333445
1089.72333445
1089.72333445
1089.72333445
1089.72333445
1089.72333445
1089.72333445
1089.72333445
1089.72333445
1089.72333445
1089.72333445
1089.72333445
1089.72333445
1089.72333445
1089.72333445
1089.72333445
1089.72333445
1089.72333445
1089.72333445
1089.72333445
1089.72333445
1089.72333445
1089.72333445
1089.72333445
1089.72333445
1089.72333445
1089.72333445
1089.72333445
