1391.60278706
1344.60439456
1344.60439456
1248.54271863
1248.54271863
1248.54271863
1248.54271863
1248.54271863
1198.01683013
1198.01683013
1198.01683013
1198.01683013
1191.89661867
1191.712583
1180.59829269
1180.59829269
1180.59829269
1176.86483916
1171.23888032
1168.85212238
1168.85212238
1168.85212238
1166.22808492
1158.89540221
1153.97160089
1151.82352824
1151.09829639
1151.09829639
1150.609108
1150.609108
1150.609108
1149.56631817
1148.35189793
1148.35189793
1148.35189793
1146.51409988
1141.51435003
1139.75581356
1135.99775225
1132.84439889
1117.47725636
1116.63463332
1114.33471294
1101.70550426
1101.52126546
1101.52126546
1099.34210285
1099.25736597
1099.22278552
1099.22278552
1099.07312717
1099.07312717
1099.07312717
1099.03854672
1099.03854672
1099.03854672
1099.03854672
1099.03854672
1099.03854672
1099.03854672
1099.03854672
1099.03854672
1099.03854672
1099.03854672
1099.03854672
1099.03854672
1099.03854672
1099.03854672
1099.03854672
1099.03854672
1099.03854672
1099.03854672
1099.03854672
1099.03854672
1099.03854672
1099.03854672
1099.03854672
1099.03854672
1099.03854672
1099.03854672
1099.03854672
1099.03854672
1099.03854672
1099.03854672
1099.03854672
1099.03854672
1099.03854672
1099.03854672
1099.03854672
1099.03854672
1099.03854672
1099.03854672
1099.03854672
1099.03854672
1099.03854672
1099.03854672
1099.03854672
1099.03854672
1099.03854672
1099.03854672
1099.03854672
1099.03854672
1099.03854672
1099.03854672
1099.03854672
1099.03854672
1099.03854672
1099.03854672
1099.03854672
1099.03854672
1099.03854672
1099.03854672
1099.03854672
1099.03854672
1099.03854672
1099.03854672
1099.03854672
1099.03854672
1099.03854672
1099.03854672
1099.03854672
1099.03854672
1099.03854672
1099.03854672
1099.03854672
1099.03854672
1099.03854672
1099.03854672
1099.03854672
1099.03854672
1099.03854672
1099.03854672
1099.03854672
1099.03854672
1099.03854672
1099.03854672
1099.03854672
1099.03854672
1099.03854672
1099.03854672
1099.03854672
1099.03854672
1099.03854672
1099.03854672
1099.03854672
1099.03854672
1099.03854672
1099.03854672
1099.03854672
1099.03854672
1099.03854672
1099.03854672
1099.03854672
1099.03854672
1099.03854672
1099.03854672
1099.03854672
1099.03854672
1099.03854672
1099.03854672
1099.03854672
1099.03854672
1099.03854672
1099.03854672
1099.03854672
1099.03854672
1099.03854672
1099.03854672
1099.03854672
1099.03854672
1099.03854672
1099.03854672
1099.03854672
1099.03854672
1099.03854672
1099.03854672
1099.03854672
1099.03854672
1099.03854672
1099.03854672
1099.03854672
1099.03854672
1099.03854672
1099.03854672
1099.03854672
1099.03854672
1099.03854672
1099.03854672
1099.03854672
1099.03854672
1099.03854672
1099.03854672
1099.03854672
1099.03854672
1099.03854672
1099.03854672
1099.03854672
1099.03854672
1099.03854672
1099.03854672
1099.03854672
1099.03854672
1099.03854672
1099.03854672
1099.03854672
1099.03854672
1099.03854672
1099.03854672
1099.03854672
1099.03854672
1099.03854672
1099.03854672
1099.03854672
1099.03854672
1099.03854672
1099.03854672
1099.03854672
1099.03854672
1099.03854672
1099.03854672
1099.03854672
1099.03854672
1099.03854672
1099.03854672
1099.03854672
1099.03854672
1099.03854672
1099.03854672
1099.03854672
1099.03854672
1099.03854672
1099.03854672
1099.03854672
1099.03854672
1099.03854672
1099.03854672
1099.03854672
1099.03854672
1099.03854672
1099.03854672
1099.03854672
1099.03854672
1099.03854672
1099.03854672
1099.03854672
1099.03854672
1099.03854672
1099.03854672
1099.03854672
1099.03854672
1099.03854672
1099.03854672
1099.03854672
1099.03854672
1099.03854672
1099.03854672
1099.03854672
1099.03854672
1099.03854672
1099.03854672
1099.03854672
1099.03854672
1099.03854672
1099.03854672
1099.03854672
1099.03854672
1099.03854672
1099.03854672
1099.03854672
1099.03854672
1099.03854672
1099.03854672
1099.03854672
1099.03854672
1099.03854672
1099.03854672
1099.03854672
1099.03854672
1099.03854672
1099.03854672
1099.03854672
1099.03854672
1099.03854672
1099.03854672
1099.03854672
1099.03854672
1099.03854672
1099.03854672
1099.03854672
1099.03854672
1099.03854672
1099.03854672
1099.03854672
1099.03854672
1099.03854672
1099.03854672
1099.03854672
1099.03854672
1099.03854672
1099.03854672
1099.03854672
1099.03854672
1099.03854672
1099.03854672
1099.03854672
1099.03854672
1099.03854672
1099.03854672
1099.03854672
1099.03854672
1099.03854672
1099.03854672
1099.03854672
1099.03854672
1099.03854672
1099.03854672
1099.03854672
1099.03854672
1099.03854672
1099.03854672
1099.03854672
1099.03854672
1099.03854672
1099.03854672
1099.03854672
1099.03854672
1099.03854672
1099.03854672
1099.03854672
1099.03854672
1099.03854672
1099.03854672
1099.03854672
1099.03854672
1099.03854672
1099.03854672
1099.03854672
1099.03854672
1099.03854672
1099.03854672
1099.03854672
1099.03854672
1099.03854672
1099.03854672
1099.03854672
1099.03854672
1099.03854672
1099.03854672
1099.03854672
1099.03854672
1099.03854672
1099.03854672
1099.03854672
1099.03854672
1099.03854672
1099.03854672
1099.03854672
1099.03854672
1099.03854672
1099.03854672
1099.03854672
1099.03854672
1099.03854672
1099.03854672
1099.03854672
1099.03854672
1099.03854672
1099.03854672
1099.03854672
1099.03854672
1099.03854672
1099.03854672
1099.03854672
1099.03854672
1099.03854672
1099.03854672
1099.03854672
1099.03854672
1099.03854672
1099.03854672
1099.03854672
1099.03854672
1099.03854672
1099.03854672
1099.03854672
1099.03854672
1099.03854672
1099.03854672
1099.03854672
1099.03854672
1099.03854672
1099.03854672
1099.03854672
1099.03854672
1099.03854672
1099.03854672
1099.03854672
1099.03854672
1099.03854672
1099.03854672
1099.03854672
1099.03854672
1099.03854672
1099.03854672
1099.03854672
1099.03854672
1099.03854672
1099.03854672
1099.03854672
1099.03854672
1099.03854672
1099.03854672
1099.03854672
1099.03854672
1099.03854672
1099.03854672
1099.03854672
1099.03854672
1099.03854672
1099.03854672
1099.03854672
1099.03854672
1099.03854672
1099.03854672
1099.03854672
1099.03854672
1099.03854672
1099.03854672
1099.03854672
1099.03854672
1099.03854672
1099.03854672
1099.03854672
1099.03854672
1099.03854672
1099.03854672
1099.03854672
1099.03854672
1099.03854672
1099.03854672
1099.03854672
1099.03854672
1099.03854672
1099.03854672
1099.03854672
1099.03854672
1099.03854672
1099.03854672
1099.03854672
1099.03854672
1099.03854672
1099.03854672
1099.03854672
1099.03854672
1099.03854672
1099.03854672
1099.03854672
1099.03854672
1099.03854672
1099.03854672
1099.03854672
1099.03854672
1099.03854672
1099.03854672
1099.03854672
1099.03854672
1099.03854672
1099.03854672
1099.03854672
1099.03854672
1099.03854672
1099.03854672
1099.03854672
1099.03854672
1099.03854672
1099.03854672
1099.03854672
1099.03854672
1099.03854672
1099.03854672
1099.03854672
1099.03854672
1099.03854672
1099.03854672
1099.03854672
1099.03854672
1099.03854672
1099.03854672
1099.03854672
1099.03854672
1099.03854672
1099.03854672
1099.03854672
1099.03854672
1099.03854672
1099.03854672
1099.03854672
1099.03854672
1099.03854672
1099.03854672
1099.03854672
1099.03854672
1099.03854672
1099.03854672
1099.03854672
1099.03854672
1099.03854672
1099.03854672
1099.03854672
1099.03854672
1099.03854672
1099.03854672
1099.03854672
1099.03854672
1099.03854672
1099.03854672
1099.03854672
1099.03854672
1099.03854672
1099.03854672
1099.03854672
1099.03854672
1099.03854672
1099.03854672
1099.03854672
1099.03854672
1099.03854672
1099.03854672
1099.03854672
1099.03854672
1099.03854672
1099.03854672
1099.03854672
1099.03854672
1099.03854672
1099.03854672
1099.03854672
1099.03854672
1099.03854672
1099.03854672
1099.03854672
1099.03854672
1099.03854672
1099.03854672
1099.03854672
1099.03854672
1099.03854672
1099.03854672
1099.03854672
1099.03854672
1099.03854672
1099.03854672
1099.03854672
1099.03854672
1099.03854672
1099.03854672
1099.03854672
1099.03854672
1099.03854672
1099.03854672
1099.03854672
1099.03854672
1099.03854672
1099.03854672
1099.03854672
1099.03854672
1099.03854672
1099.03854672
1099.03854672
1099.03854672
1099.03854672
1099.03854672
1099.03854672
1099.03854672
1099.03854672
1099.03854672
1099.03854672
1099.03854672
1099.03854672
1099.03854672
1099.03854672
1099.03854672
1099.03854672
1099.03854672
1099.03854672
1099.03854672
1099.03854672
1099.03854672
1099.03854672
1099.03854672
1099.03854672
1099.03854672
1099.03854672
1099.03854672
1099.03854672
1099.03854672
1099.03854672
1099.03854672
1099.03854672
1099.03854672
1099.03854672
1099.03854672
1099.03854672
1099.03854672
1099.03854672
1099.03854672
1099.03854672
1099.03854672
1099.03854672
1099.03854672
1099.03854672
1099.03854672
1099.03854672
1099.03854672
1099.03854672
1099.03854672
1099.03854672
1099.03854672
1099.03854672
1099.03854672
1099.03854672
1099.03854672
1099.03854672
1099.03854672
1099.03854672
1099.03854672
1099.03854672
1099.03854672
1099.03854672
1099.03854672
1099.03854672
1099.03854672
1099.03854672
1099.03854672
1099.03854672
1099.03854672
1099.03854672
1099.03854672
1099.03854672
1099.03854672
1099.03854672
1099.03854672
1099.03854672
1099.03854672
1099.03854672
1099.03854672
1099.03854672
1099.03854672
1099.03854672
1099.03854672
1099.03854672
1099.03854672
1099.03854672
1099.03854672
1099.03854672
1099.03854672
1099.03854672
1099.03854672
1099.03854672
1099.03854672
1099.03854672
1099.03854672
1099.03854672
1099.03854672
1099.03854672
1099.03854672
1099.03854672
1099.03854672
1099.03854672
1099.03854672
1099.03854672
1099.03854672
1099.03854672
1099.03854672
1099.03854672
1099.03854672
1099.03854672
1099.03854672
1099.03854672
1099.03854672
1099.03854672
1099.03854672
1099.03854672
1099.03854672
1099.03854672
1099.03854672
1099.03854672
1099.03854672
1099.03854672
1099.03854672
1099.03854672
1099.03854672
1099.03854672
1099.03854672
1099.03854672
1099.03854672
1099.03854672
1099.03854672
1099.03854672
1099.03854672
1099.03854672
1099.03854672
1099.03854672
1099.03854672
1099.03854672
1099.03854672
1099.03854672
1099.03854672
1099.03854672
1099.03854672
1099.03854672
1099.03854672
1099.03854672
1099.03854672
1099.03854672
1099.03854672
1099.03854672
1099.03854672
1099.03854672
1099.03854672
1099.03854672
1099.03854672
1099.03854672
1099.03854672
1099.03854672
1099.03854672
1099.03854672
1099.03854672
1099.03854672
1099.03854672
1099.03854672
1099.03854672
1099.03854672
1099.03854672
1099.03854672
1099.03854672
1099.03854672
1099.03854672
1099.03854672
1099.03854672
1099.03854672
1099.03854672
1099.03854672
1099.03854672
1099.03854672
1099.03854672
1099.03854672
1099.03854672
1099.03854672
1099.03854672
1099.03854672
1099.03854672
1099.03854672
1099.03854672
1099.03854672
1099.03854672
1099.03854672
1099.03854672
1099.03854672
1099.03854672
1099.03854672
1099.03854672
1099.03854672
1099.03854672
1099.03854672
1099.03854672
1099.03854672
1099.03854672
1099.03854672
1099.03854672
1099.03854672
1099.03854672
1099.03854672
1099.03854672
1099.03854672
1099.03854672
1099.03854672
1099.03854672
1099.03854672
1099.03854672
1099.03854672
1099.03854672
1099.03854672
1099.03854672
1099.03854672
1099.03854672
1099.03854672
1099.03854672
1099.03854672
1099.03854672
1099.03854672
1099.03854672
1099.03854672
1099.03854672
1099.03854672
1099.03854672
1099.03854672
1099.03854672
1099.03854672
1099.03854672
1099.03854672
1099.03854672
1099.03854672
1099.03854672
1099.03854672
1099.03854672
1099.03854672
1099.03854672
1099.03854672
1099.03854672
1099.03854672
1099.03854672
1099.03854672
1099.03854672
1099.03854672
1099.03854672
1099.03854672
1099.03854672
1099.03854672
1099.03854672
1099.03854672
1099.03854672
1099.03854672
1099.03854672
1099.03854672
1099.03854672
1099.03854672
1099.03854672
1099.03854672
1099.03854672
1099.03854672
1099.03854672
1099.03854672
1099.03854672
1099.03854672
1099.03854672
1099.03854672
1099.03854672
1099.03854672
1099.03854672
1099.03854672
1099.03854672
1099.03854672
1099.03854672
1099.03854672
1099.03854672
1099.03854672
1099.03854672
1099.03854672
1099.03854672
1099.03854672
1099.03854672
1099.03854672
1099.03854672
1099.03854672
1099.03854672
1099.03854672
1099.03854672
1099.03854672
1099.03854672
1099.03854672
1099.03854672
1099.03854672
1099.03854672
1099.03854672
1099.03854672
1099.03854672
1099.03854672
1099.03854672
1099.03854672
1099.03854672
1099.03854672
1099.03854672
1099.03854672
1099.03854672
1099.03854672
1099.03854672
1099.03854672
1099.03854672
1099.03854672
1099.03854672
1099.03854672
1099.03854672
1099.03854672
1099.03854672
1099.03854672
1099.03854672
1099.03854672
1099.03854672
1099.03854672
1099.03854672
1099.03854672
1099.03854672
1099.03854672
1099.03854672
1099.03854672
1099.03854672
1099.03854672
1099.03854672
1099.03854672
1099.03854672
1099.03854672
1099.03854672
1099.03854672
1099.03854672
1099.03854672
1099.03854672
1099.03854672
1099.03854672
1099.03854672
1099.03854672
1099.03854672
1099.03854672
1099.03854672
1099.03854672
1099.03854672
1099.03854672
1099.03854672
1099.03854672
1099.03854672
1099.03854672
1099.03854672
1099.03854672
1099.03854672
1099.03854672
1099.03854672
1099.03854672
1099.03854672
1099.03854672
1099.03854672
1099.03854672
1099.03854672
1099.03854672
1099.03854672
1099.03854672
1099.03854672
1099.03854672
1099.03854672
1099.03854672
1099.03854672
1099.03854672
1099.03854672
1099.03854672
1099.03854672
1099.03854672
1099.03854672
1099.03854672
1099.03854672
1099.03854672
1099.03854672
1099.03854672
1099.03854672
1099.03854672
1099.03854672
1099.03854672
1099.03854672
1099.03854672
1099.03854672
1099.03854672
1099.03854672
1099.03854672
1099.03854672
1099.03854672
1099.03854672
1099.03854672
1099.03854672
1099.03854672
1099.03854672
1099.03854672
1099.03854672
1099.03854672
1099.03854672
1099.03854672
1099.03854672
1099.03854672
1099.03854672
1099.03854672
1099.03854672
1099.03854672
1099.03854672
1099.03854672
1099.03854672
1099.03854672
1099.03854672
1099.03854672
1099.03854672
1099.03854672
1099.03854672
1099.03854672
1099.03854672
1099.03854672
1099.03854672
1099.03854672
1099.03854672
1099.03854672
1099.03854672
1099.03854672
1099.03854672
1099.03854672
1099.03854672
