1374.06473271
1318.2846748
1276.39143779
1258.68078512
1258.68078512
1258.68078512
1258.68078512
1258.68078512
1258.68078512
1258.68078512
1258.68078512
1247.28649673
1247.28649673
1247.28649673
1231.24846146
1225.55893044
1225.55893044
1180.77434596
1180.77434596
1180.77434596
1180.77434596
1178.84371315
1169.27442796
1169.27442796
1169.27442796
1169.27442796
1137.33041587
1137.33041587
1137.33041587
1135.51055779
1135.51055779
1135.51055779
1133.9566834
1133.9566834
1133.9566834
1133.9566834
1128.0805533
1124.94391898
1112.68191004
1112.68191004
1112.68191004
1112.68191004
1112.68191004
1112.68191004
1112.68191004
1112.68191004
1107.12836804
1107.12836804
1107.12836804
1107.12836804
1107.12836804
1107.12836804
1107.12836804
1107.12836804
1107.12836804
1107.12836804
1107.12836804
1105.54419008
1105.54419008
1105.54419008
1105.54419008
1105.54419008
1105.54419008
1105.54419008
1105.54419008
1105.54419008
1105.54419008
1105.54419008
1105.54419008
1103.06093307
1103.06093307
1103.06093307
1103.06093307
1103.06093307
1103.06093307
1103.06093307
1103.06093307
1103.06093307
1103.06093307
1103.06093307
1103.06093307
1103.06093307
1103.06093307
1103.06093307
1102.26464865
1102.26464865
1102.26464865
1102.26464865
1102.26464865
1102.26464865
1102.26464865
1102.26464865
1102.26464865
1102.26464865
1102.26464865
1102.26464865
1102.26464865
1102.26464865
1102.26464865
1102.26464865
1102.26464865
1102.26464865
1102.26464865
1102.26464865
1102.26464865
1102.26464865
1102.26464865
1102.26464865
1102.26464865
1102.26464865
1102.26464865
1102.26464865
1102.26464865
1102.26464865
1102.26464865
1102.26464865
1102.26464865
1102.26464865
1102.26464865
1102.26464865
1102.26464865
1102.26464865
1102.26464865
1102.26464865
1102.26464865
1102.26464865
1102.26464865
1102.26464865
1102.26464865
1102.26464865
1102.26464865
1102.26464865
1102.26464865
1102.26464865
1102.26464865
1102.26464865
1102.26464865
1102.26464865
1102.26464865
1102.26464865
1102.26464865
1102.26464865
1102.26464865
1102.26464865
1102.26464865
1102.26464865
1098.79878523
1098.17152311
1098.17152311
1098.17152311
1098.17152311
1098.17152311
1097.1981868
1097.1981868
1097.1981868
1097.1981868
1097.1981868
1097.1981868
1097.1981868
1097.1981868
1097.1981868
1097.1981868
1096.52951795
1096.52951795
1096.52951795
1089.63428061
1089.63428061
1089.63428061
1089.63428061
1089.63428061
1089.63428061
1089.63428061
1089.63428061
1089.63428061
1089.63428061
1089.63428061
1089.63428061
1089.63428061
1089.63428061
1088.04435628
1088.04435628
1088.04435628
1088.04435628
1088.04435628
1088.04435628
1088.04435628
1088.04435628
1088.04435628
1088.04435628
1087.54329659
1086.33564974
1084.74572542
1084.74572542
1084.74572542
1084.74572542
1084.74572542
1084.74572542
1084.74572542
1084.74572542
1084.74572542
1084.74572542
1084.74572542
1084.74572542
1084.74572542
1084.74572542
1084.74572542
1084.74572542
1084.74572542
1084.74572542
1084.74572542
1084.74572542
1084.74572542
1084.74572542
1084.74572542
1084.74572542
1082.6547414
1082.6547414
1082.6547414
1082.6547414
1082.6547414
1082.6547414
1082.6547414
1082.6547414
1082.6547414
1082.6547414
1082.24210783
1082.24210783
1082.24210783
1082.24210783
1082.24210783
1082.24210783
1082.24210783
1082.24210783
1082.24210783
1082.24210783
1082.24210783
1082.24210783
1082.24210783
1082.24210783
1082.24210783
1082.24210783
1082.24210783
1082.24210783
1082.24210783
1082.24210783
1082.24210783
1082.24210783
1082.24210783
1082.24210783
1082.24210783
1082.24210783
1082.24210783
1082.24210783
1082.24210783
1082.24210783
1082.24210783
1082.24210783
1082.24210783
1082.24210783
1082.24210783
1082.24210783
1082.24210783
1082.24210783
1082.24210783
1082.24210783
1082.24210783
1082.24210783
1082.24210783
1082.24210783
1082.24210783
1082.24210783
1082.24210783
1082.24210783
1082.24210783
1082.24210783
1082.24210783
1082.24210783
1082.24210783
1082.24210783
1082.24210783
1082.24210783
1082.24210783
1082.24210783
1082.24210783
1082.24210783
1082.24210783
1082.24210783
1082.24210783
1082.24210783
1082.24210783
1082.24210783
1082.24210783
1082.24210783
1082.24210783
1082.24210783
1082.24210783
1082.24210783
1082.24210783
1082.24210783
1082.24210783
1082.24210783
1082.24210783
1082.24210783
1082.24210783
1082.24210783
1082.24210783
1082.24210783
1082.24210783
1082.24210783
1082.24210783
1082.24210783
1082.24210783
1082.24210783
1082.24210783
1082.24210783
1082.24210783
1082.24210783
1082.24210783
1082.24210783
1082.24210783
1082.24210783
1082.24210783
1082.24210783
1082.24210783
1082.24210783
1082.24210783
1082.24210783
1082.24210783
1082.24210783
1082.24210783
1082.24210783
1082.24210783
1082.24210783
1082.24210783
1082.24210783
1082.24210783
1082.24210783
1082.24210783
1082.24210783
1082.24210783
1082.24210783
1082.24210783
1082.24210783
1082.24210783
1082.24210783
1082.24210783
1082.24210783
1082.24210783
1082.24210783
1082.24210783
1082.24210783
1082.24210783
1082.24210783
1082.24210783
1082.24210783
1082.24210783
1082.24210783
1082.24210783
1082.24210783
1082.24210783
1082.24210783
1082.24210783
1082.24210783
1082.24210783
1082.24210783
1082.24210783
1082.24210783
1082.24210783
1082.24210783
1082.24210783
1082.24210783
1082.24210783
1082.24210783
1082.24210783
1082.24210783
1082.24210783
1082.24210783
1082.24210783
1082.24210783
1082.24210783
1082.24210783
1082.24210783
1082.24210783
1082.24210783
1082.24210783
1082.24210783
1082.24210783
1082.24210783
1082.24210783
1082.24210783
1082.24210783
1082.24210783
1082.24210783
1082.24210783
1082.24210783
1082.24210783
1082.24210783
1082.24210783
1082.24210783
1082.24210783
1082.24210783
1082.24210783
1082.24210783
1082.24210783
1082.24210783
1082.24210783
1082.24210783
1082.24210783
1082.24210783
1082.24210783
1082.24210783
1082.24210783
1082.24210783
1082.24210783
1082.24210783
1082.24210783
1082.24210783
1082.24210783
1082.24210783
1082.24210783
1082.24210783
1082.24210783
1082.24210783
1082.24210783
1082.24210783
1082.24210783
1082.24210783
1082.24210783
1082.24210783
1082.24210783
1082.24210783
1082.24210783
1082.24210783
1082.24210783
1082.24210783
1082.24210783
1082.24210783
1082.24210783
1082.24210783
1082.24210783
1082.24210783
1082.24210783
1082.24210783
1082.24210783
1082.24210783
1082.24210783
1082.24210783
1082.24210783
1082.24210783
1082.24210783
1082.24210783
1082.24210783
1082.24210783
1082.24210783
1082.24210783
1082.24210783
1082.24210783
1082.24210783
1082.24210783
1082.24210783
1082.24210783
1082.24210783
1082.24210783
1082.24210783
1082.24210783
1082.24210783
1082.24210783
1082.24210783
1082.24210783
1082.24210783
1082.24210783
1082.24210783
1082.24210783
1082.24210783
1082.24210783
1082.24210783
1082.24210783
1082.24210783
1082.24210783
1082.24210783
1082.24210783
1082.24210783
1082.24210783
1082.24210783
1082.24210783
1082.24210783
1082.24210783
1082.24210783
1082.24210783
1082.24210783
1082.24210783
1082.24210783
1082.24210783
1082.24210783
1082.24210783
1082.24210783
1082.24210783
1082.24210783
1082.24210783
1082.24210783
1082.24210783
1082.24210783
1082.24210783
1082.24210783
1082.24210783
1082.24210783
1082.24210783
1082.24210783
1082.24210783
1082.24210783
1082.24210783
1082.24210783
1082.24210783
1082.24210783
1082.24210783
1082.24210783
1082.24210783
1082.24210783
1082.24210783
1082.24210783
1082.24210783
1082.24210783
1082.24210783
1082.24210783
1082.24210783
1082.24210783
1082.24210783
1082.24210783
1082.24210783
1082.24210783
1082.24210783
1082.24210783
1082.24210783
1082.24210783
1082.24210783
1082.24210783
1082.24210783
1082.24210783
1082.24210783
1082.24210783
1082.24210783
1082.24210783
1082.24210783
1082.24210783
1082.24210783
1082.24210783
1082.24210783
1082.24210783
1082.24210783
1082.24210783
1082.24210783
1082.24210783
1082.24210783
1082.24210783
1082.24210783
1082.24210783
1082.24210783
1082.24210783
1082.24210783
1082.24210783
1082.24210783
1082.24210783
1082.24210783
1082.24210783
1082.24210783
1082.24210783
1082.24210783
1082.24210783
1082.24210783
1082.24210783
1082.24210783
1082.24210783
1082.24210783
1082.24210783
1082.24210783
1082.24210783
1082.24210783
1082.24210783
1082.24210783
1082.24210783
1082.24210783
1082.24210783
1082.24210783
1082.24210783
1082.24210783
1082.24210783
1082.24210783
1082.24210783
1082.24210783
1082.24210783
1082.24210783
1082.24210783
1082.24210783
1082.24210783
1082.24210783
1082.24210783
1082.24210783
1082.24210783
1082.24210783
1082.24210783
1082.24210783
1082.24210783
1082.24210783
1082.24210783
1082.24210783
1082.24210783
1082.24210783
1082.24210783
1082.24210783
1082.24210783
1082.24210783
1082.24210783
1082.24210783
1082.24210783
1082.24210783
1082.24210783
1082.24210783
1082.24210783
1082.24210783
1082.24210783
1082.24210783
1082.24210783
1082.24210783
1082.24210783
1082.24210783
1082.24210783
1082.24210783
1082.24210783
1082.24210783
1082.24210783
1082.24210783
1082.24210783
1082.24210783
1082.24210783
1082.24210783
1082.24210783
1082.24210783
1082.24210783
1082.24210783
1082.24210783
1082.24210783
1082.24210783
1082.24210783
1082.24210783
1082.24210783
1082.24210783
1082.24210783
1082.24210783
1082.24210783
1082.24210783
1082.24210783
1082.24210783
1082.24210783
1082.24210783
1082.24210783
1082.24210783
1082.24210783
1082.24210783
1082.24210783
1082.24210783
1082.24210783
1082.24210783
1082.24210783
1082.24210783
1082.24210783
1082.24210783
1082.24210783
1082.24210783
1082.24210783
1082.24210783
1082.24210783
1082.24210783
1082.24210783
1082.24210783
1082.24210783
1082.24210783
1082.24210783
1082.24210783
1082.24210783
1082.24210783
1082.24210783
1082.24210783
1082.24210783
1082.24210783
1082.24210783
1082.24210783
1082.24210783
1082.24210783
1082.24210783
1082.24210783
1082.24210783
1082.24210783
1082.24210783
1082.24210783
1082.24210783
1082.24210783
1082.24210783
1082.24210783
1082.24210783
1082.24210783
1082.24210783
1082.24210783
1082.24210783
1082.24210783
1082.24210783
1082.24210783
1082.24210783
1082.24210783
1082.24210783
1082.24210783
1082.24210783
1082.24210783
1082.24210783
1082.24210783
1082.24210783
1082.24210783
1082.24210783
1082.24210783
1082.24210783
1082.24210783
1082.24210783
1082.24210783
1082.24210783
1082.24210783
1082.24210783
1082.24210783
1082.24210783
1082.24210783
1082.24210783
1082.24210783
1082.24210783
1082.24210783
1082.24210783
1082.24210783
1082.24210783
1082.24210783
1082.24210783
1082.24210783
1082.24210783
1082.24210783
1082.24210783
1082.24210783
1082.24210783
1082.24210783
1082.24210783
1082.24210783
1082.24210783
1082.24210783
1082.24210783
1082.24210783
1082.24210783
1082.24210783
1082.24210783
1082.24210783
1082.24210783
1082.24210783
1082.24210783
1082.24210783
1082.24210783
1082.24210783
1082.24210783
1082.24210783
1082.24210783
1082.24210783
1082.24210783
1082.24210783
1082.24210783
1082.24210783
1082.24210783
1082.24210783
1082.24210783
1082.24210783
1082.24210783
1082.24210783
1082.24210783
1082.24210783
1082.24210783
1082.24210783
1082.24210783
1082.24210783
1082.24210783
1082.24210783
1082.24210783
1082.24210783
1082.24210783
1082.24210783
1082.24210783
1082.24210783
1082.24210783
1082.24210783
1082.24210783
1082.24210783
1082.24210783
1082.24210783
1082.24210783
1082.24210783
1082.24210783
1082.24210783
1082.24210783
1082.24210783
1082.24210783
1082.24210783
1082.24210783
1082.24210783
1082.24210783
1082.24210783
1082.24210783
1082.24210783
1082.24210783
1082.24210783
1082.24210783
1082.24210783
1082.24210783
1082.24210783
1082.24210783
1082.24210783
1082.24210783
1082.24210783
1082.24210783
1082.24210783
1082.24210783
1082.24210783
1082.24210783
1082.24210783
1082.24210783
1082.24210783
1082.24210783
1082.24210783
1082.24210783
1082.24210783
1082.24210783
1082.24210783
1082.24210783
1082.24210783
1082.24210783
1082.24210783
1082.24210783
1082.24210783
1082.24210783
1082.24210783
1082.24210783
1082.24210783
1082.24210783
1082.24210783
1082.24210783
1082.24210783
1082.24210783
1082.24210783
1082.24210783
1082.24210783
1082.24210783
1082.24210783
1082.24210783
1082.24210783
1082.24210783
1082.24210783
1082.24210783
1082.24210783
1082.24210783
1082.24210783
1082.24210783
1082.24210783
1082.24210783
1082.24210783
1082.24210783
1082.24210783
1082.24210783
1082.24210783
1082.24210783
1082.24210783
1082.24210783
1082.24210783
1082.24210783
1082.24210783
1082.24210783
1082.24210783
1082.24210783
1082.24210783
1082.24210783
1082.24210783
1082.24210783
1082.24210783
1082.24210783
1082.24210783
1082.24210783
1082.24210783
1082.24210783
1082.24210783
1082.24210783
1082.24210783
1082.24210783
1082.24210783
1082.24210783
1082.24210783
1082.24210783
1082.24210783
1082.24210783
1082.24210783
1082.24210783
1082.24210783
1082.24210783
1082.24210783
1082.24210783
1082.24210783
1082.24210783
1082.24210783
1082.24210783
1082.24210783
1082.24210783
1082.24210783
1082.24210783
1082.24210783
1082.24210783
1082.24210783
1082.24210783
1082.24210783
1082.24210783
1082.24210783
1082.24210783
1082.24210783
1082.24210783
1082.24210783
1082.24210783
1082.24210783
1082.24210783
1082.24210783
1082.24210783
1082.24210783
1082.24210783
1082.24210783
1082.24210783
1082.24210783
1082.24210783
1082.24210783
1082.24210783
1082.24210783
1082.24210783
1082.24210783
1082.24210783
1082.24210783
1082.24210783
1082.24210783
1082.24210783
1082.24210783
1082.24210783
1082.24210783
1082.24210783
1082.24210783
1082.24210783
1082.24210783
1082.24210783
1082.24210783
1082.24210783
1082.24210783
1082.24210783
1082.24210783
1082.24210783
1082.24210783
1082.24210783
1082.24210783
1082.24210783
1082.24210783
1082.24210783
1082.24210783
1082.24210783
1082.24210783
1082.24210783
1082.24210783
1082.24210783
1082.24210783
1082.24210783
1082.24210783
1082.24210783
1082.24210783
1082.24210783
1082.24210783
1082.24210783
1082.24210783
1082.24210783
1082.24210783
1082.24210783
1082.24210783
1082.24210783
1082.24210783
1082.24210783
1082.24210783
1082.24210783
1082.24210783
1082.24210783
1082.24210783
1082.24210783
1082.24210783
1082.24210783
1082.24210783
1082.24210783
1082.24210783
1082.24210783
1082.24210783
1082.24210783
1082.24210783
