1347.81096868
1347.81096868
1332.72763066
1317.1177639
1317.1177639
1317.1177639
1259.05807734
1259.05807734
1259.05807734
1259.05807734
1259.05807734
1259.05807734
1259.05807734
1224.32265797
1224.32265797
1224.32265797
1215.1060129
1205.138301
1164.20309441
1164.20309441
1137.08525688
1137.08525688
1133.32680802
1132.60313216
1132.60313216
1128.22209459
1128.22209459
1128.22209459
1128.22209459
1128.22209459
1128.22209459
1128.22209459
1128.22209459
1125.85246208
1125.85246208
1125.85246208
1125.85246208
1125.85246208
1125.85246208
1125.85246208
1125.70954377
1124.81145244
1124.24330352
1124.24330352
1124.24330352
1124.24330352
1117.53576415
1117.53576415
1117.53576415
1116.12445215
1116.12445215
1116.12445215
1116.12445215
1116.12445215
1116.12445215
1116.12445215
1116.12445215
1116.12445215
1116.12445215
1116.12445215
1116.12445215
1116.12445215
1116.12445215
1116.12445215
1116.12445215
1116.12445215
1116.12445215
1116.12445215
1116.12445215
1116.12445215
1116.12445215
1109.10831329
1103.90556904
1103.90556904
1103.90556904
1103.90556904
1103.90556904
1102.34291594
1102.34291594
1102.34291594
1102.34291594
1102.34291594
1102.34291594
1102.34291594
1102.34291594
1102.34291594
1102.34291594
1102.34291594
1102.34291594
1102.34291594
1102.34291594
1102.34291594
1102.34291594
1102.34291594
1102.34291594
1102.34291594
1102.34291594
1102.34291594
1102.34291594
1102.34291594
1102.34291594
1102.34291594
1102.34291594
1102.34291594
1102.34291594
1102.34291594
1102.34291594
1102.34291594
1102.34291594
1102.34291594
1102.34291594
1102.34291594
1102.34291594
1102.34291594
1101.94247341
1101.94247341
1101.94247341
1100.45392992
1100.45392992
1099.95963294
1099.95963294
1099.95963294
1099.95963294
1099.33618338
1099.33618338
1099.33618338
1099.33618338
1099.33618338
1099.33618338
1099.33618338
1099.33618338
1099.33618338
1099.33618338
1099.33618338
1099.33618338
1099.33618338
1099.33618338
1099.33618338
1099.33618338
1099.33618338
1099.33618338
1099.33618338
1099.33618338
1099.33618338
1099.33618338
1099.33618338
1099.33618338
1099.33618338
1099.33618338
1099.33618338
1099.33618338
1099.33618338
1099.33618338
1099.33618338
1099.33618338
1099.33618338
1099.33618338
1099.33618338
1099.33618338
1099.33618338
1099.33618338
1099.33618338
1099.33618338
1099.33618338
1099.33618338
1099.33618338
1099.33618338
1099.33618338
1099.33618338
1099.33618338
1099.33618338
1099.33618338
1099.33618338
1099.33618338
1099.33618338
1099.33618338
1099.33618338
1099.33618338
1099.33618338
1099.33618338
1099.33618338
1099.06720771
1099.06720771
1099.06720771
1099.06720771
1099.06720771
1099.06720771
1099.06720771
1097.59079211
1097.59079211
1097.59079211
1097.59079211
1097.59079211
1097.59079211
1097.59079211
1097.59079211
1097.59079211
1097.59079211
1097.59079211
1097.59079211
1097.59079211
1097.59079211
1097.59079211
1097.59079211
1097.59079211
1096.9871016
1096.9871016
1096.9871016
1096.9871016
1096.9871016
1096.9871016
1096.9871016
1096.9871016
1096.9871016
1096.9871016
1096.9871016
1096.9871016
1096.9871016
1096.9871016
1096.9871016
1096.9871016
1096.9871016
1096.9871016
1096.9871016
1096.9871016
1096.9871016
1096.9871016
1096.9871016
1096.9871016
1096.9871016
1096.9871016
1096.9871016
1096.9871016
1096.9871016
1096.9871016
1096.9871016
1096.9871016
1096.9871016
1096.9871016
1096.9871016
1096.9871016
1096.9871016
1096.9871016
1096.9871016
1095.49855811
1095.49855811
1095.42814058
1095.42814058
1095.42814058
1095.42814058
1095.42814058
1095.42814058
1095.42814058
1095.42814058
1095.42814058
1095.42814058
1095.42814058
1095.42814058
1095.42814058
1095.42814058
1095.42814058
1095.42814058
1095.42814058
1095.42814058
1095.42814058
1095.42814058
1095.42814058
1095.42814058
1095.42814058
1095.42814058
1095.42814058
1095.42814058
1095.42814058
1095.42814058
1095.42814058
1095.42814058
1095.42814058
1095.42814058
1095.42814058
1095.42814058
1095.42814058
1095.42814058
1095.42814058
1095.42814058
1095.42814058
1095.42814058
1095.42814058
1095.42814058
1095.42814058
1095.42814058
1095.42814058
1095.42814058
1095.42814058
1095.42814058
1095.42814058
1095.42814058
1095.42814058
1094.09863042
1094.09863042
1094.09863042
1094.09863042
1092.61008692
1092.61008692
1092.61008692
1092.61008692
1092.61008692
1092.61008692
1092.61008692
1092.61008692
1092.61008692
1092.61008692
1092.61008692
1092.61008692
1092.61008692
1092.61008692
1092.61008692
1092.61008692
1092.61008692
1092.61008692
1092.61008692
1092.61008692
1092.61008692
1092.61008692
1092.61008692
1092.61008692
1092.61008692
1092.61008692
1092.61008692
1092.61008692
1092.61008692
1092.61008692
1092.61008692
1092.61008692
1092.61008692
1092.61008692
1092.61008692
1092.61008692
1092.61008692
1092.61008692
1092.61008692
1092.61008692
1092.61008692
1092.61008692
1092.61008692
1092.34111125
1092.34111125
1092.34111125
1092.34111125
1092.34111125
1092.34111125
1092.34111125
1092.34111125
1092.34111125
1092.34111125
1092.34111125
1092.34111125
1092.34111125
1092.34111125
1092.34111125
1092.34111125
1092.34111125
1092.34111125
1092.34111125
1092.34111125
1092.34111125
1092.34111125
1092.34111125
1092.34111125
1092.34111125
1092.34111125
1092.34111125
1092.34111125
1092.34111125
1092.34111125
1092.34111125
1092.34111125
1092.34111125
1092.34111125
1092.34111125
1092.34111125
1092.34111125
1092.34111125
1092.34111125
1092.34111125
1092.34111125
1092.34111125
1092.34111125
1092.34111125
1092.34111125
1092.34111125
1092.34111125
1092.34111125
1092.34111125
1092.34111125
1092.34111125
1092.34111125
1092.34111125
1092.34111125
1092.34111125
1092.34111125
1092.34111125
1092.34111125
1092.34111125
1092.34111125
1092.34111125
1092.34111125
1092.34111125
1092.34111125
1092.34111125
1092.34111125
1092.34111125
1092.34111125
1092.34111125
1092.34111125
1092.34111125
1092.34111125
1092.34111125
1092.34111125
1092.34111125
1092.34111125
1092.34111125
1092.34111125
1092.34111125
1092.34111125
1092.34111125
1092.34111125
1092.34111125
1092.34111125
1092.34111125
1092.34111125
1092.34111125
1092.34111125
1092.34111125
1092.34111125
1092.34111125
1092.34111125
1092.34111125
1092.34111125
1092.34111125
1092.34111125
1092.34111125
1092.34111125
1092.34111125
1092.34111125
1092.34111125
1092.34111125
1092.34111125
1092.34111125
1092.34111125
1092.34111125
1092.34111125
1092.34111125
1092.34111125
1092.34111125
1092.34111125
1092.34111125
1092.34111125
1092.34111125
1092.34111125
1092.34111125
1092.34111125
1092.34111125
1092.34111125
1092.34111125
1092.34111125
1092.34111125
1092.34111125
1092.34111125
1092.34111125
1092.34111125
1092.34111125
1092.34111125
1092.34111125
1092.34111125
1092.34111125
1092.34111125
1092.34111125
1092.34111125
1092.34111125
1092.34111125
1092.34111125
1092.34111125
1092.34111125
1092.34111125
1092.34111125
1092.34111125
1092.34111125
1092.34111125
1092.34111125
1092.34111125
1092.34111125
1092.34111125
1092.34111125
1092.34111125
1092.34111125
1092.34111125
1092.34111125
1092.34111125
1092.34111125
1092.34111125
1092.34111125
1092.34111125
1092.34111125
1092.34111125
1092.34111125
1092.34111125
1092.34111125
1092.34111125
1092.34111125
1092.34111125
1092.34111125
1092.34111125
1092.34111125
1092.34111125
1092.34111125
1092.34111125
1092.34111125
1092.34111125
1092.34111125
1092.34111125
1092.34111125
1092.34111125
1092.34111125
1092.34111125
1092.34111125
1092.34111125
1092.34111125
1092.34111125
1092.34111125
1092.34111125
1092.34111125
1092.34111125
1092.34111125
1092.34111125
1092.34111125
1092.34111125
1092.34111125
1092.34111125
1092.34111125
1092.34111125
1092.34111125
1092.34111125
1092.34111125
1092.34111125
1092.34111125
1092.34111125
1092.34111125
1092.34111125
1092.34111125
1092.34111125
1092.34111125
1092.34111125
1092.34111125
1092.34111125
1092.34111125
1092.34111125
1092.34111125
1092.34111125
1092.34111125
1092.34111125
1092.34111125
1092.34111125
1092.34111125
1092.34111125
1092.34111125
1092.34111125
1092.34111125
1092.34111125
1092.34111125
1092.34111125
1092.34111125
1092.34111125
1092.34111125
1092.34111125
1092.34111125
1092.34111125
1092.34111125
1092.34111125
1092.34111125
1092.34111125
1092.34111125
1092.34111125
1092.34111125
1092.34111125
1092.34111125
1092.34111125
1092.34111125
1092.34111125
1092.34111125
1092.34111125
1092.34111125
1092.34111125
1092.34111125
1092.34111125
1092.34111125
1092.34111125
1092.34111125
1092.34111125
1092.34111125
1092.34111125
1092.34111125
1092.34111125
1092.34111125
1092.34111125
1092.34111125
1092.34111125
1092.34111125
1092.34111125
1092.34111125
1092.34111125
1092.34111125
1092.34111125
1092.34111125
1092.34111125
1092.34111125
1092.34111125
1092.34111125
1092.34111125
1092.34111125
1092.34111125
1092.34111125
1092.34111125
1092.34111125
1092.34111125
1092.34111125
1092.34111125
1092.34111125
1092.34111125
1092.34111125
1092.34111125
1092.34111125
1092.34111125
1092.34111125
1092.34111125
1092.34111125
1092.34111125
1092.34111125
1092.34111125
1092.34111125
1092.34111125
1092.34111125
1092.34111125
1092.34111125
1092.34111125
1092.34111125
1092.34111125
1092.34111125
1092.34111125
1092.34111125
1092.34111125
1092.34111125
1092.34111125
1092.34111125
1092.34111125
1092.34111125
1092.34111125
1092.34111125
1092.34111125
1092.34111125
1092.34111125
1092.34111125
1092.34111125
1092.34111125
1092.34111125
1092.34111125
1092.34111125
1092.34111125
1092.34111125
1092.34111125
1092.34111125
1092.34111125
1092.34111125
1092.34111125
1092.34111125
1092.34111125
1092.34111125
1092.34111125
1092.34111125
1092.34111125
1092.34111125
1092.34111125
1092.34111125
1092.34111125
1092.34111125
1092.34111125
1092.34111125
1092.34111125
1092.34111125
1092.34111125
1092.34111125
1092.34111125
1092.34111125
1092.34111125
1092.34111125
1092.34111125
1092.34111125
1092.34111125
1092.34111125
1092.34111125
1092.34111125
1092.34111125
1092.34111125
1092.34111125
1092.34111125
1092.34111125
1092.34111125
1092.34111125
1092.34111125
1092.34111125
1092.34111125
1092.34111125
1092.34111125
1092.34111125
1092.34111125
1092.34111125
1092.34111125
1092.34111125
1092.34111125
1092.34111125
1092.34111125
1092.34111125
1092.34111125
1092.34111125
1092.34111125
1092.34111125
1092.34111125
1092.34111125
1092.34111125
1092.34111125
1092.34111125
1092.34111125
1092.34111125
1092.34111125
1092.34111125
1092.34111125
1092.34111125
1092.34111125
1092.34111125
1092.34111125
1092.34111125
1092.34111125
1092.34111125
1092.34111125
1092.34111125
1092.34111125
1092.34111125
1092.34111125
1092.34111125
1092.34111125
1092.34111125
1092.34111125
1092.34111125
1092.34111125
1092.34111125
1092.34111125
1092.34111125
1092.34111125
1092.34111125
1092.34111125
1092.34111125
1092.34111125
1092.34111125
1092.34111125
1092.34111125
1092.34111125
1092.34111125
1092.34111125
1092.34111125
1092.34111125
1092.34111125
1092.34111125
1092.34111125
1092.34111125
1092.34111125
1092.34111125
1092.34111125
1092.34111125
1092.34111125
1092.34111125
1092.34111125
1092.34111125
1092.34111125
1092.34111125
1092.34111125
1092.34111125
1092.34111125
1092.34111125
1092.34111125
1092.34111125
1092.34111125
1092.34111125
1092.34111125
1092.34111125
1092.34111125
1092.34111125
1092.34111125
1092.34111125
1092.34111125
1092.34111125
1092.34111125
1092.34111125
1092.34111125
1092.34111125
1092.34111125
1092.34111125
1092.34111125
1092.34111125
1092.34111125
1092.34111125
1092.34111125
1092.34111125
1092.34111125
1092.34111125
1092.34111125
1092.34111125
1092.34111125
1092.34111125
1092.34111125
1092.34111125
1092.34111125
1092.34111125
1092.34111125
1092.34111125
1092.34111125
1092.34111125
1092.34111125
1092.34111125
1092.34111125
1092.34111125
1092.34111125
1092.34111125
1092.34111125
1092.34111125
1092.34111125
1092.34111125
1092.34111125
1092.34111125
1092.34111125
1092.34111125
1092.34111125
1092.34111125
1092.34111125
1092.34111125
1092.34111125
1092.34111125
1092.34111125
1092.34111125
1092.34111125
1092.34111125
1092.34111125
1092.34111125
1092.34111125
1092.34111125
1092.34111125
1092.34111125
1092.34111125
1092.34111125
1092.34111125
1092.34111125
1092.34111125
1092.34111125
1092.34111125
1092.34111125
1092.34111125
1092.34111125
1092.34111125
1092.34111125
1092.34111125
1092.34111125
1092.34111125
1092.34111125
1092.34111125
1092.34111125
1092.34111125
1092.34111125
1092.34111125
1092.34111125
1092.34111125
1092.34111125
1092.34111125
1092.34111125
1092.34111125
1092.34111125
1092.34111125
1092.34111125
1092.34111125
1092.34111125
1092.34111125
1092.34111125
1092.34111125
1092.34111125
1092.34111125
1092.34111125
1092.34111125
1092.34111125
1092.34111125
1092.34111125
1092.34111125
1092.34111125
1092.34111125
1092.34111125
1092.34111125
1092.34111125
1092.34111125
1092.34111125
1092.34111125
1092.34111125
1092.34111125
1092.34111125
1092.34111125
1092.34111125
1092.34111125
1092.34111125
1092.34111125
1092.34111125
1092.34111125
1092.34111125
1092.34111125
1092.34111125
1092.34111125
1092.34111125
1092.34111125
1092.34111125
1092.34111125
1092.34111125
1092.34111125
1092.34111125
1092.34111125
1092.34111125
1092.34111125
1092.34111125
1092.34111125
1092.34111125
1092.34111125
1092.34111125
1092.34111125
1092.34111125
1092.34111125
1092.34111125
1092.34111125
1092.34111125
1092.34111125
1092.34111125
1092.34111125
1092.34111125
1092.34111125
1092.34111125
1092.34111125
1092.34111125
1092.34111125
1092.34111125
1092.34111125
1092.34111125
1092.34111125
1092.34111125
1092.34111125
1092.34111125
1092.34111125
1092.34111125
1092.34111125
1092.34111125
1092.34111125
1092.34111125
1092.34111125
1092.34111125
1092.34111125
1092.34111125
1092.34111125
1092.34111125
1092.34111125
1092.34111125
1092.34111125
1092.34111125
1092.34111125
1092.34111125
1092.34111125
1092.34111125
1092.34111125
1092.34111125
1092.34111125
1092.34111125
1092.34111125
1092.34111125
1092.34111125
1092.34111125
1092.34111125
1092.34111125
1092.34111125
1092.34111125
1092.34111125
1092.34111125
1092.34111125
1092.34111125
1092.34111125
1092.34111125
1092.34111125
1092.34111125
1092.34111125
1092.34111125
1092.34111125
