1367.03282143
1334.606339103
1326.752080578
1288.576748682
1281.5992861990003
1274.756262669
1265.509522571
1265.262260237
1253.4881251860002
1250.984859977
1247.6085422869999
1239.573598649
1228.791186286
1218.499500658
1212.9417032470003
1203.7476679899999
1196.9922748949998
1188.092696992
1183.436580449
1181.961544711
1178.7794668479999
1174.3161915619999
1169.753253703
1163.8152179699998
1163.3228378380002
1162.6699268159998
1156.437409863
1155.8109007090002
1154.9787303669998
1152.6180517369999
1151.560354067
1151.0369196769998
1150.7139432059998
1150.4124104609998
1146.8257654459999
1144.737987926
1142.485439516
1136.6692442090002
1134.4492883520002
1131.0228855909997
1129.379145122
1128.8243776160002
1128.478702797
1124.8101835090001
1122.483334546
1122.303730364
1120.1834907950001
1120.102319659
1119.924055204
1118.195788077
1116.239224615
1116.085751161
1115.6356824589998
1115.069813441
1114.1576786050002
1113.508953119
1113.508953119
1112.3696246200002
1112.184044476
1112.184044476
1111.839207233
1111.618048921
1111.618048921
1109.2282561920001
1109.2282561920001
1109.2282561920001
1109.201358625
1109.201358625
1108.921279788
1107.8096721460001
1107.49107351
1106.789459624
1106.269185199
1106.1765254810002
1106.1765254810002
1105.8294750310001
1105.802577464
1105.4536365899999
1105.4536365899999
1105.4536365899999
1105.4536365899999
1105.24045448
1105.2111250550001
1105.2111250550001
1105.1314966129999
1105.1314966129999
1105.1314966129999
1105.1314966129999
1105.1314966129999
1105.0977047840001
1105.0977047840001
1105.077826055
1104.7997070530002
1104.7997070530002
1104.7997070530002
1104.7997070530002
1104.7997070530002
1104.7997070530002
1104.7997070530002
1104.7997070530002
1104.770156084
1104.770156084
1104.770156084
1104.770156084
1104.770156084
1104.770156084
1104.770156084
1104.770156084
1104.770156084
1104.770156084
1104.770156084
1104.4449090530002
1104.4449090530002
1104.4449090530002
1104.4048648000003
1103.4834602550002
1103.4834602550002
1103.334605906
1103.334605906
1103.2851762080002
1103.2851762080002
1103.2851762080002
1103.2851762080002
1102.11299086
1102.043103637
1102.043103637
1102.043103637
1102.043103637
1102.043103637
1102.043103637
1102.043103637
1102.043103637
1102.043103637
1102.043103637
1102.043103637
1102.010996605
1102.010996605
1102.010996605
1102.010996605
1102.010996605
1102.010996605
1102.010996605
1102.010996605
1102.010996605
1102.010996605
1102.010996605
1101.439102756
1101.376376544
1101.2775241069999
1101.2775241069999
1101.2775241069999
1101.25079621
1101.1534625790002
1100.965440214
1100.9542559840002
1100.9221159920003
1100.9221159920003
1100.9221159920003
1100.9221159920003
1100.8789732100001
1100.8789732100001
1100.8789732100001
1100.812106325
1100.812106325
1100.812106325
1099.6480391609998
1099.6480391609998
1099.6480391609998
1099.6480391609998
1099.596208862
1099.562635151
1099.562635151
1099.562635151
1099.562635151
1099.562635151
1099.492747929
1099.391736899
1099.391736899
1098.976183476
1098.8171910429999
1098.8171910429999
1098.628911237
1098.628911237
1098.628911237
1098.628911237
1098.628911237
1098.628911237
1098.628911237
1098.393141507
1098.343035538
1098.222270853
1098.063278421
1098.063278421
1098.063278421
1098.063278421
1098.063278421
1098.063278421
1097.6419636310002
1097.609856599
1097.609856599
1097.609856599
1097.609856599
1097.609856599
1097.2127886580001
1097.2127886580001
1097.152419607
1097.152419607
1097.152419607
1097.152419607
1097.109276826
1097.109276826
1096.6931118510001
1096.6931118510001
1096.6931118510001
1096.6931118510001
1096.484013449
1096.484013449
1096.482733904
1096.482733904
1096.482733904
1096.482733904
1096.482733904
1096.482733904
1096.482733904
1096.482733904
1096.4414705470003
1096.4414705470003
1096.4414705470003
1096.4093635140002
1096.4093635140002
1096.4093635140002
1096.4093635140002
1096.4093635140002
1096.4093635140002
1096.4093635140002
1096.4093635140002
1096.4093635140002
1096.4093635140002
1096.4093635140002
1096.4093635140002
1096.4093635140002
1096.4093635140002
1096.4093635140002
1096.4093635140002
1096.260509165
1096.260509165
1096.2534674120002
1096.2534674120002
1096.2534674120002
1096.2534674120002
1096.2534674120002
1096.0421148930002
1096.0421148930002
1096.0421148930002
1096.032485158
1095.618876635
1095.618876635
1095.618876635
1095.618876635
1095.618876635
1095.618876635
1095.618876635
1095.618876635
1095.618876635
1095.618876635
1095.618876635
1095.4075241150001
1095.4075241150001
1095.4075241150001
1095.4075241150001
1095.4075241150001
1095.4075241150001
1095.4075241150001
1095.4075241150001
1095.4075241150001
1095.4075241150001
1095.4075241150001
1095.4075241150001
1095.4075241150001
1095.4075241150001
1095.4075241150001
1095.4075241150001
1095.4075241150001
1095.4075241150001
1095.2129259110002
1095.2129259110002
1095.2129259110002
1095.2129259110002
1095.2129259110002
1095.2129259110002
1095.2129259110002
1095.2129259110002
1095.2129259110002
1095.2129259110002
1095.2129259110002
1095.2129259110002
1095.2129259110002
1095.079974895
1095.079974895
1095.079974895
1095.079974895
1094.9311205449999
1094.9311205449999
1094.9311205449999
1094.9311205449999
1094.9311205449999
1094.9311205449999
1094.9311205449999
1094.9311205449999
1094.9311205449999
1094.9311205449999
1094.9311205449999
1094.9311205449999
1094.9311205449999
1094.9311205449999
1094.9311205449999
1094.9311205449999
1094.9311205449999
1094.9311205449999
1094.9311205449999
1094.9311205449999
1094.9311205449999
1094.9311205449999
1094.573087682
1094.573087682
1094.573087682
1094.573087682
1094.573087682
1094.573087682
1094.573087682
1094.573087682
1094.573087682
1094.573087682
1094.573087682
1094.573087682
1094.573087682
1094.573087682
1094.573087682
1094.573087682
1094.573087682
1094.573087682
1094.573087682
1094.573087682
1094.573087682
1094.5461901150002
1094.5461901150002
1094.5461901150002
1094.5461901150002
1094.5461901150002
1094.5461901150002
1094.5461901150002
1094.5461901150002
1094.5461901150002
1094.5461901150002
1094.5461901150002
1094.5461901150002
1094.5461901150002
1094.5461901150002
1094.5461901150002
1094.5461901150002
1094.5461901150002
1094.5461901150002
1094.5461901150002
1094.5461901150002
1094.5461901150002
1094.5461901150002
1094.5461901150002
1094.5461901150002
1094.5461901150002
1094.5461901150002
1094.5461901150002
1094.5461901150002
1094.5461901150002
1094.5461901150002
1094.5461901150002
1094.5461901150002
1094.5461901150002
1094.5461901150002
1094.5461901150002
1094.5461901150002
1094.5461901150002
1094.5461901150002
1094.5461901150002
1094.5461901150002
1094.5461901150002
1094.5461901150002
1094.5461901150002
1094.5461901150002
1094.5461901150002
1094.5461901150002
1094.5461901150002
1094.5461901150002
1094.5461901150002
1094.5461901150002
1094.5461901150002
1094.5461901150002
1094.5461901150002
1094.5461901150002
1094.5461901150002
1094.5461901150002
1094.5461901150002
1094.5461901150002
1094.5461901150002
1094.5461901150002
1094.5461901150002
1094.5461901150002
1094.5461901150002
1094.5461901150002
1094.5461901150002
1094.5461901150002
1094.5461901150002
1094.5461901150002
1094.5461901150002
1094.5461901150002
1094.5461901150002
1094.5461901150002
1094.5461901150002
1094.5461901150002
1094.5461901150002
1094.5461901150002
1094.5461901150002
1094.5461901150002
1094.5461901150002
1094.5461901150002
1094.5461901150002
1094.5461901150002
1094.5461901150002
1094.5461901150002
1094.5461901150002
1094.5461901150002
1094.5461901150002
1094.5461901150002
1094.5461901150002
1094.5461901150002
1094.5461901150002
1094.5461901150002
1094.5461901150002
1094.5461901150002
1094.5461901150002
1094.5461901150002
1094.5461901150002
1094.5461901150002
1094.5461901150002
1094.5461901150002
1094.5461901150002
1094.5461901150002
1094.5461901150002
1094.5461901150002
1094.5461901150002
1094.5461901150002
1094.5461901150002
1094.5461901150002
1094.5461901150002
1094.5461901150002
1094.5461901150002
1094.5461901150002
1094.5461901150002
1094.5461901150002
1094.5461901150002
1094.5461901150002
1094.5461901150002
1094.5461901150002
1094.5461901150002
1094.5461901150002
1094.5461901150002
1094.5461901150002
1094.5461901150002
1094.5461901150002
1094.5461901150002
1094.5461901150002
1094.5461901150002
1094.5461901150002
1094.5461901150002
1094.5461901150002
1094.5461901150002
1094.5461901150002
1094.5461901150002
1094.5461901150002
1094.5461901150002
1094.5461901150002
1094.5461901150002
1094.5461901150002
1094.5461901150002
1094.5461901150002
1094.5461901150002
1094.5461901150002
1094.5461901150002
1094.5461901150002
1094.5461901150002
1094.5461901150002
1094.5461901150002
1094.5461901150002
1094.5461901150002
1094.5461901150002
1094.5461901150002
1094.5461901150002
1094.5461901150002
1094.5461901150002
1094.5461901150002
1094.5461901150002
1094.5461901150002
1094.5461901150002
1094.5461901150002
1094.5461901150002
1094.5461901150002
1094.5461901150002
1094.5461901150002
1094.5461901150002
1094.5461901150002
1094.5461901150002
1094.5461901150002
1094.5461901150002
1094.5461901150002
1094.5461901150002
1094.5461901150002
1094.5461901150002
1094.5461901150002
1094.5461901150002
1094.5461901150002
1094.5461901150002
1094.5461901150002
1094.5461901150002
1094.5461901150002
1094.5461901150002
1094.5461901150002
1094.5461901150002
1094.5461901150002
1094.5461901150002
1094.5461901150002
1094.5461901150002
1094.5461901150002
1094.5461901150002
1094.5461901150002
1094.5461901150002
1094.5461901150002
1094.5461901150002
1094.5461901150002
1094.5461901150002
1094.5461901150002
1094.5461901150002
1094.5461901150002
1094.5461901150002
1094.5461901150002
1094.5461901150002
1094.5461901150002
1094.5461901150002
1094.5461901150002
1094.5461901150002
1094.5461901150002
1094.5461901150002
1094.5461901150002
1094.5461901150002
1094.5461901150002
1094.5461901150002
1094.5461901150002
1094.5461901150002
1094.5461901150002
1094.5461901150002
1094.5461901150002
1094.5461901150002
1094.5461901150002
1094.5461901150002
1094.5461901150002
1094.5461901150002
1094.5461901150002
1094.5461901150002
1094.5461901150002
1094.5461901150002
1094.5461901150002
1094.5461901150002
1094.5461901150002
1094.5461901150002
1094.5461901150002
1094.5461901150002
1094.5461901150002
1094.5461901150002
1094.5461901150002
1094.5461901150002
1094.5461901150002
1094.5461901150002
1094.5461901150002
1094.5461901150002
1094.5461901150002
1094.5461901150002
1094.5461901150002
1094.5461901150002
1094.5461901150002
1094.5461901150002
1094.5461901150002
1094.5461901150002
1094.5461901150002
1094.5461901150002
1094.5461901150002
1094.5461901150002
1094.5461901150002
1094.5461901150002
1094.5461901150002
1094.5461901150002
1094.5461901150002
1094.5461901150002
1094.5461901150002
1094.5461901150002
1094.5461901150002
1094.5461901150002
1094.5461901150002
1094.5461901150002
1094.5461901150002
1094.5461901150002
1094.5461901150002
1094.5461901150002
1094.5461901150002
1094.5461901150002
1094.5461901150002
1094.5461901150002
1094.5461901150002
1094.5461901150002
1094.5461901150002
1094.5461901150002
1094.5461901150002
1094.5461901150002
1094.5461901150002
1094.5461901150002
1094.5461901150002
1094.5461901150002
1094.5461901150002
1094.5461901150002
1094.5461901150002
1094.5461901150002
1094.5461901150002
1094.5461901150002
1094.5461901150002
1094.5461901150002
1094.5461901150002
1094.5461901150002
1094.5461901150002
1094.5461901150002
1094.5461901150002
1094.5461901150002
1094.5461901150002
1094.5461901150002
1094.5461901150002
1094.5461901150002
1094.5461901150002
1094.5461901150002
1094.5461901150002
1094.5461901150002
1094.5461901150002
1094.5461901150002
1094.5461901150002
1094.5461901150002
1094.5461901150002
1094.5461901150002
1094.5461901150002
1094.5461901150002
1094.5461901150002
1094.5461901150002
1094.5461901150002
1094.5461901150002
1094.5461901150002
1094.5461901150002
1094.5461901150002
1094.5461901150002
1094.5461901150002
1094.5461901150002
1094.5461901150002
1094.5461901150002
1094.5461901150002
1094.5461901150002
1094.5461901150002
1094.5461901150002
1094.5461901150002
1094.5461901150002
1094.5461901150002
1094.5461901150002
1094.5461901150002
1094.5461901150002
1094.5461901150002
1094.5461901150002
1094.5461901150002
1094.5461901150002
1094.5461901150002
1094.5461901150002
1094.5461901150002
1094.5461901150002
1094.5461901150002
1094.5461901150002
1094.5461901150002
1094.5461901150002
1094.5461901150002
1094.5461901150002
1094.5461901150002
1094.5461901150002
1094.5461901150002
1094.5461901150002
1094.5461901150002
1094.5461901150002
1094.5461901150002
1094.5461901150002
1094.5461901150002
1094.5461901150002
1094.5461901150002
1094.5461901150002
1094.5461901150002
1094.5461901150002
1094.5461901150002
1094.5461901150002
1094.5461901150002
1094.5461901150002
1094.5461901150002
1094.5461901150002
1094.5461901150002
1094.5461901150002
1094.5461901150002
1094.5461901150002
1094.5461901150002
1094.5461901150002
1094.5461901150002
1094.5461901150002
1094.5461901150002
1094.5461901150002
1094.5461901150002
1094.5461901150002
1094.5461901150002
1094.5461901150002
1094.5461901150002
1094.5461901150002
1094.5461901150002
1094.5461901150002
1094.5461901150002
1094.5461901150002
1094.5461901150002
1094.5461901150002
1094.5461901150002
1094.5461901150002
1094.5461901150002
1094.5461901150002
1094.5461901150002
1094.5461901150002
1094.5461901150002
1094.5461901150002
1094.5461901150002
1094.5461901150002
1094.5461901150002
1094.5461901150002
1094.5461901150002
1094.5461901150002
1094.5461901150002
1094.5461901150002
1094.5461901150002
1094.5461901150002
1094.5461901150002
1094.5461901150002
1094.5461901150002
1094.5461901150002
1094.5461901150002
1094.5461901150002
1094.5461901150002
1094.5461901150002
1094.5461901150002
1094.5461901150002
1094.5461901150002
1094.5461901150002
1094.5461901150002
1094.5461901150002
1094.5461901150002
1094.5461901150002
1094.5461901150002
1094.5461901150002
1094.5461901150002
1094.5461901150002
1094.5461901150002
1094.5461901150002
1094.5461901150002
1094.5461901150002
1094.5461901150002
1094.5461901150002
1094.5461901150002
1094.5461901150002
1094.5461901150002
1094.5461901150002
1094.5461901150002
1094.5461901150002
1094.5461901150002
1094.5461901150002
1094.5461901150002
1094.5461901150002
1094.5461901150002
1094.5461901150002
1094.5461901150002
1094.5461901150002
1094.5461901150002
1094.5461901150002
1094.5461901150002
1094.5461901150002
1094.5461901150002
1094.5461901150002
1094.5461901150002
1094.5461901150002
1094.5461901150002
1094.5461901150002
1094.5461901150002
1094.5461901150002
1094.5461901150002
1094.5461901150002
1094.5461901150002
1094.5461901150002
1094.5461901150002
1094.5461901150002
1094.5461901150002
1094.5461901150002
1094.5461901150002
1094.5461901150002
1094.5461901150002
1094.5461901150002
1094.5461901150002
1094.5461901150002
1094.5461901150002
1094.5461901150002
1094.5461901150002
1094.5461901150002
1094.5461901150002
1094.5461901150002
1094.5461901150002
1094.5461901150002
1094.5461901150002
1094.5461901150002
1094.5461901150002
1094.5461901150002
1094.5461901150002
1094.5461901150002
1094.5461901150002
1094.5461901150002
1094.5461901150002
1094.5461901150002
1094.5461901150002
1094.5461901150002
1094.5461901150002
1094.5461901150002
1094.5461901150002
1094.5461901150002
1094.5461901150002
1094.5461901150002
1094.5461901150002
1094.5461901150002
1094.5461901150002
1094.5461901150002
1094.5461901150002
1094.5461901150002
1094.5461901150002
1094.5461901150002
1094.5461901150002
1094.5461901150002
1094.5461901150002
1094.5461901150002
1094.5461901150002
1094.5461901150002
1094.5461901150002
1094.5461901150002
1094.5461901150002
1094.5461901150002
1094.5461901150002
1094.5461901150002
1094.5461901150002
1094.5461901150002
1094.5461901150002
1094.5461901150002
1094.5461901150002
1094.5461901150002
1094.5461901150002
1094.5461901150002
1094.5461901150002
1094.5461901150002
1094.5461901150002
1094.5461901150002
1094.5461901150002
1094.5461901150002
1094.5461901150002
1094.5461901150002
1094.5461901150002
1094.5461901150002
1094.5461901150002
1094.5461901150002
1094.5461901150002
1094.5461901150002
1094.5461901150002
1094.5461901150002
1094.5461901150002
1094.5461901150002
1094.5461901150002
1094.5461901150002
1094.5461901150002
1094.5461901150002
1094.5461901150002
1094.5461901150002
1094.5461901150002
1094.5461901150002
1094.5461901150002
1094.5461901150002
1094.5461901150002
1094.5461901150002
1094.5461901150002
1094.5461901150002
1094.5461901150002
1094.5461901150002
1094.5461901150002
1094.5461901150002
1094.5461901150002
1094.5461901150002
1094.5461901150002
1094.5461901150002
1094.5461901150002
1094.5461901150002
1094.5461901150002
1094.5461901150002
1094.5461901150002
1094.5461901150002
1094.5461901150002
1094.5461901150002
1094.5461901150002
1094.5461901150002
1094.5461901150002
1094.5461901150002
1094.5461901150002
1094.5461901150002
1094.5461901150002
1094.5461901150002
1094.5461901150002
1094.5461901150002
1094.5461901150002
1094.5461901150002
1094.5461901150002
1094.5461901150002
1094.5461901150002
1094.5461901150002
1094.5461901150002
1094.5461901150002
1094.5461901150002
1094.5461901150002
1094.5461901150002
1094.5461901150002
1094.5461901150002
1094.5461901150002
1094.5461901150002
1094.5461901150002
1094.5461901150002
1094.5461901150002
1094.5461901150002
1094.5461901150002
1094.5461901150002
1094.5461901150002
1094.5461901150002
1094.5461901150002
1094.5461901150002
1094.5461901150002
1094.5461901150002
1094.5461901150002
1094.5461901150002
1094.5461901150002
1094.5461901150002
1094.5461901150002
1094.5461901150002
1094.5461901150002
1094.5461901150002
1094.5461901150002
1094.5461901150002
1094.5461901150002
1094.5461901150002
1094.5461901150002
1094.5461901150002
1094.5461901150002
1094.5461901150002
1094.5461901150002
1094.5461901150002
1094.5461901150002
1094.5461901150002
1094.5461901150002
1094.5461901150002
1094.5461901150002
1094.5461901150002
1094.5461901150002
1094.5461901150002
1094.5461901150002
1094.5461901150002
1094.5461901150002
1094.5461901150002
1094.5461901150002
1094.5461901150002
1094.5461901150002
1094.5461901150002
1094.5461901150002
1094.5461901150002
1094.5461901150002
1094.5461901150002
1094.5461901150002
1094.5461901150002
1094.5461901150002
1094.5461901150002
1094.5461901150002
1094.5461901150002
1094.5461901150002
