1391.21165856
1265.87047424
1265.87047424
1265.87047424
1265.87047424
1265.87047424
1265.87047424
1265.87047424
1265.87047424
1265.87047424
1265.87047424
1263.54935739
1242.97126613
1242.97126613
1231.53644449
1205.53867788
1205.53867788
1205.53867788
1205.53867788
1205.53867788
1205.53867788
1205.53867788
1205.53867788
1181.36873921
1181.36873921
1181.36873921
1168.53465291
1168.53465291
1164.48658521
1155.97725918
1155.97725918
1155.97725918
1155.97725918
1155.97725918
1146.50093421
1146.50093421
1146.50093421
1146.50093421
1141.63958104
1141.63958104
1141.63958104
1141.63958104
1141.05090215
1141.05090215
1141.05090215
1141.05090215
1141.05090215
1141.05090215
1141.05090215
1141.05090215
1139.81466655
1138.27993201
1135.62001048
1134.65438601
1134.65438601
1134.65438601
1134.65438601
1134.65438601
1134.65438601
1134.65438601
1133.82410928
1131.61252616
1131.61252616
1124.15745588
1124.15745588
1124.15745588
1124.15745588
1124.15745588
1123.33982334
1123.33982334
1123.33982334
1123.33982334
1123.33982334
1123.33982334
1123.33982334
1123.33982334
1123.33982334
1123.33982334
1123.33982334
1123.33982334
1123.33982334
1123.33982334
1123.33982334
1123.33982334
1123.33982334
1123.33982334
1123.33982334
1123.33982334
1123.33982334
1123.33982334
1123.33982334
1123.33982334
1123.33982334
1123.33982334
1123.33982334
1123.33982334
1123.33982334
1123.33982334
1123.33982334
1123.33982334
1123.33982334
1123.33982334
1123.33982334
1123.33982334
1123.33982334
1123.33982334
1123.33982334
1123.33982334
1123.33982334
1123.33982334
1123.33982334
1123.33982334
1123.33982334
1123.33982334
1123.33982334
1123.33982334
1123.33982334
1123.33982334
1123.33982334
1123.33982334
1123.33982334
1123.33982334
1123.33982334
1120.51574483
1120.51574483
1120.51574483
1120.51574483
1120.51574483
1120.51574483
1120.51574483
1120.51574483
1120.51574483
1120.51574483
1120.51574483
1120.51574483
1120.51574483
1120.51574483
1120.51574483
1120.51574483
1120.51574483
1120.51574483
1120.51574483
1120.51574483
1120.51574483
1120.51574483
1120.51574483
1120.51574483
1120.51574483
1120.51574483
1120.51574483
1120.51574483
1120.24846586
1120.24846586
1120.24846586
1120.24846586
1119.92706594
1119.92706594
1119.92706594
1119.92706594
1119.92706594
1119.92706594
1119.92706594
1119.92706594
1119.92706594
1119.92706594
1119.92706594
1119.92706594
1119.92706594
1119.92706594
1119.92706594
1119.92706594
1119.92706594
1119.92706594
1119.92706594
1119.92706594
1119.92706594
1119.92706594
1119.92706594
1119.92706594
1119.92706594
1119.92706594
1119.92706594
1119.92706594
1119.92706594
1119.92706594
1119.92706594
1119.92706594
1119.92706594
1119.92706594
1119.92706594
1119.92706594
1119.92706594
1119.92706594
1119.92706594
1119.92706594
1119.92706594
1119.92706594
1119.92706594
1119.92706594
1119.92706594
1119.92706594
1119.92706594
1119.92706594
1119.92706594
1119.92706594
1119.92706594
1119.92706594
1119.92706594
1119.92706594
1119.92706594
1119.92706594
1119.92706594
1119.92706594
1119.92706594
1119.92706594
1119.92706594
1119.92706594
1119.91427049
1119.91427049
1119.91427049
1119.91427049
1119.91427049
1119.91427049
1119.91427049
1119.91427049
1119.91427049
1119.91427049
1119.91427049
1119.91427049
1119.91427049
1119.91427049
1119.91427049
1119.91427049
1119.91427049
1119.91427049
1119.91427049
1119.91427049
1119.91427049
1119.91427049
1119.91427049
1119.91427049
1119.91427049
1119.91427049
1119.91427049
1119.91427049
1119.91427049
1119.91427049
1119.91427049
1119.91427049
1119.91427049
1119.91427049
1119.91427049
1119.91427049
1119.91427049
1119.91427049
1119.91427049
1119.91427049
1119.91427049
1119.91427049
1119.91427049
1119.91427049
1119.91427049
1119.91427049
1119.91427049
1119.91427049
1119.91427049
1119.91427049
1119.91427049
1119.91427049
1119.91427049
1119.91427049
1119.91427049
1119.91427049
1119.91427049
1119.91427049
1119.91427049
1119.91427049
1119.91427049
1119.91427049
1119.91427049
1119.91427049
1119.91427049
1119.91427049
1119.91427049
1117.96828845
1117.96828845
1117.96828845
1117.96828845
1117.96828845
1117.96828845
1117.96828845
1117.96828845
1117.96828845
1117.96828845
1117.96828845
1117.96828845
1117.96828845
1117.96828845
1117.96828845
1117.96828845
1117.96828845
1117.96828845
1117.96828845
1117.96828845
1117.96828845
1117.96828845
1117.96828845
1117.96828845
1117.96828845
1117.96828845
1117.96828845
1117.96828845
1117.96828845
1117.96828845
1117.96828845
1117.96828845
1117.96828845
1117.96828845
1117.96828845
1117.96828845
1117.96828845
1117.96828845
1117.96828845
1117.96828845
1117.96828845
1117.96828845
1117.96828845
1117.96828845
1117.96828845
1117.96828845
1117.96828845
1117.96828845
1117.96828845
1117.96828845
1117.96828845
1117.96828845
1117.96828845
1117.96828845
1117.96828845
1117.96828845
1117.96828845
1117.96828845
1117.96828845
1117.96828845
1117.96828845
1117.96828845
1117.96828845
1117.96828845
1117.96828845
1117.96828845
1117.96828845
1117.96828845
1117.96828845
1117.96828845
1117.96828845
1117.96828845
1117.96828845
1117.96828845
1117.96828845
1117.96828845
1117.96828845
1117.96828845
1117.96828845
1117.96828845
1117.96828845
1117.96828845
1117.96828845
1117.96828845
1117.96828845
1117.96828845
1117.96828845
1117.96828845
1117.96828845
1117.96828845
1117.96828845
1117.96828845
1117.96828845
1117.96828845
1117.96828845
1117.96828845
1117.96828845
1117.96828845
1117.96828845
1117.96828845
1117.96828845
1117.96828845
1117.96828845
1117.96828845
1117.96828845
1117.96828845
1117.96828845
1117.96828845
1117.96828845
1117.96828845
1117.96828845
1117.96828845
1117.96828845
1117.96828845
1117.96828845
1117.96828845
1117.96828845
1117.96828845
1117.96828845
1117.96828845
1117.96828845
1117.96828845
1117.96828845
1117.96828845
1117.96828845
1117.96828845
1117.96828845
1117.96828845
1117.96828845
1117.96828845
1117.96828845
1117.96828845
1117.96828845
1117.96828845
1117.96828845
1117.96828845
1117.96828845
1117.96828845
1117.96828845
1117.96828845
1117.96828845
1117.96828845
1117.96828845
1117.96828845
1117.96828845
1117.96828845
1117.96828845
1117.96828845
1117.96828845
1117.96828845
1117.96828845
1117.96828845
1117.96828845
1117.96828845
1117.96828845
1117.96828845
1117.96828845
1117.96828845
1117.96828845
1117.96828845
1117.96828845
1117.96828845
1117.96828845
1117.96828845
1117.96828845
1117.96828845
1117.96828845
1117.96828845
1117.96828845
1117.96828845
1117.96828845
1117.96828845
1117.96828845
1117.96828845
1117.96828845
1117.96828845
1117.96828845
1117.96828845
1117.96828845
1117.96828845
1117.96828845
1117.96828845
1117.96828845
1117.96828845
1117.96828845
1117.96828845
1117.96828845
1117.96828845
1117.96828845
1117.96828845
1117.96828845
1117.96828845
1117.96828845
1117.96828845
1117.96828845
1117.96828845
1117.96828845
1117.96828845
1117.96828845
1117.96828845
1117.96828845
1117.96828845
1117.96828845
1117.96828845
1117.96828845
1117.96828845
1117.96828845
1117.96828845
1117.96828845
1117.96828845
1117.96828845
1117.96828845
1117.96828845
1117.96828845
1117.96828845
1117.96828845
1117.96828845
1117.96828845
1117.96828845
1117.96828845
1117.96828845
1117.96828845
1117.96828845
1117.96828845
1117.96828845
1117.96828845
1117.96828845
1117.96828845
1117.96828845
1117.96828845
1117.96828845
1117.96828845
1117.96828845
1117.96828845
1117.96828845
1117.96828845
1117.96828845
1117.96828845
1117.96828845
1117.96828845
1117.96828845
1117.96828845
1117.96828845
1117.96828845
1117.96828845
1117.96828845
1117.96828845
1117.96828845
1117.96828845
1117.96828845
1117.96828845
1117.96828845
1117.96828845
1117.96828845
1117.96828845
1117.96828845
1117.96828845
1117.96828845
1117.96828845
1117.96828845
1117.96828845
1117.96828845
1117.96828845
1117.96828845
1117.96828845
1117.96828845
1117.96828845
1117.96828845
1117.96828845
1117.96828845
1117.96828845
1117.96828845
1117.96828845
1117.96828845
1117.96828845
1117.96828845
1117.96828845
1117.96828845
1117.96828845
1117.96828845
1117.96828845
1117.96828845
1117.96828845
1117.96828845
1117.96828845
1117.96828845
1117.96828845
1117.96828845
1117.96828845
1117.96828845
1117.96828845
1117.96828845
1117.96828845
1117.96828845
1117.96828845
1117.96828845
1117.96828845
1117.96828845
1117.96828845
1117.96828845
1117.96828845
1117.96828845
1117.96828845
1117.96828845
1117.96828845
1117.96828845
1117.96828845
1117.96828845
1117.96828845
1117.96828845
1117.96828845
1117.96828845
1117.96828845
1117.96828845
1117.96828845
1117.96828845
1117.96828845
1117.96828845
1117.96828845
1117.96828845
1117.96828845
1117.96828845
1117.96828845
1117.96828845
1117.96828845
1117.96828845
1117.96828845
1117.96828845
1117.96828845
1117.96828845
1117.96828845
1117.96828845
1117.96828845
1117.96828845
1117.96828845
1117.96828845
1117.96828845
1117.96828845
1117.96828845
1117.96828845
1117.96828845
1117.96828845
1117.96828845
1117.96828845
1117.96828845
1117.96828845
1117.96828845
1117.96828845
1117.96828845
1117.96828845
1117.96828845
1117.96828845
1117.96828845
1117.96828845
1117.96828845
1117.96828845
1117.96828845
1117.96828845
1117.96828845
1117.96828845
1117.96828845
1117.96828845
1117.96828845
1117.96828845
1117.96828845
1117.96828845
1117.96828845
1117.96828845
1117.96828845
1117.96828845
1117.96828845
1117.96828845
1117.96828845
1117.96828845
1117.96828845
1117.96828845
1117.96828845
1117.96828845
1117.96828845
1117.96828845
1117.96828845
1117.96828845
1117.96828845
1117.96828845
1117.96828845
1117.96828845
1117.96828845
1117.96828845
1117.96828845
1117.96828845
1117.96828845
1117.96828845
1117.96828845
1117.96828845
1117.96828845
1117.96828845
1117.96828845
1117.96828845
1117.96828845
1117.96828845
1117.96828845
1117.96828845
1117.96828845
1117.96828845
1117.96828845
1117.96828845
1117.96828845
1117.96828845
1117.96828845
1117.96828845
1117.96828845
1117.96828845
1117.96828845
1117.96828845
1117.96828845
1117.96828845
1117.96828845
1117.96828845
1117.96828845
1117.96828845
1117.96828845
1117.96828845
1117.96828845
1117.96828845
1117.96828845
1117.96828845
1117.96828845
1117.96828845
1117.96828845
1117.96828845
1117.96828845
1117.96828845
1117.96828845
1117.96828845
1117.96828845
1117.96828845
1117.96828845
1117.96828845
1117.96828845
1117.96828845
1117.96828845
1117.96828845
1117.96828845
1117.96828845
1117.96828845
1117.96828845
1117.96828845
1117.96828845
1117.96828845
1117.96828845
1117.96828845
1117.96828845
1117.96828845
1117.96828845
1117.96828845
1117.96828845
1117.96828845
1117.96828845
1117.96828845
1117.96828845
1117.96828845
1117.96828845
1117.96828845
1117.96828845
1117.96828845
1117.96828845
1117.96828845
1117.96828845
1117.96828845
1117.96828845
1117.96828845
1117.96828845
1117.96828845
1117.96828845
1117.96828845
1117.96828845
1117.96828845
1117.96828845
1117.96828845
1117.96828845
1117.96828845
1117.96828845
1117.96828845
1117.96828845
1117.96828845
1117.96828845
1117.96828845
1117.96828845
1117.96828845
1117.96828845
1117.96828845
1117.96828845
1117.96828845
1117.96828845
1117.96828845
1117.96828845
1117.96828845
1117.96828845
1117.96828845
1117.96828845
1117.96828845
1117.96828845
1117.96828845
1117.96828845
1117.96828845
1117.96828845
1117.96828845
1117.96828845
1117.96828845
1117.96828845
1117.96828845
1117.96828845
1117.96828845
1117.96828845
1117.96828845
1117.96828845
1117.96828845
1117.96828845
1117.96828845
1117.96828845
1117.96828845
1117.96828845
1117.96828845
1117.96828845
1117.96828845
1117.96828845
1117.96828845
1117.96828845
1117.96828845
1117.96828845
1117.96828845
1117.96828845
1117.96828845
1117.96828845
1117.96828845
1117.96828845
1117.96828845
1117.96828845
1117.96828845
1117.96828845
1117.96828845
1117.96828845
1117.96828845
1117.96828845
1117.96828845
1117.96828845
1117.96828845
1117.96828845
1117.96828845
1117.96828845
1117.96828845
1117.96828845
1117.96828845
1117.96828845
1117.96828845
1117.96828845
1117.96828845
1117.96828845
1117.96828845
1117.96828845
1117.96828845
1117.96828845
1117.96828845
1117.96828845
1117.96828845
1117.96828845
1117.96828845
1117.96828845
1117.96828845
1117.96828845
1117.96828845
1117.96828845
1117.96828845
1117.96828845
1117.96828845
1117.96828845
1117.96828845
1117.96828845
1117.96828845
1117.96828845
1117.96828845
1117.96828845
1117.96828845
1117.96828845
1117.96828845
1117.96828845
1117.96828845
1117.96828845
1117.96828845
1117.96828845
1117.96828845
1117.96828845
1117.96828845
1117.96828845
1117.96828845
1117.96828845
1117.96828845
1117.96828845
1117.96828845
1117.96828845
1117.96828845
1117.96828845
1117.96828845
1117.96828845
1117.96828845
1117.96828845
1117.96828845
1117.96828845
1117.96828845
1117.96828845
1117.96828845
1117.96828845
1117.96828845
1117.96828845
1117.96828845
1117.96828845
1117.96828845
1117.96828845
1117.96828845
1117.96828845
1117.96828845
1117.96828845
1117.96828845
1117.96828845
1117.96828845
1117.96828845
1117.96828845
1117.96828845
1117.96828845
1117.96828845
1117.96828845
1117.96828845
1117.96828845
1117.96828845
1117.96828845
1117.96828845
1117.96828845
1117.96828845
1117.96828845
1117.96828845
1117.96828845
1117.96828845
1117.96828845
1117.96828845
1117.96828845
1117.96828845
1117.96828845
1117.96828845
1117.96828845
1117.96828845
1117.96828845
1117.96828845
1117.96828845
1117.96828845
1117.96828845
1117.96828845
1117.96828845
1117.96828845
1117.96828845
1117.96828845
1117.96828845
1117.96828845
1117.96828845
1117.96828845
1117.96828845
1117.96828845
1117.96828845
1117.96828845
1117.96828845
1117.96828845
1117.96828845
1117.96828845
1117.96828845
1117.96828845
1117.96828845
1117.96828845
1117.96828845
1117.96828845
1117.96828845
1117.96828845
1117.96828845
1117.96828845
1117.96828845
1117.96828845
1117.96828845
1117.96828845
1117.96828845
1117.96828845
1117.96828845
1117.96828845
1117.96828845
1117.96828845
1117.96828845
1117.96828845
1117.96828845
1117.96828845
1117.96828845
1117.96828845
1117.96828845
1117.96828845
1117.96828845
1117.96828845
1117.96828845
1117.96828845
1117.96828845
1117.96828845
1117.96828845
1117.96828845
1117.96828845
1117.96828845
1117.96828845
1117.96828845
1117.96828845
1117.96828845
1117.96828845
1117.96828845
