1327.66252481
1327.66252481
1327.66252481
1274.69880643
1274.69880643
1274.69880643
1274.69880643
1274.69880643
1211.12375007
1211.12375007
1211.12375007
1211.12375007
1211.12375007
1211.12375007
1211.12375007
1211.12375007
1211.12375007
1210.43765195
1210.43765195
1201.80421444
1201.71996907
1178.79399145
1175.99658919
1175.99658919
1175.99658919
1175.99658919
1161.05857195
1161.05857195
1161.05857195
1161.05857195
1161.05857195
1161.05857195
1160.78959628
1160.78959628
1160.78959628
1160.78959628
1151.57895666
1147.18291995
1145.8647848
1145.8647848
1145.8647848
1145.22591503
1145.22591503
1143.90777988
1142.58186074
1140.78581892
1134.02366721
1134.02366721
1134.02366721
1121.78356531
1116.37583421
1116.37583421
1116.37583421
1116.37583421
1116.37583421
1116.37583421
1116.37583421
1106.90464546
1105.6036312
1105.6036312
1105.6036312
1105.6036312
1105.6036312
1105.6036312
1105.6036312
1105.6036312
1105.33465553
1105.33465553
1105.33465553
1105.33465553
1105.33465553
1105.33465553
1105.33465553
1105.33465553
1105.33465553
1101.86415103
1101.59517536
1101.59517536
1101.59517536
1101.59517536
1101.59517536
1101.59517536
1101.59517536
1101.59517536
1101.59517536
1101.59517536
1101.59517536
1101.59517536
1101.59517536
1101.59517536
1101.59517536
1101.59517536
1101.59517536
1101.59517536
1101.59517536
1101.59517536
1101.59517536
1101.59517536
1101.59517536
1101.59517536
1101.59517536
1101.59517536
1101.59517536
1101.59517536
1101.59517536
1101.59517536
1101.59517536
1101.59517536
1101.59517536
1101.59517536
1101.59517536
1098.34270505
1098.34270505
1098.34270505
1098.34270505
1094.60322489
1094.60322489
1094.60322489
1094.60322489
1094.60322489
1094.60322489
1094.60322489
1094.60322489
1094.60322489
1094.60322489
1094.60322489
1094.60322489
1094.60322489
1094.60322489
1094.60322489
1094.60322489
1094.60322489
1094.60322489
1094.60322489
1094.60322489
1094.60322489
1094.60322489
1094.60322489
1094.60322489
1094.60322489
1094.60322489
1094.60322489
1094.60322489
1094.60322489
1094.60322489
1094.60322489
1094.60322489
1094.60322489
1094.60322489
1094.60322489
1094.60322489
1094.60322489
1094.60322489
1094.60322489
1094.60322489
1094.60322489
1094.60322489
1094.60322489
1094.60322489
1094.60322489
1094.60322489
1094.60322489
1094.60322489
1094.60322489
1094.60322489
1094.60322489
1094.60322489
1094.60322489
1094.60322489
1094.60322489
1094.60322489
1094.60322489
1094.60322489
1094.60322489
1094.60322489
1094.60322489
1094.60322489
1094.60322489
1094.60322489
1094.60322489
1094.60322489
1094.60322489
1094.60322489
1094.60322489
1094.60322489
1094.60322489
1094.60322489
1094.60322489
1094.60322489
1094.60322489
1094.60322489
1094.60322489
1094.60322489
1094.60322489
1094.60322489
1094.60322489
1094.60322489
1094.60322489
1094.60322489
1094.60322489
1094.60322489
1094.60322489
1094.60322489
1094.60322489
1094.60322489
1094.60322489
1094.60322489
1094.60322489
1094.60322489
1094.60322489
1094.60322489
1094.60322489
1094.60322489
1094.60322489
1094.60322489
1094.60322489
1094.60322489
1094.60322489
1094.60322489
1094.60322489
1094.60322489
1094.60322489
1094.60322489
1094.60322489
1094.60322489
1094.60322489
1094.60322489
1094.60322489
1094.60322489
1094.60322489
1094.60322489
1094.60322489
1094.60322489
1094.60322489
1094.60322489
1094.60322489
1094.60322489
1094.60322489
1094.60322489
1094.60322489
1094.60322489
1094.60322489
1094.60322489
1094.60322489
1094.60322489
1094.60322489
1094.60322489
1094.60322489
1094.60322489
1094.60322489
1094.60322489
1094.60322489
1094.60322489
1094.60322489
1094.60322489
1094.60322489
1094.60322489
1094.60322489
1094.60322489
1094.60322489
1094.60322489
1094.60322489
1094.60322489
1094.60322489
1094.60322489
1094.60322489
1094.60322489
1094.60322489
1094.60322489
1094.60322489
1094.60322489
1094.60322489
1094.60322489
1094.60322489
1094.60322489
1094.60322489
1094.60322489
1094.60322489
1094.60322489
1094.60322489
1094.60322489
1094.60322489
1094.60322489
1094.60322489
1094.60322489
1094.60322489
1094.60322489
1094.60322489
1094.60322489
1094.60322489
1094.60322489
1094.60322489
1094.60322489
1094.60322489
1094.60322489
1094.60322489
1094.60322489
1094.60322489
1094.60322489
1094.60322489
1094.60322489
1094.60322489
1094.60322489
1094.60322489
1094.60322489
1094.60322489
1094.60322489
1094.60322489
1094.60322489
1094.60322489
1094.60322489
1094.60322489
1094.60322489
1094.60322489
1094.60322489
1094.60322489
1094.60322489
1094.60322489
1094.60322489
1094.60322489
1094.60322489
1094.60322489
1094.60322489
1094.60322489
1094.60322489
1094.60322489
1094.60322489
1094.60322489
1094.60322489
1094.60322489
1094.60322489
1094.60322489
1094.60322489
1094.60322489
1094.60322489
1094.60322489
1094.60322489
1094.60322489
1094.60322489
1094.60322489
1094.60322489
1094.60322489
1094.60322489
1094.60322489
1094.60322489
1094.60322489
1094.60322489
1094.60322489
1094.60322489
1094.60322489
1094.60322489
1094.60322489
1094.60322489
1094.60322489
1094.60322489
1094.60322489
1094.60322489
1094.60322489
1094.60322489
1094.60322489
1094.60322489
1094.60322489
1094.60322489
1094.60322489
1094.60322489
1094.60322489
1094.60322489
1094.60322489
1094.60322489
1094.60322489
1094.60322489
1094.60322489
1094.60322489
1094.60322489
1094.60322489
1094.60322489
1094.60322489
1094.60322489
1094.60322489
1094.60322489
1094.60322489
1094.60322489
1094.60322489
1094.60322489
1094.60322489
1094.60322489
1094.60322489
1094.60322489
1094.60322489
1094.60322489
1094.60322489
1094.60322489
1094.60322489
1094.60322489
1094.60322489
1094.60322489
1094.60322489
1094.60322489
1094.60322489
1094.60322489
1094.60322489
1094.60322489
1094.60322489
1094.60322489
1094.60322489
1094.60322489
1094.60322489
1094.60322489
1094.60322489
1094.60322489
1094.60322489
1094.60322489
1094.60322489
1094.60322489
1094.60322489
1094.60322489
1094.60322489
1094.60322489
1094.60322489
1094.60322489
1094.60322489
1094.60322489
1094.60322489
1094.60322489
1094.60322489
1094.60322489
1094.60322489
1094.60322489
1094.60322489
1094.60322489
1094.60322489
1094.60322489
1094.60322489
1094.60322489
1094.60322489
1094.60322489
1094.60322489
1094.60322489
1094.60322489
1094.60322489
1094.60322489
1094.60322489
1094.60322489
1094.60322489
1094.60322489
1094.60322489
1094.60322489
1094.60322489
1094.60322489
1094.60322489
1094.60322489
1094.60322489
1094.60322489
1094.60322489
1094.60322489
1094.60322489
1094.60322489
1094.60322489
1094.60322489
1094.60322489
1094.60322489
1094.60322489
1094.60322489
1094.60322489
1094.60322489
1094.60322489
1094.60322489
1094.60322489
1094.60322489
1094.60322489
1094.60322489
1094.60322489
1094.60322489
1094.60322489
1094.60322489
1094.60322489
1094.60322489
1094.60322489
1094.60322489
1094.60322489
1094.60322489
1094.60322489
1094.60322489
1094.60322489
1094.60322489
1094.60322489
1094.60322489
1094.60322489
1094.60322489
1094.60322489
1094.60322489
1094.60322489
1094.60322489
1094.60322489
1094.60322489
1094.60322489
1094.60322489
1094.60322489
1094.60322489
1094.60322489
1094.60322489
1094.60322489
1094.60322489
1094.60322489
1094.60322489
1094.60322489
1094.60322489
1094.60322489
1094.60322489
1094.60322489
1094.60322489
1094.60322489
1094.60322489
1094.60322489
1094.60322489
1094.60322489
1094.60322489
1094.60322489
1094.60322489
1094.60322489
1094.60322489
1094.60322489
1094.60322489
1094.60322489
1094.60322489
1094.60322489
1094.60322489
1094.60322489
1094.60322489
1094.60322489
1094.60322489
1094.60322489
1094.60322489
1094.60322489
1094.60322489
1094.60322489
1094.60322489
1094.60322489
1094.60322489
1094.60322489
1094.60322489
1094.60322489
1094.60322489
1094.60322489
1094.60322489
1094.60322489
1094.60322489
1094.60322489
1094.60322489
1094.60322489
1094.60322489
1094.60322489
1094.60322489
1094.60322489
1094.60322489
1094.60322489
1094.60322489
1094.60322489
1094.60322489
1094.60322489
1094.60322489
1094.60322489
1094.60322489
1094.60322489
1094.60322489
1094.60322489
1094.60322489
1094.60322489
1094.60322489
1094.60322489
1094.60322489
1094.60322489
1094.60322489
1094.60322489
1094.60322489
1094.60322489
1094.60322489
1094.60322489
1094.60322489
1094.60322489
1094.60322489
1094.60322489
1094.60322489
1094.60322489
1094.60322489
1094.60322489
1094.60322489
1094.60322489
1094.60322489
1094.60322489
1094.60322489
1094.60322489
1094.60322489
1094.60322489
1094.60322489
1094.60322489
1094.60322489
1094.60322489
1094.60322489
1094.60322489
1094.60322489
1094.60322489
1094.60322489
1094.60322489
1094.60322489
1094.60322489
1094.60322489
1094.60322489
1094.60322489
1094.60322489
1094.60322489
1094.60322489
1094.60322489
1094.60322489
1094.60322489
1094.60322489
1094.60322489
1094.60322489
1094.60322489
1094.60322489
1094.60322489
1094.60322489
1094.60322489
1094.60322489
1094.60322489
1094.60322489
1094.60322489
1094.60322489
1094.60322489
1094.60322489
1094.60322489
1094.60322489
1094.60322489
1094.60322489
1094.60322489
1094.60322489
1094.60322489
1094.60322489
1094.60322489
1094.60322489
1094.60322489
1094.60322489
1094.60322489
1094.60322489
1094.60322489
1094.60322489
1094.60322489
1094.60322489
1094.60322489
1094.60322489
1094.60322489
1094.60322489
1094.60322489
1094.60322489
1094.60322489
1094.60322489
1094.60322489
1094.60322489
1094.60322489
1094.60322489
1094.60322489
1094.60322489
1094.60322489
1094.60322489
1094.60322489
1094.60322489
1094.60322489
1094.60322489
1094.60322489
1094.60322489
1094.60322489
1094.60322489
1094.60322489
1094.60322489
1094.60322489
1094.60322489
1094.60322489
1094.60322489
1094.60322489
1094.60322489
1094.60322489
1094.60322489
1094.60322489
1094.60322489
1094.60322489
1094.60322489
1094.60322489
1094.60322489
1094.60322489
1094.60322489
1094.60322489
1094.60322489
1094.60322489
1094.60322489
1094.60322489
1094.60322489
1094.60322489
1094.60322489
1094.60322489
1094.60322489
1094.60322489
1094.60322489
1094.60322489
1094.60322489
1094.60322489
1094.60322489
1094.60322489
1094.60322489
1094.60322489
1094.60322489
1094.60322489
1094.60322489
1094.60322489
1094.60322489
1094.60322489
1094.60322489
1094.60322489
1094.60322489
1094.60322489
1094.60322489
1094.60322489
1094.60322489
1094.60322489
1094.60322489
1094.60322489
1094.60322489
1094.60322489
1094.60322489
1094.60322489
1094.60322489
1094.60322489
1094.60322489
1094.60322489
1094.60322489
1094.60322489
1094.60322489
1094.60322489
1094.60322489
1094.60322489
1094.60322489
1094.60322489
1094.60322489
1094.60322489
1094.60322489
1094.60322489
1094.60322489
1094.60322489
1094.60322489
1094.60322489
1094.60322489
1094.60322489
1094.60322489
1094.60322489
1094.60322489
1094.60322489
1094.60322489
1094.60322489
1094.60322489
1094.60322489
1094.60322489
1094.60322489
1094.60322489
1094.60322489
1094.60322489
1094.60322489
1094.60322489
1094.60322489
1094.60322489
1094.60322489
1094.60322489
1094.60322489
1094.60322489
1094.60322489
1094.60322489
1094.60322489
1094.60322489
1094.60322489
1094.60322489
1094.60322489
1094.60322489
1094.60322489
1094.60322489
1094.60322489
1094.60322489
1094.60322489
1094.60322489
1094.60322489
1094.60322489
1094.60322489
1094.60322489
1094.60322489
1094.60322489
1094.60322489
1094.60322489
1094.60322489
1094.60322489
1094.60322489
1094.60322489
1094.60322489
1094.60322489
1094.60322489
1094.60322489
1094.60322489
1094.60322489
1094.60322489
1094.60322489
1094.60322489
1094.60322489
1094.60322489
1094.60322489
1094.60322489
1094.60322489
1094.60322489
1094.60322489
1094.60322489
1094.60322489
1094.60322489
1094.60322489
1094.60322489
1094.60322489
1094.60322489
1094.60322489
1094.60322489
1094.60322489
1094.60322489
1094.60322489
1094.60322489
1094.60322489
1094.60322489
1094.60322489
1094.60322489
1094.60322489
1094.60322489
1094.60322489
1094.60322489
1094.60322489
1094.60322489
1094.60322489
1094.60322489
1094.60322489
1094.60322489
1094.60322489
1094.60322489
1094.60322489
1094.60322489
1094.60322489
1094.60322489
1094.60322489
1094.60322489
1094.60322489
1094.60322489
1094.60322489
1094.60322489
1094.60322489
1094.60322489
1094.60322489
1094.60322489
1094.60322489
1094.60322489
1094.60322489
1094.60322489
1094.60322489
1094.60322489
1094.60322489
1094.60322489
1094.60322489
1094.60322489
1094.60322489
1094.60322489
1094.60322489
1094.60322489
1094.60322489
1094.60322489
1094.60322489
1094.60322489
1094.60322489
1094.60322489
1094.60322489
1094.60322489
1094.60322489
1094.60322489
1094.60322489
1094.60322489
1094.60322489
1094.60322489
1094.60322489
1094.60322489
1094.60322489
1094.60322489
1094.60322489
1094.60322489
1094.60322489
1094.60322489
1094.60322489
1094.60322489
1094.60322489
1094.60322489
1094.60322489
1094.60322489
1094.60322489
1094.60322489
1094.60322489
1094.60322489
1094.60322489
1094.60322489
1094.60322489
1094.60322489
1094.60322489
1094.60322489
1094.60322489
1094.60322489
1094.60322489
1094.60322489
1094.60322489
1094.60322489
1094.60322489
1094.60322489
1094.60322489
1094.60322489
1094.60322489
1094.60322489
1094.60322489
1094.60322489
1094.60322489
1094.60322489
1094.60322489
1094.60322489
1094.60322489
1094.60322489
1094.60322489
1094.60322489
1094.60322489
1094.60322489
1094.60322489
1094.60322489
1094.60322489
1094.60322489
1094.60322489
1094.60322489
1094.60322489
1094.60322489
1094.60322489
1094.60322489
1094.60322489
1094.60322489
1094.60322489
1094.60322489
1094.60322489
1094.60322489
1094.60322489
1094.60322489
1094.60322489
1094.60322489
1094.60322489
1094.60322489
1094.60322489
1094.60322489
1094.60322489
1094.60322489
1094.60322489
1094.60322489
1094.60322489
1094.60322489
1094.60322489
1094.60322489
1094.60322489
1094.60322489
1094.60322489
1094.60322489
1094.60322489
1094.60322489
1094.60322489
1094.60322489
1094.60322489
1094.60322489
1094.60322489
1094.60322489
1094.60322489
1094.60322489
1094.60322489
1094.60322489
1094.60322489
1094.60322489
1094.60322489
1094.60322489
1094.60322489
1094.60322489
1094.60322489
1094.60322489
1094.60322489
1094.60322489
1094.60322489
1094.60322489
1094.60322489
1094.60322489
1094.60322489
1094.60322489
1094.60322489
1094.60322489
1094.60322489
