1380.60865859
1371.60900839
1356.0659524
1353.44324954
1319.1924955
1292.6497577
1292.6497577
1292.6497577
1289.00935205
1284.81564376
1284.59100276
1240.11529803
1233.89669762
1181.67458162
1181.67458162
1181.67458162
1181.67458162
1181.67458162
1181.67458162
1181.67458162
1181.67458162
1164.18415704
1164.18415704
1164.18415704
1164.18415704
1164.18415704
1164.18415704
1164.18415704
1164.18415704
1164.18415704
1164.18415704
1164.18415704
1164.18415704
1164.18415704
1156.7279177
1153.80181255
1151.86184972
1151.86184972
1151.86184972
1151.86184972
1151.86184972
1151.86184972
1151.86184972
1151.86184972
1145.14782419
1145.14782419
1145.14782419
1145.14782419
1145.14782419
1145.14782419
1132.37581462
1132.37581462
1132.37581462
1132.37581462
1132.37581462
1132.37581462
1132.37581462
1132.37581462
1132.37581462
1132.37581462
1132.37581462
1132.37581462
1132.37581462
1132.37581462
1132.37581462
1132.37581462
1132.37581462
1132.37581462
1132.37581462
1132.37581462
1129.18982826
1129.18982826
1129.18982826
1129.18982826
1129.18982826
1129.18982826
1129.18982826
1129.18982826
1129.18982826
1129.18982826
1129.18982826
1127.05800716
1127.05800716
1127.05800716
1127.05800716
1127.05800716
1127.05800716
1127.05800716
1127.05800716
1127.05800716
1127.05800716
1126.85921987
1126.85921987
1126.85921987
1126.85921987
1126.85921987
1126.85921987
1126.85921987
1126.85921987
1126.85921987
1126.56371018
1126.56371018
1126.56371018
1126.56371018
1126.56371018
1126.56371018
1126.56371018
1126.56371018
1126.56371018
1126.56371018
1126.56371018
1126.56371018
1126.56371018
1126.56371018
1126.56371018
1121.08914489
1121.08914489
1121.08914489
1121.08914489
1121.08914489
1121.08914489
1121.08914489
1121.08914489
1121.08914489
1121.08914489
1121.08914489
1121.08914489
1121.08914489
1121.08914489
1121.08914489
1121.08914489
1121.08914489
1121.08914489
1121.08914489
1121.08914489
1121.08914489
1121.08914489
1121.08914489
1121.08914489
1121.08914489
1121.08914489
1121.08914489
1121.08914489
1121.08914489
1121.08914489
1121.08914489
1121.08914489
1121.08914489
1121.08914489
1121.08914489
1121.08914489
1121.08914489
1121.08914489
1121.08914489
1121.08914489
1121.08914489
1121.08914489
1121.08914489
1121.08914489
1121.08914489
1121.08914489
1121.08914489
1121.08914489
1121.08914489
1121.08914489
1121.08914489
1121.08914489
1121.08914489
1121.08914489
1121.08914489
1121.08914489
1121.08914489
1121.08914489
1121.08914489
1121.08914489
1121.08914489
1121.08914489
1121.08914489
1121.08914489
1121.08914489
1121.08914489
1121.08914489
1121.08914489
1121.08914489
1121.08914489
1121.08914489
1121.08914489
1121.08914489
1120.20786319
1120.20786319
1120.20786319
1120.20786319
1120.20786319
1120.20786319
1120.20786319
1120.20786319
1120.20786319
1120.20786319
1120.20786319
1120.20786319
1120.20786319
1120.20786319
1120.20786319
1116.23718378
1116.23718378
1116.23718378
1116.23718378
1116.23718378
1116.23718378
1116.23718378
1116.23718378
1112.77440626
1112.77440626
1112.77440626
1112.77440626
1112.77440626
1112.77440626
1112.77440626
1112.77440626
1112.77440626
1112.77440626
1112.77440626
1112.77440626
1112.77440626
1112.77440626
1112.77440626
1112.77440626
1112.77440626
1112.77440626
1112.77440626
1112.77440626
1112.77440626
1112.77440626
1112.77440626
1112.77440626
1112.77440626
1112.77440626
1112.77440626
1112.77440626
1112.77440626
1112.77440626
1112.77440626
1112.77440626
1112.77440626
1112.77440626
1112.77440626
1112.77440626
1112.77440626
1112.77440626
1112.77440626
1112.77440626
1110.66088107
1110.66088107
1110.66088107
1110.56458372
1106.42849849
1106.42849849
1106.42849849
1106.42849849
1106.42849849
1106.42849849
1106.42849849
1106.42849849
1106.42849849
1106.42849849
1106.42849849
1104.31497329
1104.31497329
1104.31497329
1104.31497329
1104.31497329
1104.31497329
1104.31497329
1104.31497329
1104.31497329
1104.31497329
1104.31497329
1104.31497329
1104.31497329
1104.31497329
1104.31497329
1104.31497329
1104.31497329
1104.31497329
1104.31497329
1104.31497329
1104.31497329
1104.31497329
1104.31497329
1104.31497329
1104.31497329
1104.31497329
1104.31497329
1104.31497329
1104.31497329
1104.31497329
1104.31497329
1104.31497329
1104.31497329
1104.31497329
1104.31497329
1104.31497329
1104.31497329
1104.31497329
1104.31497329
1104.31497329
1104.31497329
1104.31497329
1104.31497329
1104.31497329
1104.31497329
1104.31497329
1104.31497329
1104.31497329
1104.31497329
1104.31497329
1104.31497329
1104.31497329
1104.31497329
1104.31497329
1104.31497329
1104.31497329
1104.31497329
1104.31497329
1104.31497329
1104.31497329
1104.31497329
1104.31497329
1104.31497329
1104.31497329
1104.31497329
1104.31497329
1104.31497329
1104.31497329
1104.31497329
1104.31497329
1104.31497329
1104.31497329
1104.31497329
1104.31497329
1104.31497329
1104.31497329
1104.31497329
1104.31497329
1104.31497329
1104.31497329
1104.31497329
1104.31497329
1104.31497329
1104.31497329
1104.31497329
1104.31497329
1104.31497329
1104.31497329
1104.31497329
1104.31497329
1104.31497329
1104.31497329
1104.31497329
1104.31497329
1104.31497329
1104.31497329
1104.31497329
1104.31497329
1104.31497329
1104.31497329
1104.31497329
1104.31497329
1104.31497329
1104.31497329
1104.31497329
1104.31497329
1104.31497329
1104.31497329
1104.31497329
1104.31497329
1104.31497329
1104.31497329
1104.31497329
1104.31497329
1104.31497329
1104.31497329
1104.31497329
1104.31497329
1104.31497329
1104.31497329
1104.31497329
1104.31497329
1104.31497329
1104.31497329
1104.31497329
1104.31497329
1104.31497329
1104.31497329
1104.31497329
1104.31497329
1104.31497329
1104.31497329
1104.31497329
1104.31497329
1104.31497329
1104.31497329
1104.31497329
1104.31497329
1104.31497329
1104.31497329
1104.31497329
1104.31497329
1104.31497329
1104.31497329
1104.31497329
1104.31497329
1104.31497329
1104.31497329
1104.31497329
1104.31497329
1104.31497329
1104.31497329
1104.31497329
1104.31497329
1104.31497329
1104.31497329
1104.31497329
1104.31497329
1104.31497329
1104.31497329
1104.31497329
1104.31497329
1104.31497329
1104.31497329
1104.31497329
1104.31497329
1104.31497329
1104.31497329
1104.31497329
1104.31497329
1104.31497329
1104.31497329
1104.31497329
1104.31497329
1104.31497329
1104.31497329
1104.31497329
1104.31497329
1104.31497329
1104.31497329
1104.31497329
1104.31497329
1104.31497329
1104.31497329
1104.31497329
1104.31497329
1104.31497329
1104.31497329
1104.31497329
1104.31497329
1104.31497329
1104.31497329
1104.31497329
1104.31497329
1104.31497329
1104.31497329
1104.31497329
1104.31497329
1104.31497329
1104.31497329
1104.31497329
1104.31497329
1104.31497329
1104.31497329
1104.31497329
1104.31497329
1104.31497329
1104.31497329
1104.31497329
1104.31497329
1104.31497329
1104.31497329
1104.31497329
1104.31497329
1104.31497329
1104.31497329
1104.31497329
1104.31497329
1104.31497329
1104.31497329
1104.31497329
1104.31497329
1104.31497329
1104.31497329
1104.31497329
1104.31497329
1104.31497329
1104.31497329
1104.31497329
1104.31497329
1104.31497329
1104.31497329
1104.31497329
1104.31497329
1104.31497329
1104.31497329
1104.31497329
1104.31497329
1104.31497329
1104.31497329
1104.31497329
1104.31497329
1104.31497329
1104.31497329
1104.31497329
1104.31497329
1104.31497329
1104.31497329
1104.31497329
1104.31497329
1104.31497329
1104.31497329
1104.31497329
1104.31497329
1104.31497329
1104.31497329
1104.31497329
1104.31497329
1104.31497329
1104.31497329
1104.31497329
1104.31497329
1104.31497329
1104.31497329
1104.31497329
1104.31497329
1104.31497329
1104.31497329
1104.31497329
1104.31497329
1104.31497329
1104.31497329
1104.31497329
1104.31497329
1104.31497329
1104.31497329
1104.31497329
1104.31497329
1104.31497329
1104.31497329
1104.31497329
1104.31497329
1104.31497329
1104.31497329
1104.31497329
1104.31497329
1104.31497329
1104.31497329
1104.31497329
1104.31497329
1104.31497329
1104.31497329
1104.31497329
1104.31497329
1104.31497329
1104.31497329
1104.31497329
1104.31497329
1104.31497329
1104.31497329
1104.31497329
1104.31497329
1104.31497329
1104.31497329
1104.31497329
1104.31497329
1104.31497329
1104.31497329
1104.31497329
1104.31497329
1104.31497329
1104.31497329
1104.31497329
1104.31497329
1104.31497329
1104.31497329
1104.31497329
1104.31497329
1104.31497329
1104.31497329
1104.31497329
1104.31497329
1104.31497329
1104.31497329
1104.31497329
1104.31497329
1104.31497329
1104.31497329
1104.31497329
1104.31497329
1104.31497329
1104.31497329
1104.31497329
1104.31497329
1104.31497329
1104.31497329
1104.31497329
1104.31497329
1104.31497329
1104.31497329
1104.31497329
1104.31497329
1104.31497329
1104.31497329
1104.31497329
1104.31497329
1104.31497329
1104.31497329
1104.31497329
1104.31497329
1104.31497329
1104.31497329
1104.31497329
1104.31497329
1104.31497329
1104.31497329
1104.31497329
1104.31497329
1104.31497329
1104.31497329
1104.31497329
1104.31497329
1104.31497329
1104.31497329
1104.31497329
1104.31497329
1104.31497329
1104.31497329
1104.31497329
1104.31497329
1104.31497329
1104.31497329
1104.31497329
1104.31497329
1104.31497329
1104.31497329
1104.31497329
1104.31497329
1104.31497329
1104.31497329
1104.31497329
1104.31497329
1104.31497329
1104.31497329
1104.31497329
1104.31497329
1104.31497329
1104.31497329
1104.31497329
1104.31497329
1104.31497329
1104.31497329
1104.31497329
1104.31497329
1104.31497329
1104.31497329
1104.31497329
1104.31497329
1104.31497329
1104.31497329
1104.31497329
1104.31497329
1104.31497329
1104.31497329
1104.31497329
1104.31497329
1104.31497329
1104.31497329
1104.31497329
1104.31497329
1104.31497329
1104.31497329
1104.31497329
1104.31497329
1104.31497329
1104.31497329
1104.31497329
1104.31497329
1104.31497329
1104.31497329
1104.31497329
1104.31497329
1104.31497329
1104.31497329
1104.31497329
1104.31497329
1104.31497329
1104.31497329
1104.31497329
1104.31497329
1104.31497329
1104.31497329
1104.31497329
1104.31497329
1104.31497329
1104.31497329
1104.31497329
1104.31497329
1104.31497329
1104.31497329
1104.31497329
1104.31497329
1104.31497329
1104.31497329
1104.31497329
1104.31497329
1104.31497329
1104.31497329
1104.31497329
1104.31497329
1104.31497329
1104.31497329
1104.31497329
1104.31497329
1104.31497329
1104.31497329
1104.31497329
1104.31497329
1104.31497329
1104.31497329
1104.31497329
1104.31497329
1104.31497329
1104.31497329
1104.31497329
1104.31497329
1104.31497329
1104.31497329
1104.31497329
1104.31497329
1104.31497329
1104.31497329
1104.31497329
1104.31497329
1104.31497329
1104.31497329
1104.31497329
1104.31497329
1104.31497329
1104.31497329
1104.31497329
1104.31497329
1104.31497329
1104.31497329
1104.31497329
1104.31497329
1104.31497329
1104.31497329
1104.31497329
1104.31497329
1104.31497329
1104.31497329
1104.31497329
1104.31497329
1104.31497329
1104.31497329
1104.31497329
1104.31497329
1104.31497329
1104.31497329
1104.31497329
1104.31497329
1104.31497329
1104.31497329
1104.31497329
1104.31497329
1104.31497329
1104.31497329
1104.31497329
1104.31497329
1104.31497329
1104.31497329
1104.31497329
1104.31497329
1104.31497329
1104.31497329
1104.31497329
1104.31497329
1104.31497329
1104.31497329
1104.31497329
1104.31497329
1104.31497329
1104.31497329
1104.31497329
1104.31497329
1104.31497329
1104.31497329
1104.31497329
1104.31497329
1104.31497329
1104.31497329
1104.31497329
1104.31497329
1104.31497329
1104.31497329
1104.31497329
1104.31497329
1104.31497329
1104.31497329
1104.31497329
1104.31497329
1104.31497329
1104.31497329
1104.31497329
1104.31497329
1104.31497329
1104.31497329
1104.31497329
1104.31497329
1104.31497329
1104.31497329
1104.31497329
1104.31497329
1104.31497329
1104.31497329
1104.31497329
1104.31497329
1104.31497329
1104.31497329
1104.31497329
1104.31497329
1104.31497329
1104.31497329
1104.31497329
1104.31497329
1104.31497329
1104.31497329
1104.31497329
1104.31497329
1104.31497329
1104.31497329
1104.31497329
1104.31497329
1104.31497329
1104.31497329
1104.31497329
1104.31497329
1104.31497329
1104.31497329
1104.31497329
1104.31497329
1104.31497329
1104.31497329
1104.31497329
1104.31497329
1104.31497329
1104.31497329
1104.31497329
1104.31497329
1104.31497329
1104.31497329
1104.31497329
1104.31497329
1104.31497329
1104.31497329
1104.31497329
1104.31497329
1104.31497329
1104.31497329
1104.31497329
1104.31497329
1104.31497329
1104.31497329
1104.31497329
1104.31497329
1104.31497329
1104.31497329
1104.31497329
1104.31497329
1104.31497329
1104.31497329
1104.31497329
1104.31497329
1104.31497329
1104.31497329
1104.31497329
1104.31497329
1104.31497329
1104.31497329
1104.31497329
1104.31497329
1104.31497329
1104.31497329
1104.31497329
1104.31497329
1104.31497329
1104.31497329
1104.31497329
1104.31497329
1104.31497329
1104.31497329
1104.31497329
1104.31497329
1104.31497329
1104.31497329
1104.31497329
1104.31497329
1104.31497329
1104.31497329
1104.31497329
1104.31497329
1104.31497329
1104.31497329
1104.31497329
1104.31497329
1104.31497329
1104.31497329
1104.31497329
1104.31497329
1104.31497329
1104.31497329
1104.31497329
1104.31497329
1104.31497329
1104.31497329
1104.31497329
1104.31497329
1104.31497329
1104.31497329
1104.31497329
1104.31497329
1104.31497329
1104.31497329
1104.31497329
1104.31497329
1104.31497329
1104.31497329
1104.31497329
1104.31497329
1104.31497329
1104.31497329
1104.31497329
1104.31497329
1104.31497329
1104.31497329
1104.31497329
1104.31497329
1104.31497329
1104.31497329
1104.31497329
1104.31497329
1104.31497329
1104.31497329
1104.31497329
1104.31497329
1104.31497329
1104.31497329
1104.31497329
1104.31497329
1104.31497329
1104.31497329
1104.31497329
1104.31497329
1104.31497329
1104.31497329
1104.31497329
1104.31497329
1104.31497329
1104.31497329
1104.31497329
1104.31497329
1104.31497329
1104.31497329
1104.31497329
1104.31497329
1104.31497329
1104.31497329
1104.31497329
1104.31497329
1104.31497329
1104.31497329
1104.31497329
1104.31497329
1104.31497329
1104.31497329
1104.31497329
1104.31497329
1104.31497329
1104.31497329
1104.31497329
1104.31497329
1104.31497329
1104.31497329
1104.31497329
1104.31497329
1104.31497329
1104.31497329
1104.31497329
1104.31497329
1104.31497329
1104.31497329
1104.31497329
1104.31497329
