1364.93290095
1330.58559401
1330.58559401
1276.05100964
1276.05100964
1241.80749886
1241.80749886
1239.33487552
1239.33487552
1239.33487552
1239.33487552
1239.33487552
1239.33487552
1223.55959028
1223.55959028
1188.88803906
1160.44293208
1160.44293208
1160.44293208
1160.44293208
1160.44293208
1160.44293208
1158.67576251
1158.67576251
1158.67576251
1158.67576251
1158.42847471
1153.56631557
1153.56631557
1153.56631557
1152.90880234
1152.90880234
1152.71630793
1152.07061299
1152.07061299
1152.07061299
1152.07061299
1152.07061299
1152.07061299
1128.05702599
1128.05702599
1128.05702599
1128.05702599
1125.55632995
1111.04229941
1111.04229941
1111.04229941
1111.04229941
1111.04229941
1111.04229941
1111.04229941
1111.04229941
1111.04229941
1111.04229941
1111.04229941
1111.04229941
1111.04229941
1111.04229941
1110.48751223
1110.48751223
1107.86941653
1107.86941653
1107.86941653
1093.17757524
1093.17757524
1093.17757524
1093.17757524
1093.17757524
1093.17757524
1092.65927225
1092.65927225
1092.65927225
1092.65927225
1092.65927225
1092.65927225
1092.65927225
1092.65927225
1092.65927225
1092.65927225
1092.65927225
1092.65927225
1092.65927225
1092.65927225
1092.65927225
1092.65927225
1092.65927225
1092.65927225
1092.65927225
1092.65927225
1092.65927225
1092.65927225
1092.65927225
1092.65927225
1092.65927225
1092.65927225
1092.65927225
1092.65927225
1092.65927225
1092.65927225
1092.65927225
1092.65927225
1092.65927225
1092.65927225
1092.65927225
1092.65927225
1092.65927225
1092.65927225
1092.65927225
1092.65927225
1092.65927225
1092.65927225
1092.65927225
1092.65927225
1092.65927225
1092.65927225
1092.65927225
1092.65927225
1092.65927225
1092.65927225
1092.65927225
1092.65927225
1092.65927225
1092.65927225
1092.65927225
1092.65927225
1092.65927225
1092.65927225
1092.65927225
1092.65927225
1092.65927225
1092.65927225
1092.65927225
1092.65927225
1092.65927225
1092.65927225
1092.65927225
1092.65927225
1092.65927225
1092.65927225
1092.65927225
1092.65927225
1092.65927225
1092.65927225
1092.65927225
1092.65927225
1092.65927225
1090.40619718
1090.40619718
1089.41767281
1089.41767281
1089.41767281
1089.41767281
1089.41767281
1089.41767281
1089.41767281
1089.41767281
1089.41767281
1089.41767281
1089.41767281
1089.41767281
1089.41767281
1089.41767281
1089.41767281
1089.41767281
1089.41767281
1089.41767281
1089.41767281
1089.41767281
1089.41767281
1088.89936982
1088.89936982
1088.89936982
1088.89936982
1088.89936982
1088.89936982
1088.89936982
1088.89936982
1088.89936982
1088.89936982
1088.89936982
1088.89936982
1088.89936982
1088.89936982
1088.89936982
1088.89936982
1088.89936982
1088.89936982
1088.89936982
1088.89936982
1088.89936982
1088.89936982
1088.89936982
1088.89936982
1088.89936982
1088.89936982
1088.89936982
1088.89936982
1088.89936982
1088.89936982
1088.89936982
1088.89936982
1088.89936982
1088.89936982
1088.89936982
1088.89936982
1088.89936982
1088.89936982
1088.89936982
1088.89936982
1088.89936982
1088.89936982
1088.89936982
1088.89936982
1088.89936982
1088.89936982
1088.89936982
1088.89936982
1088.89936982
1088.89936982
1088.89936982
1088.89936982
1088.89936982
1088.89936982
1088.89936982
1088.89936982
1088.89936982
1088.89936982
1088.89936982
1088.89936982
1088.89936982
1088.89936982
1088.89936982
1088.89936982
1088.89936982
1088.89936982
1088.89936982
1088.89936982
1088.89936982
1088.89936982
1088.89936982
1088.89936982
1088.89936982
1088.89936982
1088.89936982
1088.89936982
1088.89936982
1088.89936982
1088.89936982
1088.89936982
1088.89936982
1088.89936982
1088.89936982
1088.89936982
1088.89936982
1088.89936982
1088.89936982
1088.89936982
1088.89936982
1088.89936982
1088.89936982
1088.89936982
1088.89936982
1088.89936982
1088.89936982
1088.89936982
1088.89936982
1088.89936982
1088.89936982
1088.89936982
1088.89936982
1088.89936982
1088.89936982
1088.89936982
1088.89936982
1088.89936982
1088.89936982
1088.89936982
1088.89936982
1088.89936982
1088.89936982
1088.89936982
1088.89936982
1088.89936982
1088.89936982
1088.89936982
1088.89936982
1088.89936982
1088.89936982
1088.89936982
1088.89936982
1088.89936982
1088.89936982
1088.89936982
1088.89936982
1088.89936982
1088.89936982
1088.89936982
1088.89936982
1088.89936982
1088.89936982
1088.89936982
1088.89936982
1088.89936982
1088.89936982
1088.89936982
1088.89936982
1088.89936982
1088.89936982
1088.89936982
1088.89936982
1088.89936982
1088.89936982
1088.89936982
1088.89936982
1088.89936982
1088.89936982
1088.89936982
1088.89936982
1088.89936982
1088.89936982
1088.89936982
1088.89936982
1088.89936982
1088.89936982
1088.89936982
1088.89936982
1088.89936982
1088.89936982
1088.89936982
1088.89936982
1088.89936982
1088.89936982
1088.89936982
1088.89936982
1088.89936982
1088.89936982
1088.89936982
1088.89936982
1088.89936982
1088.89936982
1088.89936982
1088.89936982
1088.89936982
1088.89936982
1088.89936982
1088.89936982
1088.89936982
1088.89936982
1088.89936982
1088.89936982
1088.89936982
1088.89936982
1088.89936982
1088.89936982
1088.89936982
1088.89936982
1088.89936982
1088.89936982
1088.89936982
1088.89936982
1088.89936982
1088.89936982
1088.89936982
1088.89936982
1088.89936982
1088.89936982
1088.89936982
1088.89936982
1088.89936982
1088.89936982
1088.89936982
1088.89936982
1088.89936982
1088.89936982
1088.89936982
1088.89936982
1088.89936982
1088.89936982
1088.89936982
1088.89936982
1088.89936982
1088.89936982
1088.89936982
1088.89936982
1088.89936982
1088.89936982
1088.89936982
1088.89936982
1088.89936982
1088.89936982
1088.89936982
1088.89936982
1088.89936982
1088.89936982
1088.89936982
1088.89936982
1088.89936982
1088.89936982
1088.89936982
1088.89936982
1088.89936982
1088.89936982
1088.89936982
1088.89936982
1088.89936982
1088.89936982
1088.89936982
1088.89936982
1088.89936982
1088.89936982
1088.89936982
1088.89936982
1088.89936982
1088.89936982
1088.89936982
1088.89936982
1088.89936982
1088.89936982
1088.89936982
1088.89936982
1088.89936982
1088.89936982
1088.89936982
1088.89936982
1088.89936982
1088.89936982
1088.89936982
1088.89936982
1088.89936982
1088.89936982
1088.89936982
1088.89936982
1088.89936982
1088.89936982
1088.89936982
1088.89936982
1088.89936982
1088.89936982
1088.89936982
1088.89936982
1088.89936982
1088.89936982
1088.89936982
1088.89936982
1088.89936982
1088.89936982
1088.89936982
1088.89936982
1088.89936982
1088.89936982
1088.89936982
1088.89936982
1088.89936982
1088.89936982
1088.89936982
1088.89936982
1088.89936982
1088.89936982
1088.89936982
1088.89936982
1088.89936982
1088.89936982
1088.89936982
1088.89936982
1088.89936982
1088.89936982
1088.89936982
1088.89936982
1088.89936982
1088.89936982
1088.89936982
1088.89936982
1088.89936982
1088.89936982
1088.89936982
1088.89936982
1088.89936982
1088.89936982
1088.89936982
1088.89936982
1088.89936982
1088.89936982
1088.89936982
1088.89936982
1088.89936982
1088.89936982
1088.89936982
1088.89936982
1088.89936982
1088.89936982
1088.89936982
1088.89936982
1088.89936982
1088.89936982
1088.89936982
1088.89936982
1088.89936982
1088.89936982
1088.89936982
1088.89936982
1088.89936982
1088.89936982
1088.89936982
1088.89936982
1088.89936982
1088.89936982
1088.89936982
1088.89936982
1088.89936982
1088.89936982
1088.89936982
1088.89936982
1088.89936982
1088.89936982
1088.89936982
1088.89936982
1088.89936982
1088.89936982
1088.89936982
1088.89936982
1088.89936982
1088.89936982
1088.89936982
1088.89936982
1088.89936982
1088.89936982
1088.89936982
1088.89936982
1088.89936982
1088.89936982
1088.89936982
1088.89936982
1088.89936982
1088.89936982
1088.89936982
1088.89936982
1088.89936982
1088.89936982
1088.89936982
1088.89936982
1088.89936982
1088.89936982
1088.89936982
1088.89936982
1088.89936982
1088.89936982
1088.89936982
1088.89936982
1088.89936982
1088.89936982
1088.89936982
1088.89936982
1088.89936982
1088.89936982
1088.89936982
1088.89936982
1088.89936982
1088.89936982
1088.89936982
1088.89936982
1088.89936982
1088.89936982
1088.89936982
1088.89936982
1088.89936982
1088.89936982
1088.89936982
1088.89936982
1088.89936982
1088.89936982
1088.89936982
1088.89936982
1088.89936982
1088.89936982
1088.89936982
1088.89936982
1088.89936982
1088.89936982
1088.89936982
1088.89936982
1088.89936982
1088.89936982
1088.89936982
1088.89936982
1088.89936982
1088.89936982
1088.89936982
1088.89936982
1088.89936982
1088.89936982
1088.89936982
1088.89936982
1088.89936982
1088.89936982
1088.89936982
1088.89936982
1088.89936982
1088.89936982
1088.89936982
1088.89936982
1088.89936982
1088.89936982
1088.89936982
1088.89936982
1088.89936982
1088.89936982
1088.89936982
1088.89936982
1088.89936982
1088.89936982
1088.89936982
1088.89936982
1088.89936982
1088.89936982
1088.89936982
1088.89936982
1088.89936982
1088.89936982
1088.89936982
1088.89936982
1088.89936982
1088.89936982
1088.89936982
1088.89936982
1088.89936982
1088.89936982
1088.89936982
1088.89936982
1088.89936982
1088.89936982
1088.89936982
1088.89936982
1088.89936982
1088.89936982
1088.89936982
1088.89936982
1088.89936982
1088.89936982
1088.89936982
1088.89936982
1088.89936982
1088.89936982
1088.89936982
1088.89936982
1088.89936982
1088.89936982
1088.89936982
1088.89936982
1088.89936982
1088.89936982
1088.89936982
1088.89936982
1088.89936982
1088.89936982
1088.89936982
1088.89936982
1088.89936982
1088.89936982
1088.89936982
1088.89936982
1088.89936982
1088.89936982
1088.89936982
1088.89936982
1088.89936982
1088.89936982
1088.89936982
1088.89936982
1088.89936982
1088.89936982
1088.89936982
1088.89936982
1088.89936982
1088.89936982
1088.89936982
1088.89936982
1088.89936982
1088.89936982
1088.89936982
1088.89936982
1088.89936982
1088.89936982
1088.89936982
1088.89936982
1088.89936982
1088.89936982
1088.89936982
1088.89936982
1088.89936982
1088.89936982
1088.89936982
1088.89936982
1088.89936982
1088.89936982
1088.89936982
1088.89936982
1088.89936982
1088.89936982
1088.89936982
1088.89936982
1088.89936982
1088.89936982
1088.89936982
1088.89936982
1088.89936982
1088.89936982
1088.89936982
1088.89936982
1088.89936982
1088.89936982
1088.89936982
1088.89936982
1088.89936982
1088.89936982
1088.89936982
1088.89936982
1088.89936982
1088.89936982
1088.89936982
1088.89936982
1088.89936982
1088.89936982
1088.89936982
1088.89936982
1088.89936982
1088.89936982
1088.89936982
1088.89936982
1088.89936982
1088.89936982
1088.89936982
1088.89936982
1088.89936982
1088.89936982
1088.89936982
1088.89936982
1088.89936982
1088.89936982
1088.89936982
1088.89936982
1088.89936982
1088.89936982
1088.89936982
1088.89936982
1088.89936982
1088.89936982
1088.89936982
1088.89936982
1088.89936982
1088.89936982
1088.89936982
1088.89936982
1088.89936982
1088.89936982
1088.89936982
1088.89936982
1088.89936982
1088.89936982
1088.89936982
1088.89936982
1088.89936982
1088.89936982
1088.89936982
1088.89936982
1088.89936982
1088.89936982
1088.89936982
1088.89936982
1088.89936982
1088.89936982
1088.89936982
1088.89936982
1088.89936982
1088.89936982
1088.89936982
1088.89936982
1088.89936982
1088.89936982
1088.89936982
1088.89936982
1088.89936982
1088.89936982
1088.89936982
1088.89936982
1088.89936982
1088.89936982
1088.89936982
1088.89936982
1088.89936982
1088.89936982
1088.89936982
1088.89936982
1088.89936982
1088.89936982
1088.89936982
1088.89936982
1088.89936982
1088.89936982
1088.89936982
1088.89936982
1088.89936982
1088.89936982
1088.89936982
1088.89936982
1088.89936982
1088.89936982
1088.89936982
1088.89936982
1088.89936982
1088.89936982
1088.89936982
1088.89936982
1088.89936982
1088.89936982
1088.89936982
1088.89936982
1088.89936982
1088.89936982
1088.89936982
1088.89936982
1088.89936982
1088.89936982
1088.89936982
1088.89936982
1088.89936982
1088.89936982
1088.89936982
1088.89936982
1088.89936982
1088.89936982
1088.89936982
1088.89936982
1088.89936982
1088.89936982
1088.89936982
1088.89936982
1088.89936982
1088.89936982
1088.89936982
1088.89936982
1088.89936982
1088.89936982
1088.89936982
1088.89936982
1088.89936982
1088.89936982
1088.89936982
1088.89936982
1088.89936982
1088.89936982
1088.89936982
1088.89936982
1088.89936982
1088.89936982
1088.89936982
1088.89936982
1088.89936982
1088.89936982
1088.89936982
1088.89936982
1088.89936982
1088.89936982
1088.89936982
1088.89936982
1088.89936982
1088.89936982
1088.89936982
1088.89936982
1088.89936982
1088.89936982
1088.89936982
1088.89936982
1088.89936982
1088.89936982
1088.89936982
1088.89936982
1088.89936982
1088.89936982
1088.89936982
1088.89936982
1088.89936982
1088.89936982
1088.89936982
1088.89936982
1088.89936982
1088.89936982
1088.89936982
1088.89936982
1088.89936982
1088.89936982
1088.89936982
1088.89936982
1088.89936982
1088.89936982
1088.89936982
1088.89936982
1088.89936982
1088.89936982
1088.89936982
1088.89936982
1088.89936982
1088.89936982
1088.89936982
1088.89936982
1088.89936982
1088.89936982
1088.89936982
1088.89936982
1088.89936982
1088.89936982
1088.89936982
1088.89936982
1088.89936982
1088.89936982
1088.89936982
1088.89936982
1088.89936982
1088.89936982
1088.89936982
1088.89936982
1088.89936982
1088.89936982
1088.89936982
1088.89936982
1088.89936982
1088.89936982
1088.89936982
1088.89936982
1088.89936982
1088.89936982
1088.89936982
1088.89936982
1088.89936982
1088.89936982
1088.89936982
1088.89936982
1088.89936982
1088.89936982
1088.89936982
1088.89936982
1088.89936982
1088.89936982
1088.89936982
1088.89936982
1088.89936982
1088.89936982
1088.89936982
1088.89936982
1088.89936982
1088.89936982
1088.89936982
1088.89936982
1088.89936982
1088.89936982
1088.89936982
1088.89936982
1088.89936982
1088.89936982
1088.89936982
1088.89936982
1088.89936982
1088.89936982
1088.89936982
1088.89936982
1088.89936982
1088.89936982
1088.89936982
1088.89936982
1088.89936982
1088.89936982
1088.89936982
1088.89936982
1088.89936982
1088.89936982
1088.89936982
1088.89936982
1088.89936982
1088.89936982
1088.89936982
1088.89936982
1088.89936982
1088.89936982
1088.89936982
1088.89936982
1088.89936982
1088.89936982
1088.89936982
1088.89936982
1088.89936982
1088.89936982
1088.89936982
1088.89936982
1088.89936982
1088.89936982
1088.89936982
1088.89936982
1088.89936982
1088.89936982
1088.89936982
1088.89936982
