1367.93209568
1367.93209568
1367.93209568
1306.58335647
1306.58335647
1306.58335647
1306.58335647
1306.58335647
1306.58335647
1285.74441267
1285.74441267
1285.74441267
1222.088584
1222.088584
1222.088584
1222.088584
1222.088584
1222.088584
1222.088584
1222.088584
1222.088584
1219.80286615
1210.5369316
1198.2440346
1198.2440346
1198.2440346
1196.60750035
1196.60750035
1192.82305302
1189.25800809
1179.33854462
1179.33854462
1179.33854462
1179.33854462
1178.77868113
1168.71024531
1168.71024531
1119.83949974
1119.83949974
1119.83949974
1119.83949974
1119.83949974
1119.83949974
1116.41945646
1116.41945646
1116.41945646
1116.41945646
1116.41945646
1114.67139236
1111.04013499
1111.04013499
1111.04013499
1109.1993695
1104.54088424
1102.51097241
1096.29269322
1096.29269322
1096.29269322
1096.29269322
1096.29269322
1096.29269322
1096.29269322
1096.29269322
1094.5416775
1094.5416775
1094.5416775
1094.5416775
1094.5416775
1094.5416775
1093.7371637
1093.7371637
1093.7371637
1093.7371637
1093.7371637
1093.7371637
1093.7371637
1093.7371637
1092.57196299
1092.57196299
1092.57196299
1092.57196299
1092.57196299
1092.27866874
1092.27866874
1092.27866874
1092.27866874
1092.27866874
1092.27866874
1092.27866874
1092.27866874
1092.27866874
1092.27866874
1092.27866874
1092.27866874
1092.27866874
1092.27866874
1092.27866874
1092.27866874
1092.27866874
1092.27866874
1092.27866874
1092.27866874
1092.27866874
1092.27866874
1092.27866874
1092.27866874
1092.27866874
1092.27866874
1092.27866874
1092.27866874
1092.27866874
1092.27866874
1092.27866874
1092.27866874
1092.27866874
1092.27866874
1092.27866874
1092.27866874
1092.27866874
1092.27866874
1092.27866874
1092.27866874
1092.27866874
1092.27866874
1091.57979651
1091.57979651
1091.57979651
1091.57979651
1091.57979651
1091.57979651
1091.57979651
1091.57979651
1091.57979651
1091.57979651
1091.57979651
1091.57979651
1091.57979651
1091.57979651
1091.57979651
1091.57979651
1091.57979651
1091.57979651
1091.57979651
1091.57979651
1091.57979651
1091.57979651
1091.57979651
1091.57979651
1091.57979651
1091.57979651
1091.57979651
1091.57979651
1091.57979651
1089.69957286
1089.58773056
1089.58773056
1089.58773056
1089.58773056
1089.58773056
1089.58773056
1089.58773056
1089.58773056
1089.58773056
1089.58773056
1089.58773056
1084.84229626
1084.84229626
1084.84229626
1084.84229626
1084.84229626
1084.84229626
1084.84229626
1084.84229626
1084.84229626
1084.84229626
1084.14342404
1083.13331374
1083.13331374
1078.97777951
1078.97777951
1078.97777951
1078.97777951
1078.97777951
1078.97777951
1078.97777951
1078.97777951
1078.97777951
1078.97777951
1078.97777951
1078.97777951
1078.97777951
1078.97777951
1078.97777951
1078.97777951
1078.97777951
1078.97777951
1078.97777951
1078.97777951
1078.97777951
1078.97777951
1078.97777951
1078.97777951
1078.97777951
1078.97777951
1078.97777951
1078.97777951
1078.97777951
1078.97777951
1078.97777951
1078.97777951
1078.97777951
1078.27890728
1078.27890728
1078.27890728
1078.27890728
1078.27890728
1078.27890728
1078.27890728
1078.27890728
1078.27890728
1078.27890728
1078.27890728
1078.27890728
1078.27890728
1078.27890728
1078.27890728
1078.27890728
1078.27890728
1078.27890728
1078.27890728
1078.27890728
1078.27890728
1078.27890728
1078.27890728
1078.27890728
1078.27890728
1078.27890728
1078.27890728
1078.27890728
1078.27890728
1078.27890728
1078.27890728
1078.27890728
1078.27890728
1078.27890728
1078.27890728
1078.27890728
1078.27890728
1078.27890728
1078.27890728
1078.27890728
1078.27890728
1078.27890728
1078.27890728
1078.27890728
1078.27890728
1078.27890728
1078.27890728
1078.27890728
1078.27890728
1078.27890728
1078.27890728
1078.27890728
1078.27890728
1078.27890728
1078.27890728
1078.27890728
1078.27890728
1078.27890728
1078.27890728
1078.27890728
1078.27890728
1078.27890728
1078.27890728
1078.27890728
1078.27890728
1078.27890728
1078.27890728
1078.27890728
1078.27890728
1078.27890728
1078.27890728
1078.27890728
1078.27890728
1078.27890728
1078.27890728
1078.27890728
1078.27890728
1078.27890728
1078.27890728
1078.27890728
1078.27890728
1078.27890728
1078.27890728
1078.27890728
1078.27890728
1078.27890728
1078.27890728
1078.27890728
1078.27890728
1078.27890728
1078.27890728
1078.27890728
1078.27890728
1078.27890728
1078.27890728
1078.27890728
1078.27890728
1078.27890728
1078.27890728
1078.27890728
1078.27890728
1078.27890728
1078.27890728
1078.27890728
1078.27890728
1078.27890728
1078.27890728
1078.27890728
1078.27890728
1078.27890728
1078.27890728
1078.27890728
1078.27890728
1078.27890728
1078.27890728
1078.27890728
1078.27890728
1078.27890728
1078.27890728
1078.27890728
1078.27890728
1078.27890728
1078.27890728
1078.27890728
1078.27890728
1078.27890728
1078.27890728
1078.27890728
1078.27890728
1078.27890728
1078.27890728
1078.27890728
1078.27890728
1078.27890728
1078.27890728
1078.27890728
1078.27890728
1078.27890728
1078.27890728
1078.27890728
1078.27890728
1078.27890728
1078.27890728
1078.27890728
1078.27890728
1078.27890728
1078.27890728
1078.27890728
1078.27890728
1078.27890728
1078.27890728
1078.27890728
1078.27890728
1078.27890728
1078.27890728
1078.27890728
1078.27890728
1078.27890728
1078.27890728
1078.27890728
1078.27890728
1078.27890728
1078.27890728
1078.27890728
1078.27890728
1078.27890728
1078.27890728
1078.27890728
1078.27890728
1078.27890728
1078.27890728
1078.27890728
1078.27890728
1078.27890728
1078.27890728
1078.27890728
1078.27890728
1078.27890728
1078.27890728
1078.27890728
1078.27890728
1078.27890728
1078.27890728
1078.27890728
1078.27890728
1078.27890728
1078.27890728
1078.27890728
1078.27890728
1078.27890728
1078.27890728
1078.27890728
1078.27890728
1078.27890728
1078.27890728
1078.27890728
1078.27890728
1078.27890728
1078.27890728
1078.27890728
1078.27890728
1078.27890728
1078.27890728
1078.27890728
1078.27890728
1078.27890728
1078.27890728
1078.27890728
1078.27890728
1078.27890728
1078.27890728
1078.27890728
1078.27890728
1078.27890728
1078.27890728
1078.27890728
1078.27890728
1078.27890728
1078.27890728
1078.27890728
1078.27890728
1078.27890728
1078.27890728
1078.27890728
1078.27890728
1078.27890728
1078.27890728
1078.27890728
1078.27890728
1078.27890728
1078.27890728
1078.27890728
1078.27890728
1078.27890728
1078.27890728
1078.27890728
1078.27890728
1078.27890728
1078.27890728
1078.27890728
1078.27890728
1078.27890728
1078.27890728
1078.27890728
1078.27890728
1078.27890728
1078.27890728
1078.27890728
1078.27890728
1078.27890728
1078.27890728
1078.27890728
1078.27890728
1078.27890728
1078.27890728
1078.27890728
1078.27890728
1078.27890728
1078.27890728
1078.27890728
1078.27890728
1078.27890728
1078.27890728
1078.27890728
1078.27890728
1078.27890728
1078.27890728
1078.27890728
1078.27890728
1078.27890728
1078.27890728
1078.27890728
1078.27890728
1078.27890728
1078.27890728
1078.27890728
1078.27890728
1078.27890728
1078.27890728
1078.27890728
1078.27890728
1078.27890728
1078.27890728
1078.27890728
1078.27890728
1078.27890728
1078.27890728
1078.27890728
1078.27890728
1078.27890728
1078.27890728
1078.27890728
1078.27890728
1078.27890728
1078.27890728
1078.27890728
1078.27890728
1078.27890728
1078.27890728
1078.27890728
1078.27890728
1078.27890728
1078.27890728
1078.27890728
1078.27890728
1078.27890728
1078.27890728
1078.27890728
1078.27890728
1078.27890728
1078.27890728
1078.27890728
1078.27890728
1078.27890728
1078.27890728
1078.27890728
1078.27890728
1078.27890728
1078.27890728
1078.27890728
1078.27890728
1078.27890728
1078.27890728
1078.27890728
1078.27890728
1078.27890728
1078.27890728
1078.27890728
1078.27890728
1078.27890728
1078.27890728
1078.27890728
1078.27890728
1078.27890728
1078.27890728
1078.27890728
1078.27890728
1078.27890728
1078.27890728
1078.27890728
1078.27890728
1078.27890728
1078.27890728
1078.27890728
1078.27890728
1078.27890728
1078.27890728
1078.27890728
1078.27890728
1078.27890728
1078.27890728
1078.27890728
1078.27890728
1078.27890728
1078.27890728
1078.27890728
1078.27890728
1078.27890728
1078.27890728
1078.27890728
1078.27890728
1078.27890728
1078.27890728
1078.27890728
1078.27890728
1078.27890728
1078.27890728
1078.27890728
1078.27890728
1078.27890728
1078.27890728
1078.27890728
1078.27890728
1078.27890728
1078.27890728
1078.27890728
1078.27890728
1078.27890728
1078.27890728
1078.27890728
1078.27890728
1078.27890728
1078.27890728
1078.27890728
1078.27890728
1078.27890728
1078.27890728
1078.27890728
1078.27890728
1078.27890728
1078.27890728
1078.27890728
1078.27890728
1078.27890728
1078.27890728
1078.27890728
1078.27890728
1078.27890728
1078.27890728
1078.27890728
1078.27890728
1078.27890728
1078.27890728
1078.27890728
1078.27890728
1078.27890728
1078.27890728
1078.27890728
1078.27890728
1078.27890728
1078.27890728
1078.27890728
1078.27890728
1078.27890728
1078.27890728
1078.27890728
1078.27890728
1078.27890728
1078.27890728
1078.27890728
1078.27890728
1078.27890728
1078.27890728
1078.27890728
1078.27890728
1078.27890728
1078.27890728
1078.27890728
1078.27890728
1078.27890728
1078.27890728
1078.27890728
1078.27890728
1078.27890728
1078.27890728
1078.27890728
1078.27890728
1078.27890728
1078.27890728
1078.27890728
1078.27890728
1078.27890728
1078.27890728
1078.27890728
1078.27890728
1078.27890728
1078.27890728
1078.27890728
1078.27890728
1078.27890728
1078.27890728
1078.27890728
1078.27890728
1078.27890728
1078.27890728
1078.27890728
1078.27890728
1078.27890728
1078.27890728
1078.27890728
1078.27890728
1078.27890728
1078.27890728
1078.27890728
1078.27890728
1078.27890728
1078.27890728
1078.27890728
1078.27890728
1078.27890728
1078.27890728
1078.27890728
1078.27890728
1078.27890728
1078.27890728
1078.27890728
1078.27890728
1078.27890728
1078.27890728
1078.27890728
1078.27890728
1078.27890728
1078.27890728
1078.27890728
1078.27890728
1078.27890728
1078.27890728
1078.27890728
1078.27890728
1078.27890728
1078.27890728
1078.27890728
1078.27890728
1078.27890728
1078.27890728
1078.27890728
1078.27890728
1078.27890728
1078.27890728
1078.27890728
1078.27890728
1078.27890728
1078.27890728
1078.27890728
1078.27890728
1078.27890728
1078.27890728
1078.27890728
1078.27890728
1078.27890728
1078.27890728
1078.27890728
1078.27890728
1078.27890728
1078.27890728
1078.27890728
1078.27890728
1078.27890728
1078.27890728
1078.27890728
1078.27890728
1078.27890728
1078.27890728
1078.27890728
1078.27890728
1078.27890728
1078.27890728
1078.27890728
1078.27890728
1078.27890728
1078.27890728
1078.27890728
1078.27890728
1078.27890728
1078.27890728
1078.27890728
1078.27890728
1078.27890728
1078.27890728
1078.27890728
1078.27890728
1078.27890728
1078.27890728
1078.27890728
1078.27890728
1078.27890728
1078.27890728
1078.27890728
1078.27890728
1078.27890728
1078.27890728
1078.27890728
1078.27890728
1078.27890728
1078.27890728
1078.27890728
1078.27890728
1078.27890728
1078.27890728
1078.27890728
1078.27890728
1078.27890728
1078.27890728
1078.27890728
1078.27890728
1078.27890728
1078.27890728
1078.27890728
1078.27890728
1078.27890728
1078.27890728
1078.27890728
1078.27890728
1078.27890728
1078.27890728
1078.27890728
1078.27890728
1078.27890728
1078.27890728
1078.27890728
1078.27890728
1078.27890728
1078.27890728
1078.27890728
1078.27890728
1078.27890728
1078.27890728
1078.27890728
1078.27890728
1078.27890728
1078.27890728
1078.27890728
1078.27890728
1078.27890728
1078.27890728
1078.27890728
1078.27890728
1078.27890728
1078.27890728
1078.27890728
1078.27890728
1078.27890728
1078.27890728
1078.27890728
1078.27890728
1078.27890728
1078.27890728
1078.27890728
1078.27890728
1078.27890728
1078.27890728
1078.27890728
1078.27890728
1078.27890728
1078.27890728
1078.27890728
1078.27890728
1078.27890728
1078.27890728
1078.27890728
1078.27890728
1078.27890728
1078.27890728
1078.27890728
1078.27890728
1078.27890728
1078.27890728
1078.27890728
1078.27890728
1078.27890728
1078.27890728
1078.27890728
1078.27890728
1078.27890728
1078.27890728
1078.27890728
1078.27890728
1078.27890728
1078.27890728
1078.27890728
1078.27890728
1078.27890728
1078.27890728
1078.27890728
1078.27890728
1078.27890728
1078.27890728
1078.27890728
1078.27890728
1078.27890728
1078.27890728
1078.27890728
1078.27890728
1078.27890728
1078.27890728
1078.27890728
1078.27890728
1078.27890728
1078.27890728
1078.27890728
1078.27890728
1078.27890728
1078.27890728
1078.27890728
1078.27890728
1078.27890728
1078.27890728
1078.27890728
1078.27890728
1078.27890728
1078.27890728
1078.27890728
1078.27890728
1078.27890728
1078.27890728
1078.27890728
1078.27890728
1078.27890728
1078.27890728
1078.27890728
1078.27890728
1078.27890728
1078.27890728
1078.27890728
1078.27890728
1078.27890728
1078.27890728
1078.27890728
1078.27890728
1078.27890728
1078.27890728
1078.27890728
1078.27890728
1078.27890728
1078.27890728
1078.27890728
1078.27890728
1078.27890728
1078.27890728
1078.27890728
1078.27890728
1078.27890728
1078.27890728
1078.27890728
1078.27890728
1078.27890728
1078.27890728
1078.27890728
1078.27890728
1078.27890728
1078.27890728
1078.27890728
1078.27890728
1078.27890728
1078.27890728
1078.27890728
1078.27890728
1078.27890728
1078.27890728
1078.27890728
1078.27890728
1078.27890728
1078.27890728
1078.27890728
1078.27890728
1078.27890728
1078.27890728
1078.27890728
1078.27890728
1078.27890728
1078.27890728
1078.27890728
1078.27890728
1078.27890728
1078.27890728
1078.27890728
1078.27890728
1078.27890728
1078.27890728
1078.27890728
1078.27890728
1078.27890728
1078.27890728
1078.27890728
1078.27890728
1078.27890728
1078.27890728
1078.27890728
1078.27890728
1078.27890728
1078.27890728
1078.27890728
1078.27890728
1078.27890728
1078.27890728
1078.27890728
1078.27890728
1078.27890728
1078.27890728
1078.27890728
1078.27890728
1078.27890728
1078.27890728
1078.27890728
1078.27890728
1078.27890728
1078.27890728
1078.27890728
1078.27890728
1078.27890728
1078.27890728
1078.27890728
1078.27890728
1078.27890728
1078.27890728
1078.27890728
1078.27890728
1078.27890728
1078.27890728
1078.27890728
1078.27890728
1078.27890728
1078.27890728
1078.27890728
1078.27890728
1078.27890728
1078.27890728
1078.27890728
1078.27890728
