1328.75140851
1311.93322073
1311.93322073
1311.93322073
1296.20067369
1288.55668697
1254.14897255
1254.14897255
1254.14897255
1254.14897255
1239.72040703
1239.72040703
1228.4690152
1228.4690152
1228.4690152
1226.37572731
1226.37572731
1196.55179631
1196.55179631
1192.82163438
1188.20293865
1188.20293865
1173.12853084
1158.26736775
1158.26736775
1158.26736775
1158.26736775
1156.86443535
1156.86443535
1155.7835056
1155.7835056
1153.17573336
1153.17573336
1153.17573336
1134.80171101
1128.75627483
1128.75627483
1128.75627483
1128.75627483
1125.74290353
1124.81555968
1121.90511
1121.90511
1107.41795076
1107.41795076
1107.41795076
1107.41795076
1107.41795076
1107.41795076
1107.41795076
1107.41795076
1107.41795076
1107.41795076
1107.41795076
1100.32651423
1100.05753856
1100.05753856
1100.05753856
1100.05753856
1100.05753856
1100.05753856
1100.05753856
1100.05753856
1100.05753856
1100.05753856
1100.05753856
1100.05753856
1100.05753856
1098.65742651
1098.05203717
1098.05203717
1098.05203717
1098.05203717
1098.05203717
1098.05203717
1098.05203717
1098.05203717
1098.05203717
1098.05203717
1098.05203717
1098.05203717
1098.05203717
1098.05203717
1098.05203717
1098.05203717
1098.05203717
1098.05203717
1098.05203717
1098.05203717
1098.05203717
1098.05203717
1098.05203717
1098.05203717
1098.05203717
1098.05203717
1098.05203717
1098.05203717
1098.05203717
1098.05203717
1098.05203717
1098.05203717
1098.05203717
1098.05203717
1098.05203717
1098.05203717
1098.05203717
1098.05203717
1098.05203717
1098.05203717
1098.05203717
1098.05203717
1098.05203717
1098.05203717
1098.05203717
1098.05203717
1098.05203717
1098.05203717
1098.05203717
1098.05203717
1098.05203717
1098.05203717
1098.05203717
1098.05203717
1098.05203717
1098.05203717
1098.05203717
1098.05203717
1098.05203717
1098.05203717
1098.05203717
1098.05203717
1098.05203717
1098.05203717
1098.05203717
1098.05203717
1098.05203717
1098.05203717
1098.05203717
1098.05203717
1098.05203717
1098.05203717
1098.05203717
1098.05203717
1098.05203717
1098.05203717
1098.05203717
1098.05203717
1098.05203717
1098.05203717
1098.05203717
1098.05203717
1098.05203717
1098.05203717
1098.05203717
1098.05203717
1098.05203717
1098.05203717
1098.05203717
1098.05203717
1098.05203717
1098.05203717
1098.05203717
1098.05203717
1098.05203717
1098.05203717
1098.05203717
1098.05203717
1098.05203717
1098.05203717
1098.05203717
1098.05203717
1098.05203717
1098.05203717
1098.05203717
1098.05203717
1098.05203717
1098.05203717
1098.05203717
1098.05203717
1098.05203717
1098.05203717
1098.05203717
1098.05203717
1098.05203717
1098.05203717
1098.05203717
1098.05203717
1098.05203717
1098.05203717
1098.05203717
1098.05203717
1098.05203717
1098.05203717
1098.05203717
1098.05203717
1098.05203717
1098.05203717
1098.05203717
1098.05203717
1098.05203717
1098.05203717
1098.05203717
1098.05203717
1098.05203717
1098.05203717
1098.05203717
1098.05203717
1098.05203717
1098.05203717
1098.05203717
1098.05203717
1098.05203717
1098.05203717
1098.05203717
1098.05203717
1098.05203717
1098.05203717
1098.05203717
1098.05203717
1098.05203717
1098.05203717
1098.05203717
1098.05203717
1098.05203717
1098.05203717
1098.05203717
1098.05203717
1098.05203717
1098.05203717
1098.05203717
1098.05203717
1098.05203717
1098.05203717
1098.05203717
1098.05203717
1098.05203717
1098.05203717
1098.05203717
1098.05203717
1098.05203717
1098.05203717
1098.05203717
1098.05203717
1098.05203717
1098.05203717
1098.05203717
1098.05203717
1098.05203717
1098.05203717
1098.05203717
1098.05203717
1098.05203717
1098.05203717
1098.05203717
1098.05203717
1098.05203717
1098.05203717
1098.05203717
1098.05203717
1098.05203717
1098.05203717
1098.05203717
1098.05203717
1098.05203717
1098.05203717
1098.05203717
1098.05203717
1098.05203717
1098.05203717
1098.05203717
1098.05203717
1098.05203717
1098.05203717
1098.05203717
1098.05203717
1098.05203717
1098.05203717
1098.05203717
1098.05203717
1098.05203717
1098.05203717
1098.05203717
1098.05203717
1098.05203717
1098.05203717
1098.05203717
1098.05203717
1098.05203717
1098.05203717
1098.05203717
1098.05203717
1098.05203717
1098.05203717
1098.05203717
1098.05203717
1098.05203717
1098.05203717
1098.05203717
1098.05203717
1098.05203717
1098.05203717
1098.05203717
1098.05203717
1098.05203717
1098.05203717
1098.05203717
1098.05203717
1098.05203717
1098.05203717
1098.05203717
1098.05203717
1098.05203717
1098.05203717
1098.05203717
1098.05203717
1098.05203717
1098.05203717
1098.05203717
1098.05203717
1098.05203717
1098.05203717
1098.05203717
1098.05203717
1098.05203717
1098.05203717
1098.05203717
1098.05203717
1098.05203717
1098.05203717
1098.05203717
1098.05203717
1098.05203717
1098.05203717
1098.05203717
1098.05203717
1098.05203717
1098.05203717
1098.05203717
1098.05203717
1098.05203717
1098.05203717
1098.05203717
1098.05203717
1098.05203717
1098.05203717
1098.05203717
1098.05203717
1098.05203717
1098.05203717
1098.05203717
1098.05203717
1098.05203717
1098.05203717
1098.05203717
1098.05203717
1098.05203717
1098.05203717
1098.05203717
1098.05203717
1098.05203717
1098.05203717
1098.05203717
1098.05203717
1098.05203717
1098.05203717
1098.05203717
1098.05203717
1098.05203717
1098.05203717
1098.05203717
1098.05203717
1098.05203717
1098.05203717
1098.05203717
1098.05203717
1098.05203717
1098.05203717
1098.05203717
1098.05203717
1098.05203717
1098.05203717
1098.05203717
1098.05203717
1098.05203717
1098.05203717
1098.05203717
1098.05203717
1098.05203717
1098.05203717
1098.05203717
1098.05203717
1098.05203717
1098.05203717
1098.05203717
1098.05203717
1098.05203717
1098.05203717
1098.05203717
1098.05203717
1098.05203717
1098.05203717
1098.05203717
1098.05203717
1098.05203717
1098.05203717
1098.05203717
1098.05203717
1098.05203717
1098.05203717
1098.05203717
1098.05203717
1098.05203717
1098.05203717
1098.05203717
1098.05203717
1098.05203717
1098.05203717
1098.05203717
1098.05203717
1098.05203717
1098.05203717
1098.05203717
1098.05203717
1098.05203717
1098.05203717
1098.05203717
1098.05203717
1098.05203717
1098.05203717
1098.05203717
1098.05203717
1098.05203717
1098.05203717
1098.05203717
1098.05203717
1098.05203717
1098.05203717
1098.05203717
1098.05203717
1098.05203717
1098.05203717
1098.05203717
1098.05203717
1098.05203717
1098.05203717
1098.05203717
1098.05203717
1098.05203717
1098.05203717
1098.05203717
1098.05203717
1098.05203717
1098.05203717
1098.05203717
1098.05203717
1098.05203717
1098.05203717
1098.05203717
1098.05203717
1098.05203717
1098.05203717
1098.05203717
1098.05203717
1098.05203717
1098.05203717
1098.05203717
1098.05203717
1098.05203717
1098.05203717
1098.05203717
1098.05203717
1098.05203717
1098.05203717
1098.05203717
1098.05203717
1098.05203717
1098.05203717
1098.05203717
1098.05203717
1098.05203717
1098.05203717
1098.05203717
1098.05203717
1098.05203717
1098.05203717
1098.05203717
1098.05203717
1098.05203717
1098.05203717
1098.05203717
1098.05203717
1098.05203717
1098.05203717
1098.05203717
1098.05203717
1098.05203717
1098.05203717
1098.05203717
1098.05203717
1098.05203717
1098.05203717
1098.05203717
1098.05203717
1098.05203717
1098.05203717
1098.05203717
1098.05203717
1098.05203717
1098.05203717
1098.05203717
1098.05203717
1098.05203717
1098.05203717
1098.05203717
1098.05203717
1098.05203717
1098.05203717
1098.05203717
1098.05203717
1098.05203717
1098.05203717
1098.05203717
1098.05203717
1098.05203717
1098.05203717
1098.05203717
1098.05203717
1098.05203717
1098.05203717
1098.05203717
1098.05203717
1098.05203717
1098.05203717
1098.05203717
1098.05203717
1098.05203717
1098.05203717
1098.05203717
1098.05203717
1098.05203717
1098.05203717
1098.05203717
1098.05203717
1098.05203717
1098.05203717
1098.05203717
1098.05203717
1098.05203717
1098.05203717
1098.05203717
1098.05203717
1098.05203717
1098.05203717
1098.05203717
1098.05203717
1098.05203717
1098.05203717
1098.05203717
1098.05203717
1098.05203717
1098.05203717
1098.05203717
1098.05203717
1098.05203717
1098.05203717
1098.05203717
1098.05203717
1098.05203717
1098.05203717
1098.05203717
1098.05203717
1098.05203717
1098.05203717
1098.05203717
1098.05203717
1098.05203717
1098.05203717
1098.05203717
1098.05203717
1098.05203717
1098.05203717
1098.05203717
1098.05203717
1098.05203717
1098.05203717
1098.05203717
1098.05203717
1098.05203717
1098.05203717
1098.05203717
1098.05203717
1098.05203717
1098.05203717
1098.05203717
1098.05203717
1098.05203717
1098.05203717
1098.05203717
1098.05203717
1098.05203717
1098.05203717
1098.05203717
1098.05203717
1098.05203717
1098.05203717
1098.05203717
1098.05203717
1098.05203717
1098.05203717
1098.05203717
1098.05203717
1098.05203717
1098.05203717
1098.05203717
1098.05203717
1098.05203717
1098.05203717
1098.05203717
1098.05203717
1098.05203717
1098.05203717
1098.05203717
1098.05203717
1098.05203717
1098.05203717
1098.05203717
1098.05203717
1098.05203717
1098.05203717
1098.05203717
1098.05203717
1098.05203717
1098.05203717
1098.05203717
1098.05203717
1098.05203717
1098.05203717
1098.05203717
1098.05203717
1098.05203717
1098.05203717
1098.05203717
1098.05203717
1098.05203717
1098.05203717
1098.05203717
1098.05203717
1098.05203717
1098.05203717
1098.05203717
1098.05203717
1098.05203717
1098.05203717
1098.05203717
1098.05203717
1098.05203717
1098.05203717
1098.05203717
1098.05203717
1098.05203717
1098.05203717
1098.05203717
1098.05203717
1098.05203717
1098.05203717
1098.05203717
1098.05203717
1098.05203717
1098.05203717
1098.05203717
1098.05203717
1098.05203717
1098.05203717
1098.05203717
1098.05203717
1098.05203717
1098.05203717
1098.05203717
1098.05203717
1098.05203717
1098.05203717
1098.05203717
1098.05203717
1098.05203717
1098.05203717
1098.05203717
1098.05203717
1098.05203717
1098.05203717
1098.05203717
1098.05203717
1098.05203717
1098.05203717
1098.05203717
1098.05203717
1098.05203717
1098.05203717
1098.05203717
1098.05203717
1098.05203717
1098.05203717
1098.05203717
1098.05203717
1098.05203717
1098.05203717
1098.05203717
1098.05203717
1098.05203717
1098.05203717
1098.05203717
1098.05203717
1098.05203717
1098.05203717
1098.05203717
1098.05203717
1098.05203717
1098.05203717
1098.05203717
1098.05203717
1098.05203717
1098.05203717
1098.05203717
1098.05203717
1098.05203717
1098.05203717
1098.05203717
1098.05203717
1098.05203717
1098.05203717
1098.05203717
1098.05203717
1098.05203717
1098.05203717
1098.05203717
1098.05203717
1098.05203717
1098.05203717
1098.05203717
1098.05203717
1098.05203717
1098.05203717
1098.05203717
1098.05203717
1098.05203717
1098.05203717
1098.05203717
1098.05203717
1098.05203717
1098.05203717
1098.05203717
1098.05203717
1098.05203717
1098.05203717
1098.05203717
1098.05203717
1098.05203717
1098.05203717
1098.05203717
1098.05203717
1098.05203717
1098.05203717
1098.05203717
1098.05203717
1098.05203717
1098.05203717
1098.05203717
1098.05203717
1098.05203717
1098.05203717
1098.05203717
1098.05203717
1098.05203717
1098.05203717
1098.05203717
1098.05203717
1098.05203717
1098.05203717
1098.05203717
1098.05203717
1098.05203717
1098.05203717
1098.05203717
1098.05203717
1098.05203717
1098.05203717
1098.05203717
1098.05203717
1098.05203717
1098.05203717
1098.05203717
1098.05203717
1098.05203717
1098.05203717
1098.05203717
1098.05203717
1098.05203717
1098.05203717
1098.05203717
1098.05203717
1098.05203717
1098.05203717
1098.05203717
1098.05203717
1098.05203717
1098.05203717
1098.05203717
1098.05203717
1098.05203717
1098.05203717
1098.05203717
1098.05203717
1098.05203717
1098.05203717
1098.05203717
1098.05203717
1098.05203717
1098.05203717
1098.05203717
1098.05203717
1098.05203717
1098.05203717
1098.05203717
1098.05203717
1098.05203717
1098.05203717
1098.05203717
1098.05203717
1098.05203717
1098.05203717
1098.05203717
1098.05203717
1098.05203717
1098.05203717
1098.05203717
1098.05203717
1098.05203717
1098.05203717
1098.05203717
1098.05203717
1098.05203717
1098.05203717
1098.05203717
1098.05203717
1098.05203717
1098.05203717
1098.05203717
1098.05203717
1098.05203717
1098.05203717
1098.05203717
1098.05203717
1098.05203717
1098.05203717
1098.05203717
1098.05203717
1098.05203717
1098.05203717
1098.05203717
1098.05203717
1098.05203717
1098.05203717
1098.05203717
1098.05203717
1098.05203717
1098.05203717
1098.05203717
1098.05203717
1098.05203717
1098.05203717
1098.05203717
1098.05203717
1098.05203717
1098.05203717
1098.05203717
1098.05203717
1098.05203717
1098.05203717
1098.05203717
1098.05203717
1098.05203717
1098.05203717
1098.05203717
1098.05203717
1098.05203717
1098.05203717
1098.05203717
1098.05203717
1098.05203717
1098.05203717
1098.05203717
1098.05203717
1098.05203717
1098.05203717
1098.05203717
1098.05203717
1098.05203717
1098.05203717
1098.05203717
1098.05203717
1098.05203717
1098.05203717
1098.05203717
1098.05203717
1098.05203717
1098.05203717
1098.05203717
1098.05203717
1098.05203717
1098.05203717
1098.05203717
1098.05203717
1098.05203717
1098.05203717
1098.05203717
1098.05203717
1098.05203717
1098.05203717
1098.05203717
1098.05203717
1098.05203717
1098.05203717
1098.05203717
1098.05203717
1098.05203717
1098.05203717
1098.05203717
1098.05203717
1098.05203717
1098.05203717
1098.05203717
1098.05203717
1098.05203717
1098.05203717
1098.05203717
1098.05203717
1098.05203717
1098.05203717
1098.05203717
1098.05203717
1098.05203717
1098.05203717
1098.05203717
1098.05203717
1098.05203717
1098.05203717
1098.05203717
1098.05203717
1098.05203717
1098.05203717
1098.05203717
1098.05203717
1098.05203717
1098.05203717
1098.05203717
1098.05203717
1098.05203717
1098.05203717
1098.05203717
1098.05203717
1098.05203717
1098.05203717
1098.05203717
1098.05203717
1098.05203717
1098.05203717
1098.05203717
1098.05203717
1098.05203717
1098.05203717
1098.05203717
1098.05203717
1098.05203717
1098.05203717
1098.05203717
1098.05203717
1098.05203717
1098.05203717
1098.05203717
1098.05203717
1098.05203717
1098.05203717
1098.05203717
1098.05203717
1098.05203717
1098.05203717
1098.05203717
1098.05203717
1098.05203717
1098.05203717
1098.05203717
1098.05203717
1098.05203717
1098.05203717
1098.05203717
1098.05203717
1098.05203717
1098.05203717
1098.05203717
1098.05203717
1098.05203717
