2086.297814894546
2026.4056791509092
2005.9067427890911
1914.064329738182
1836.2075382690907
1726.6513138436362
1673.40142674
1619.0798276163632
1578.2011924690908
1483.610016630909
1460.427914800909
1416.3793405763636
1387.3427718581818
1359.3387314418185
1321.426868187273
1279.5155498809092
1235.7189072800002
1199.3775510055455
1145.2452504597272
1116.8283873136365
1080.700850748182
1065.9252182093637
1045.5396281527273
1023.4555890760911
1015.8155899194546
1010.9130001799093
998.0798580918182
968.5614524436361
959.5624314849999
959.4899159142726
953.3396879324545
935.3032054102728
925.2420855106363
920.9641828213637
919.0138164663637
918.4965660831818
913.1597890370911
913.1597890370911
909.2676731140001
909.2676731140001
909.2676731140001
907.4031136654546
903.6621820901819
897.4557587203636
896.5721159569092
896.5721159569092
896.5721159569092
896.5721159569092
896.5553343074546
896.5553343074546
896.4318373538183
896.4318373538183
896.4318373538183
896.4318373538183
896.4318373538183
893.6408114198183
893.6408114198183
893.6408114198183
893.582338805091
893.582338805091
893.582338805091
893.582338805091
893.582338805091
893.582338805091
893.582338805091
893.582338805091
893.582338805091
893.582338805091
893.582338805091
893.582338805091
893.582338805091
893.582338805091
893.582338805091
893.582338805091
893.582338805091
893.582338805091
893.582338805091
893.582338805091
893.582338805091
893.582338805091
893.582338805091
893.582338805091
893.4762019047273
893.4762019047273
893.4762019047273
893.4762019047273
893.4762019047273
893.4762019047273
893.4762019047273
893.4762019047273
893.4762019047273
893.4762019047273
893.4762019047273
893.4762019047273
893.4762019047273
893.4762019047273
892.4418270320001
892.4418270320001
892.4418270320001
892.4418270320001
892.4418270320001
892.4418270320001
892.4418270320001
892.4418270320001
892.4418270320001
892.4418270320001
892.4418270320001
892.4418270320001
889.8409652201818
889.8409652201818
889.8409652201818
889.8409652201818
889.8409652201818
889.8409652201818
889.8409652201818
889.8409652201818
889.8409652201818
889.8409652201818
889.8409652201818
888.0723073074547
885.6742699329093
885.6742699329093
885.6742699329093
885.6742699329093
885.6742699329093
885.6742699329093
885.6742699329093
885.6742699329093
885.6742699329093
885.6742699329093
885.6742699329093
885.6742699329093
885.6742699329093
885.6742699329093
885.6742699329093
885.6742699329093
885.6742699329093
885.6742699329093
885.6742699329093
885.6742699329093
885.6742699329093
885.6742699329093
885.6742699329093
885.6742699329093
885.6742699329093
885.6742699329093
878.968682766091
878.968682766091
878.968682766091
878.968682766091
878.968682766091
878.968682766091
878.968682766091
878.968682766091
878.968682766091
878.968682766091
878.968682766091
878.968682766091
878.968682766091
878.968682766091
878.968682766091
878.968682766091
878.968682766091
878.968682766091
878.968682766091
878.968682766091
878.968682766091
878.968682766091
878.968682766091
878.968682766091
878.968682766091
878.968682766091
878.968682766091
878.968682766091
878.968682766091
878.968682766091
878.968682766091
878.968682766091
878.968682766091
878.968682766091
878.968682766091
878.968682766091
878.968682766091
878.968682766091
878.968682766091
878.968682766091
878.968682766091
878.968682766091
878.968682766091
878.968682766091
878.968682766091
878.968682766091
878.968682766091
878.968682766091
878.968682766091
878.968682766091
878.968682766091
878.8847488259092
878.8847488259092
878.8847488259092
878.8847488259092
878.8847488259092
878.8847488259092
878.8847488259092
878.8847488259092
878.8847488259092
878.8847488259092
878.8847488259092
878.8847488259092
878.8847488259092
878.8847488259092
878.8847488259092
878.8847488259092
878.8847488259092
878.8847488259092
878.8847488259092
878.8847488259092
878.8847488259092
878.8847488259092
877.0520114860909
877.0520114860909
877.0520114860909
877.0520114860909
877.0520114860909
877.0520114860909
877.0520114860909
877.0520114860909
877.0520114860909
877.0520114860909
877.0520114860909
877.0520114860909
876.6045756813637
876.6045756813637
876.6045756813637
876.6045756813637
876.6045756813637
876.6045756813637
876.6045756813637
876.6045756813637
876.6045756813637
876.6045756813637
876.6045756813637
876.6045756813637
876.5039421165457
876.5039421165457
876.5039421165457
876.5039421165457
876.5039421165457
876.5039421165457
876.5039421165457
876.5039421165457
876.5039421165457
876.5039421165457
876.5039421165457
876.5039421165457
876.5039421165457
876.5039421165457
876.5039421165457
876.5039421165457
876.5039421165457
876.5039421165457
876.5039421165457
876.5039421165457
876.5039421165457
876.5039421165457
876.5039421165457
876.5039421165457
876.5039421165457
876.5039421165457
876.5039421165457
876.5039421165457
876.5039421165457
876.5039421165457
876.5039421165457
876.3686352076365
875.5458799520001
875.5458799520001
875.5458799520001
875.5458799520001
875.4286134332727
875.4286134332727
874.5525329638182
874.5525329638182
874.5525329638182
874.5525329638182
874.5525329638182
874.5525329638182
874.5525329638182
874.5525329638182
874.5525329638182
874.5525329638182
874.5525329638182
874.5525329638182
874.5525329638182
874.5525329638182
874.5525329638182
874.5525329638182
874.5525329638182
874.5525329638182
874.5525329638182
874.5525329638182
874.5525329638182
874.5525329638182
874.5525329638182
874.5525329638182
874.5525329638182
874.5525329638182
874.5525329638182
874.5525329638182
874.5525329638182
874.5525329638182
874.5525329638182
874.5525329638182
874.5525329638182
874.5525329638182
874.5525329638182
872.2081142131818
870.4107291164546
870.4107291164546
870.4107291164546
870.4107291164546
870.4107291164546
870.4107291164546
870.3998507994547
870.3998507994547
870.3998507994547
870.3998507994547
870.3998507994547
869.969135335091
869.969135335091
869.969135335091
869.969135335091
869.969135335091
869.969135335091
869.969135335091
869.969135335091
869.969135335091
869.969135335091
869.969135335091
869.969135335091
869.969135335091
869.969135335091
869.969135335091
869.969135335091
869.969135335091
869.969135335091
869.969135335091
869.969135335091
869.969135335091
869.969135335091
869.969135335091
869.969135335091
869.969135335091
869.969135335091
869.969135335091
869.969135335091
869.969135335091
869.969135335091
869.969135335091
869.969135335091
869.969135335091
869.969135335091
869.969135335091
869.969135335091
869.969135335091
869.969135335091
869.969135335091
869.969135335091
869.969135335091
869.969135335091
869.0356291369092
869.0356291369092
869.0356291369092
869.0356291369092
869.0356291369092
869.0356291369092
869.0356291369092
869.0356291369092
869.0356291369092
869.0356291369092
869.0356291369092
869.0356291369092
869.0356291369092
869.0356291369092
868.952310106
868.952310106
868.952310106
867.3300817385455
867.3300817385455
866.4264051364546
866.4264051364546
866.4264051364546
866.4264051364546
866.4264051364546
866.4264051364546
866.4264051364546
866.4264051364546
866.4264051364546
866.4264051364546
866.4264051364546
866.4264051364546
866.4264051364546
866.4264051364546
866.4264051364546
866.4264051364546
866.4264051364546
866.4264051364546
866.4264051364546
866.4264051364546
866.4264051364546
866.4264051364546
866.4264051364546
866.4264051364546
866.4264051364546
866.4264051364546
866.4264051364546
866.4264051364546
866.4264051364546
866.4264051364546
866.4264051364546
866.4264051364546
866.4264051364546
866.4264051364546
866.4264051364546
866.4264051364546
866.4264051364546
866.4264051364546
866.4264051364546
866.4264051364546
866.4264051364546
866.4264051364546
866.4264051364546
866.4264051364546
866.4264051364546
866.4264051364546
866.4264051364546
866.4264051364546
866.4264051364546
866.4264051364546
866.4264051364546
866.4264051364546
866.4264051364546
866.4264051364546
866.4264051364546
866.4264051364546
866.4264051364546
866.4264051364546
866.4264051364546
866.4264051364546
866.4264051364546
866.4264051364546
866.4264051364546
866.4264051364546
866.4264051364546
866.4264051364546
866.4264051364546
866.4264051364546
866.4264051364546
866.4264051364546
866.4264051364546
866.4264051364546
866.4264051364546
866.4264051364546
866.4264051364546
866.4264051364546
866.4264051364546
866.4264051364546
866.4264051364546
866.4264051364546
866.4264051364546
866.4264051364546
866.4264051364546
866.4264051364546
866.4264051364546
866.4264051364546
866.4264051364546
866.4264051364546
866.4264051364546
866.4264051364546
866.4264051364546
866.4264051364546
866.4264051364546
866.4264051364546
866.4264051364546
866.4264051364546
866.4264051364546
866.4264051364546
866.4264051364546
866.4264051364546
866.4264051364546
866.4264051364546
866.4264051364546
866.4264051364546
866.4264051364546
866.4264051364546
866.4264051364546
866.4264051364546
866.4264051364546
866.4264051364546
866.4264051364546
866.4264051364546
866.4264051364546
866.4264051364546
866.4264051364546
866.4264051364546
866.4264051364546
866.4264051364546
866.4264051364546
866.4264051364546
866.4264051364546
866.4264051364546
866.4264051364546
866.4264051364546
866.4264051364546
866.4264051364546
866.4264051364546
866.4264051364546
866.4264051364546
866.4264051364546
866.4264051364546
866.4264051364546
866.4264051364546
866.4264051364546
866.4264051364546
866.4264051364546
866.4264051364546
866.4264051364546
866.4264051364546
866.4264051364546
866.4264051364546
866.4264051364546
866.4264051364546
866.4264051364546
866.4264051364546
866.4264051364546
866.4264051364546
866.4264051364546
866.4264051364546
866.3590154110911
866.3590154110911
866.3590154110911
866.3590154110911
866.3590154110911
866.3590154110911
866.3590154110911
866.3590154110911
866.3590154110911
866.3590154110911
866.3590154110911
866.3590154110911
866.3590154110911
866.3590154110911
866.3590154110911
866.3590154110911
866.3590154110911
866.3590154110911
866.3590154110911
866.3590154110911
866.3590154110911
866.3590154110911
866.3590154110911
866.3590154110911
866.3590154110911
866.3590154110911
866.3590154110911
866.3590154110911
866.3590154110911
866.3590154110911
866.3590154110911
866.3590154110911
866.3590154110911
866.3590154110911
866.3590154110911
866.3590154110911
866.3590154110911
866.3590154110911
866.3590154110911
866.3590154110911
866.3590154110911
866.3590154110911
866.3590154110911
866.3590154110911
866.3590154110911
866.3590154110911
866.3590154110911
866.3590154110911
866.3590154110911
866.3590154110911
866.3590154110911
866.3590154110911
866.3590154110911
866.3590154110911
866.3590154110911
866.3590154110911
866.3590154110911
866.3590154110911
866.3590154110911
866.3590154110911
866.3590154110911
866.3590154110911
866.3590154110911
866.3590154110911
866.3590154110911
866.3590154110911
866.3590154110911
866.3590154110911
866.3590154110911
866.3590154110911
866.3590154110911
866.3590154110911
866.3590154110911
866.3590154110911
866.3590154110911
866.3590154110911
866.3590154110911
866.3590154110911
866.3590154110911
866.3590154110911
866.3590154110911
866.3590154110911
866.3590154110911
866.3590154110911
866.3590154110911
866.3590154110911
866.3590154110911
866.3590154110911
866.3590154110911
866.3590154110911
866.3590154110911
866.3590154110911
866.3590154110911
866.3590154110911
866.3590154110911
866.3590154110911
866.3590154110911
866.3590154110911
866.3590154110911
866.3590154110911
866.3590154110911
866.3590154110911
866.3590154110911
866.3590154110911
866.3590154110911
866.3590154110911
866.3590154110911
866.3590154110911
866.3590154110911
866.3590154110911
866.3590154110911
866.3590154110911
866.3590154110911
866.3590154110911
866.3590154110911
866.3590154110911
866.3590154110911
866.3590154110911
866.3590154110911
866.3590154110911
866.3590154110911
866.3590154110911
866.3590154110911
866.3590154110911
866.3590154110911
866.3590154110911
866.3590154110911
866.3590154110911
866.3590154110911
866.3590154110911
866.3590154110911
866.3590154110911
866.3590154110911
866.3590154110911
866.3590154110911
866.3590154110911
866.3590154110911
866.3590154110911
866.3590154110911
866.3590154110911
866.3590154110911
866.3590154110911
866.3590154110911
866.3590154110911
866.3590154110911
866.3590154110911
866.3590154110911
866.3590154110911
866.3590154110911
866.3590154110911
866.3590154110911
866.3590154110911
866.3590154110911
866.3590154110911
866.3590154110911
866.3590154110911
866.3590154110911
866.3590154110911
866.3590154110911
866.3590154110911
866.3590154110911
866.3590154110911
866.3590154110911
866.3590154110911
866.3590154110911
866.3590154110911
866.3590154110911
866.3590154110911
866.3590154110911
866.3590154110911
866.3590154110911
866.3590154110911
866.3590154110911
866.3590154110911
866.3590154110911
866.3590154110911
866.3590154110911
866.3590154110911
866.3590154110911
866.3590154110911
866.3590154110911
866.3590154110911
866.3590154110911
866.3590154110911
866.3590154110911
866.3590154110911
866.3590154110911
866.3590154110911
866.3590154110911
866.3590154110911
866.3590154110911
866.3590154110911
866.3590154110911
866.3590154110911
866.3590154110911
866.3590154110911
866.3590154110911
866.3590154110911
866.3590154110911
866.3590154110911
866.3590154110911
866.3590154110911
866.3590154110911
866.3590154110911
866.3590154110911
866.3590154110911
866.3590154110911
866.3590154110911
866.3590154110911
866.3590154110911
866.3590154110911
866.3590154110911
866.3590154110911
866.3590154110911
866.3590154110911
866.3590154110911
866.3590154110911
866.3590154110911
866.3590154110911
866.3590154110911
866.3590154110911
866.3590154110911
866.3590154110911
866.3590154110911
866.3590154110911
866.3590154110911
866.3590154110911
866.3590154110911
866.3590154110911
866.3590154110911
866.3590154110911
866.3590154110911
866.3590154110911
866.3590154110911
866.3590154110911
866.3590154110911
866.3590154110911
866.3590154110911
866.3590154110911
866.3590154110911
866.3590154110911
866.3590154110911
866.3590154110911
866.3590154110911
866.3590154110911
866.3590154110911
866.3590154110911
866.3590154110911
866.3590154110911
866.3590154110911
866.3590154110911
866.3590154110911
866.3590154110911
866.3590154110911
866.3590154110911
866.3590154110911
866.3590154110911
866.3590154110911
866.3590154110911
866.3590154110911
866.3590154110911
866.3590154110911
866.3590154110911
866.3590154110911
866.3590154110911
866.3590154110911
866.3590154110911
866.3590154110911
866.3590154110911
866.3590154110911
866.3590154110911
866.3590154110911
866.3590154110911
866.3590154110911
866.3590154110911
866.3590154110911
866.3590154110911
866.3590154110911
866.3590154110911
866.3590154110911
866.3590154110911
866.3590154110911
866.3590154110911
866.3590154110911
866.3590154110911
866.3590154110911
866.3590154110911
866.3590154110911
866.3590154110911
866.3590154110911
866.3590154110911
866.3590154110911
866.3590154110911
866.3590154110911
866.3590154110911
866.3590154110911
866.3590154110911
866.3590154110911
866.3590154110911
866.3590154110911
866.3590154110911
866.3590154110911
866.3590154110911
866.3590154110911
866.3590154110911
866.3590154110911
866.3590154110911
866.3590154110911
866.3590154110911
866.3590154110911
866.3590154110911
866.3590154110911
866.3590154110911
866.3590154110911
866.3590154110911
866.3590154110911
866.3590154110911
866.3590154110911
866.3590154110911
866.3590154110911
866.3590154110911
866.3590154110911
866.3590154110911
866.3590154110911
866.3590154110911
866.3590154110911
866.3590154110911
866.3590154110911
866.3590154110911
866.3590154110911
866.3590154110911
866.3590154110911
866.3590154110911
866.3590154110911
866.3590154110911
866.3590154110911
866.3590154110911
866.3590154110911
866.3590154110911
866.3590154110911
866.3590154110911
866.3590154110911
866.3590154110911
866.3590154110911
866.3590154110911
866.3590154110911
866.3590154110911
866.3590154110911
866.3590154110911
866.3590154110911
866.3590154110911
866.3590154110911
866.3590154110911
866.3590154110911
866.3590154110911
866.3590154110911
866.3590154110911
866.3590154110911
866.3590154110911
866.3590154110911
866.3590154110911
866.3590154110911
866.3590154110911
866.3590154110911
866.3590154110911
866.3590154110911
866.3590154110911
866.3590154110911
866.3590154110911
866.3590154110911
866.3590154110911
866.3590154110911
866.3590154110911
866.3590154110911
866.3590154110911
866.3590154110911
866.3590154110911
866.3590154110911
866.3590154110911
866.3590154110911
866.3590154110911
866.3590154110911
866.3590154110911
866.3590154110911
866.3590154110911
866.3590154110911
866.3590154110911
866.3590154110911
866.3590154110911
866.3590154110911
866.3590154110911
866.3590154110911
866.3590154110911
866.3590154110911
866.3590154110911
866.3590154110911
866.3590154110911
866.3590154110911
866.3590154110911
866.3590154110911
866.3590154110911
866.3590154110911
866.3590154110911
866.3590154110911
866.3590154110911
866.3590154110911
866.3590154110911
866.3590154110911
866.3590154110911
866.3590154110911
866.3590154110911
866.3590154110911
866.3590154110911
866.3590154110911
866.3590154110911
866.3590154110911
866.3590154110911
866.3590154110911
866.3590154110911
866.3590154110911
866.3590154110911
866.3590154110911
866.3590154110911
866.3590154110911
866.3590154110911
866.3590154110911
866.3590154110911
866.3590154110911
866.3590154110911
866.3590154110911
866.3590154110911
866.3590154110911
866.3590154110911
866.3590154110911
866.3590154110911
866.3590154110911
866.3590154110911
866.3590154110911
866.3590154110911
866.3590154110911
866.3590154110911
866.3590154110911
866.3590154110911
866.3590154110911
866.3590154110911
866.3590154110911
866.3590154110911
866.3590154110911
866.3590154110911
866.3590154110911
866.3590154110911
866.3590154110911
866.3590154110911
866.3590154110911
866.3590154110911
866.3590154110911
866.3590154110911
866.3590154110911
866.3590154110911
866.3590154110911
866.3590154110911
866.3590154110911
