25 500
  0     40.0     50.0       0.0      960.0      0.0       0.0       0.0  
  1     25.0     85.0       0.0      911.0     10.0      13.0      20.0  
  2     22.0     75.0       0.0      919.0     10.0       2.0      30.0  
  3     22.0     85.0       0.0      910.0     10.0       0.0      10.0  
  4     20.0     80.0      644.0     764.0     10.0      14.0      40.0  
  5     20.0     85.0       0.0      909.0     10.0       7.0      20.0  
  6     18.0     75.0      388.0     508.0     10.0      16.0      20.0  
  7     15.0     75.0       0.0      914.0     10.0       6.0      20.0  
  8     15.0     80.0      367.0     487.0     10.0       3.0      10.0  
  9     10.0     35.0      371.0     491.0     10.0      20.0      20.0  
 10     10.0     40.0      519.0     639.0     10.0      24.0      30.0  
 11      8.0     40.0      195.0     315.0     10.0      19.0      40.0  
 12      8.0     45.0       0.0      917.0     10.0      10.0      20.0  
 13      5.0     35.0      653.0     773.0     10.0       3.0      10.0  
 14      5.0     45.0      35.0      155.0     10.0       4.0      10.0  
 15      2.0     40.0      174.0     294.0     10.0       2.0      20.0  
 16      0.0     40.0      255.0     375.0     10.0      15.0      20.0  
 17      0.0     45.0      703.0     823.0     10.0      11.0      20.0  
 18     44.0      5.0      335.0     455.0     10.0       2.0      20.0  
 19     42.0     10.0      254.0     374.0     10.0      21.0      40.0  
 20     42.0     15.0      537.0     657.0     10.0       9.0      10.0  
 21     40.0      5.0       0.0      905.0     10.0       6.0      10.0  
 22     40.0     15.0      375.0     495.0     10.0      39.0      40.0  
 23     38.0      5.0      201.0     321.0     10.0       5.0      30.0  
 24     38.0     15.0      681.0     801.0     10.0       3.0      10.0  
 25     35.0      5.0      784.0     904.0     10.0       1.0      20.0  
 26     95.0     30.0       0.0      891.0     10.0       8.0      30.0  
 27     95.0     35.0      146.0     266.0     10.0       9.0      20.0  
 28     92.0     30.0      149.0     269.0     10.0       6.0      10.0  
 29     90.0     35.0      194.0     314.0     10.0       6.0      10.0  
 30     88.0     30.0      246.0     366.0     10.0       4.0      10.0  
 31     88.0     35.0       0.0      899.0     10.0      10.0      20.0  
 32     87.0     30.0      621.0     741.0     10.0       8.0      10.0  
 33     85.0     25.0      80.0      200.0     10.0       4.0      10.0  
 34     85.0     35.0       0.0      902.0     10.0      17.0      30.0  
 35     67.0     85.0      657.0     777.0     10.0      16.0      20.0  
 36     65.0     85.0      43.0      163.0     10.0      37.0      40.0  
 37     65.0     82.0       0.0      909.0     10.0       0.0      10.0  
 38     62.0     80.0      278.0     398.0     10.0       3.0      30.0  
 39     60.0     80.0      64.0      184.0     10.0       0.0      10.0  
 40     60.0     85.0      329.0     449.0     10.0      23.0      30.0  
 41     58.0     75.0      376.0     496.0     10.0      14.0      20.0  
 42     55.0     80.0      33.0      153.0     10.0       6.0      10.0  
 43     55.0     85.0      574.0     694.0     10.0       2.0      20.0  
 44     55.0     82.0      217.0     337.0     10.0       8.0      10.0  
 45     20.0     82.0      37.0      157.0     10.0       3.0      10.0  
 46     18.0     80.0      489.0     609.0     10.0      10.0      10.0  
 47      2.0     45.0      105.0     225.0     10.0       9.0      10.0  
 48     42.0      5.0       0.0      904.0     10.0       5.0      10.0  
 49     42.0     12.0      440.0     560.0     10.0       8.0      10.0  
 50     72.0     35.0       0.0      914.0     10.0      28.0      30.0  
