2065.557610909091
2007.010433496364
1931.1682975209087
1873.3054107981816
1816.07299859
1774.5130979963635
1735.9470301127274
1717.6517605463634
1652.3729115299998
1548.3435360945455
1526.7139774145455
1483.3949429754546
1422.7667282700002
1390.1156052536367
1350.6420057536363
1301.877016157273
1231.7610517954547
1193.4986267818183
1153.8703534786364
1140.1900157095456
1111.6166661225454
1078.252292430091
1055.679314602
1034.8561920501818
1007.6616336483636
969.5074566461818
956.4280048575455
944.8189414267272
936.5255022122727
910.2213511202725
910.2213511202725
909.3900160322726
909.1129286562726
900.5453332819999
899.8000885592726
898.369922680909
891.042625076
890.671182154091
890.4819228976364
889.5338883473636
888.7145033602727
881.4065527377272
875.7661190506362
875.7661190506362
872.2264575457273
870.9514474170908
868.9363996843637
868.9363996843637
868.491023831091
868.491023831091
868.491023831091
868.491023831091
868.491023831091
868.491023831091
868.2971398307272
868.2971398307272
868.2971398307272
868.2971398307272
868.2971398307272
868.2971398307272
868.2971398307272
868.2971398307272
868.2971398307272
868.2971398307272
868.2971398307272
868.2971398307272
868.2971398307272
868.2971398307272
868.2971398307272
868.2971398307272
868.2971398307272
868.2971398307272
868.2971398307272
868.2971398307272
868.2971398307272
868.2971398307272
868.2971398307272
868.2971398307272
868.2971398307272
868.2971398307272
868.2971398307272
868.2971398307272
868.2971398307272
868.2971398307272
868.2971398307272
868.2971398307272
865.5873235611817
865.5873235611817
865.0636505648181
859.6011701681819
859.6011701681819
859.6011701681819
859.6011701681819
859.6011701681819
859.6011701681819
859.6011701681819
859.6011701681819
859.6011701681819
859.6011701681819
859.6011701681819
859.6011701681819
859.6011701681819
859.6011701681819
859.6011701681819
859.6011701681819
859.6011701681819
859.6011701681819
859.6011701681819
859.6011701681819
859.6011701681819
859.6011701681819
859.6011701681819
859.6011701681819
859.6011701681819
859.6011701681819
859.6011701681819
859.6011701681819
859.6011701681819
859.6011701681819
859.6011701681819
859.6011701681819
859.6011701681819
859.6011701681819
859.6011701681819
859.6011701681819
859.6011701681819
859.6011701681819
859.6011701681819
859.6011701681819
859.6011701681819
859.6011701681819
859.6011701681819
859.6011701681819
859.6011701681819
859.6011701681819
859.6011701681819
859.6011701681819
859.6011701681819
859.6011701681819
859.6011701681819
859.6011701681819
859.6011701681819
859.6011701681819
859.6011701681819
859.6011701681819
859.6011701681819
859.6011701681819
859.6011701681819
859.6011701681819
859.6011701681819
859.6011701681819
859.6011701681819
859.6011701681819
859.6011701681819
859.6011701681819
859.6011701681819
859.6011701681819
859.6011701681819
859.6011701681819
859.6011701681819
859.6011701681819
859.6011701681819
859.6011701681819
858.6625150214546
858.6625150214546
858.283735838273
858.283735838273
858.283735838273
852.4724832624546
852.4724832624546
852.4724832624546
852.4724832624546
852.4724832624546
852.4724832624546
852.4724832624546
852.4724832624546
852.4724832624546
852.4724832624546
852.4724832624546
852.4724832624546
850.234651698091
850.234651698091
850.234651698091
850.234651698091
850.234651698091
850.234651698091
850.234651698091
850.234651698091
850.234651698091
850.234651698091
850.234651698091
850.234651698091
850.234651698091
850.234651698091
850.234651698091
850.1654679361819
850.1654679361819
850.1654679361819
850.1654679361819
850.1654679361819
850.1654679361819
850.1654679361819
850.1654679361819
850.1654679361819
850.1654679361819
850.1654679361819
850.1654679361819
850.1654679361819
850.1654679361819
850.1654679361819
850.1654679361819
850.1654679361819
850.1654679361819
850.1654679361819
850.1654679361819
850.1654679361819
850.1654679361819
850.1654679361819
850.1654679361819
850.1654679361819
850.1654679361819
850.1654679361819
850.1654679361819
850.1654679361819
850.1654679361819
850.1654679361819
850.1654679361819
850.1654679361819
850.1654679361819
850.1654679361819
850.1654679361819
850.1654679361819
850.1654679361819
850.1654679361819
850.1654679361819
850.1654679361819
850.1654679361819
850.1654679361819
850.1654679361819
850.1654679361819
850.1654679361819
850.1654679361819
850.1654679361819
850.1654679361819
850.1654679361819
850.1654679361819
850.1654679361819
850.1654679361819
850.1654679361819
850.1654679361819
850.1654679361819
850.1654679361819
850.1654679361819
850.1654679361819
850.1654679361819
850.1654679361819
850.1654679361819
850.1654679361819
850.1654679361819
850.1654679361819
850.1654679361819
850.1654679361819
850.1654679361819
850.1654679361819
850.1654679361819
850.1654679361819
850.1654679361819
850.1654679361819
850.1654679361819
850.1654679361819
850.1654679361819
850.1654679361819
850.1654679361819
850.1654679361819
850.1654679361819
850.1654679361819
850.1654679361819
850.1654679361819
850.1654679361819
850.1654679361819
850.1654679361819
850.1654679361819
850.1654679361819
850.1654679361819
850.1654679361819
850.1654679361819
850.1654679361819
850.1654679361819
850.1654679361819
850.1654679361819
850.1654679361819
850.1654679361819
850.1654679361819
850.1654679361819
850.1654679361819
850.1654679361819
850.1654679361819
850.1654679361819
850.1654679361819
850.1654679361819
850.1654679361819
850.1654679361819
850.1654679361819
850.1654679361819
850.1654679361819
850.1654679361819
850.1654679361819
850.1654679361819
850.1654679361819
850.1654679361819
850.1654679361819
850.1654679361819
850.1654679361819
850.1654679361819
850.1654679361819
850.1654679361819
850.1654679361819
850.1654679361819
850.1654679361819
850.1654679361819
850.1654679361819
850.1654679361819
850.1654679361819
850.1654679361819
850.1654679361819
850.1654679361819
850.1654679361819
850.1654679361819
850.1654679361819
850.1654679361819
850.1654679361819
850.1654679361819
850.1654679361819
850.1654679361819
850.1654679361819
850.1654679361819
850.1654679361819
850.1654679361819
850.1654679361819
850.1654679361819
850.1654679361819
850.1654679361819
850.1654679361819
850.1654679361819
850.1654679361819
850.1654679361819
850.1654679361819
850.1654679361819
850.1654679361819
850.1654679361819
850.1654679361819
850.1654679361819
850.1654679361819
850.1654679361819
850.1654679361819
850.1654679361819
850.1654679361819
850.1654679361819
850.1654679361819
850.1654679361819
850.1654679361819
850.1654679361819
850.1654679361819
850.1654679361819
850.1654679361819
850.1654679361819
850.1654679361819
850.1654679361819
850.1654679361819
850.1654679361819
850.1654679361819
850.1654679361819
850.1654679361819
850.1654679361819
850.1654679361819
850.1654679361819
850.1654679361819
850.1654679361819
850.1654679361819
850.1654679361819
850.1654679361819
850.1654679361819
850.1654679361819
850.1654679361819
850.1654679361819
850.1654679361819
850.1654679361819
850.1654679361819
850.1654679361819
850.1654679361819
850.1654679361819
850.1654679361819
850.1654679361819
850.1654679361819
850.1654679361819
850.1654679361819
850.1654679361819
850.1654679361819
850.1654679361819
850.1654679361819
850.1654679361819
850.1654679361819
850.1654679361819
850.1654679361819
850.1654679361819
850.1654679361819
850.1654679361819
850.1654679361819
850.1654679361819
850.1654679361819
850.1654679361819
850.1654679361819
850.1654679361819
850.1654679361819
850.1654679361819
850.1654679361819
850.1654679361819
850.1654679361819
850.1654679361819
850.1654679361819
850.1654679361819
850.1654679361819
850.1654679361819
850.1654679361819
850.1654679361819
850.1654679361819
850.1654679361819
850.1654679361819
850.1654679361819
850.1654679361819
850.1654679361819
850.1654679361819
850.1654679361819
850.1654679361819
850.1654679361819
850.1654679361819
850.1654679361819
850.1654679361819
850.1654679361819
850.1654679361819
850.1654679361819
850.1654679361819
850.1654679361819
850.1654679361819
850.1654679361819
850.1654679361819
850.1654679361819
850.1654679361819
850.1654679361819
850.1654679361819
850.1654679361819
850.1654679361819
850.1654679361819
850.1654679361819
850.1654679361819
850.1654679361819
850.1654679361819
850.1654679361819
850.1654679361819
850.1654679361819
850.1654679361819
850.1654679361819
850.1654679361819
850.1654679361819
850.1654679361819
850.1654679361819
850.1654679361819
850.1654679361819
850.1654679361819
850.1654679361819
850.1654679361819
850.1654679361819
850.1654679361819
850.1654679361819
850.1654679361819
850.1654679361819
850.1654679361819
850.1654679361819
850.1654679361819
850.1654679361819
850.1654679361819
850.1654679361819
850.1654679361819
850.1654679361819
850.1654679361819
850.1654679361819
850.1654679361819
850.1654679361819
850.1654679361819
850.1654679361819
850.1654679361819
850.1654679361819
850.1654679361819
850.1654679361819
850.1654679361819
850.1654679361819
850.1654679361819
850.1654679361819
850.1654679361819
850.1654679361819
850.1654679361819
850.1654679361819
850.1654679361819
850.1654679361819
850.1654679361819
850.1654679361819
850.1654679361819
850.1654679361819
850.1654679361819
850.1654679361819
850.1654679361819
850.1654679361819
850.1654679361819
850.1654679361819
850.1654679361819
850.1654679361819
850.1654679361819
850.1654679361819
850.1654679361819
850.1654679361819
850.1654679361819
850.1654679361819
850.1654679361819
850.1654679361819
850.1654679361819
850.1654679361819
850.1654679361819
850.1654679361819
850.1654679361819
850.1654679361819
850.1654679361819
850.1654679361819
850.1654679361819
850.1654679361819
850.1654679361819
850.1654679361819
850.1654679361819
850.1654679361819
850.1654679361819
850.1654679361819
850.1654679361819
850.1654679361819
850.1654679361819
850.1654679361819
850.1654679361819
850.1654679361819
850.1654679361819
850.1654679361819
850.1654679361819
850.1654679361819
850.1654679361819
850.1654679361819
850.1654679361819
850.1654679361819
850.1654679361819
850.1654679361819
850.1654679361819
850.1654679361819
850.1654679361819
850.1654679361819
850.1654679361819
850.1654679361819
850.1654679361819
850.1654679361819
850.1654679361819
850.1654679361819
850.1654679361819
850.1654679361819
850.1654679361819
850.1654679361819
850.1654679361819
850.1654679361819
850.1654679361819
850.1654679361819
850.1654679361819
850.1654679361819
850.1654679361819
850.1654679361819
850.1654679361819
850.1654679361819
850.1654679361819
850.1654679361819
850.1654679361819
850.1654679361819
850.1654679361819
850.1654679361819
850.1654679361819
850.1654679361819
850.1654679361819
850.1654679361819
850.1654679361819
850.1654679361819
850.1654679361819
850.1654679361819
850.1654679361819
850.1654679361819
850.1654679361819
850.1654679361819
850.1654679361819
850.1654679361819
850.1654679361819
850.1654679361819
850.1654679361819
850.1654679361819
850.1654679361819
850.1654679361819
850.1654679361819
850.1654679361819
850.1654679361819
850.1654679361819
850.1654679361819
850.1654679361819
850.1654679361819
850.1654679361819
850.1654679361819
850.1654679361819
850.1654679361819
850.1654679361819
850.1654679361819
850.1654679361819
850.1654679361819
850.1654679361819
850.1654679361819
850.1654679361819
850.1654679361819
850.1654679361819
850.1654679361819
850.1654679361819
850.1654679361819
850.1654679361819
850.1654679361819
850.1654679361819
850.1654679361819
850.1654679361819
850.1654679361819
850.1654679361819
850.1654679361819
850.1654679361819
850.1654679361819
850.1654679361819
850.1654679361819
850.1654679361819
850.1654679361819
850.1654679361819
850.1654679361819
850.1654679361819
850.1654679361819
850.1654679361819
850.1654679361819
850.1654679361819
850.1654679361819
850.1654679361819
850.1654679361819
850.1654679361819
850.1654679361819
850.1654679361819
850.1654679361819
850.1654679361819
850.1654679361819
850.1654679361819
850.1654679361819
850.1654679361819
850.1654679361819
850.1654679361819
850.1654679361819
850.1654679361819
850.1654679361819
850.1654679361819
850.1654679361819
850.1654679361819
850.1654679361819
850.1654679361819
850.1654679361819
850.1654679361819
850.1654679361819
850.1654679361819
850.1654679361819
850.1654679361819
850.1654679361819
850.1654679361819
850.1654679361819
850.1654679361819
850.1654679361819
850.1654679361819
850.1654679361819
850.1654679361819
850.1654679361819
850.1654679361819
850.1654679361819
850.1654679361819
850.1654679361819
850.1654679361819
850.1654679361819
850.1654679361819
850.1654679361819
850.1654679361819
850.1654679361819
850.1654679361819
850.1654679361819
850.1654679361819
850.1654679361819
850.1654679361819
850.1654679361819
850.1654679361819
850.1654679361819
850.1654679361819
850.1654679361819
850.1654679361819
850.1654679361819
850.1654679361819
850.1654679361819
850.1654679361819
850.1654679361819
850.1654679361819
850.1654679361819
850.1654679361819
850.1654679361819
850.1654679361819
850.1654679361819
850.1654679361819
850.1654679361819
850.1654679361819
850.1654679361819
850.1654679361819
850.1654679361819
850.1654679361819
850.1654679361819
850.1654679361819
850.1654679361819
850.1654679361819
850.1654679361819
850.1654679361819
850.1654679361819
850.1654679361819
850.1654679361819
850.1654679361819
850.1654679361819
850.1654679361819
850.1654679361819
850.1654679361819
850.1654679361819
850.1654679361819
850.1654679361819
850.1654679361819
850.1654679361819
850.1654679361819
850.1654679361819
850.1654679361819
850.1654679361819
850.1654679361819
850.1654679361819
850.1654679361819
850.1654679361819
850.1654679361819
850.1654679361819
850.1654679361819
850.1654679361819
850.1654679361819
850.1654679361819
850.1654679361819
850.1654679361819
850.1654679361819
850.1654679361819
850.1654679361819
850.1654679361819
850.1654679361819
850.1654679361819
850.1654679361819
850.1654679361819
850.1654679361819
850.1654679361819
850.1654679361819
850.1654679361819
850.1654679361819
850.1654679361819
850.1654679361819
850.1654679361819
850.1654679361819
850.1654679361819
850.1654679361819
850.1654679361819
850.1654679361819
850.1654679361819
850.1654679361819
850.1654679361819
850.1654679361819
850.1654679361819
850.1654679361819
850.1654679361819
850.1654679361819
850.1654679361819
850.1654679361819
850.1654679361819
850.1654679361819
850.1654679361819
850.1654679361819
850.1654679361819
850.1654679361819
850.1654679361819
850.1654679361819
850.1654679361819
850.1654679361819
850.1654679361819
850.1654679361819
850.1654679361819
850.1654679361819
850.1654679361819
850.1654679361819
850.1654679361819
850.1654679361819
850.1654679361819
850.1654679361819
850.1654679361819
850.1654679361819
850.1654679361819
850.1654679361819
850.1654679361819
850.1654679361819
850.1654679361819
850.1654679361819
850.1654679361819
850.1654679361819
850.1654679361819
850.1654679361819
850.1654679361819
850.1654679361819
850.1654679361819
850.1654679361819
850.1654679361819
850.1654679361819
850.1654679361819
850.1654679361819
850.1654679361819
850.1654679361819
850.1654679361819
850.1654679361819
850.1654679361819
850.1654679361819
850.1654679361819
850.1654679361819
850.1654679361819
850.1654679361819
850.1654679361819
850.1654679361819
850.1654679361819
850.1654679361819
850.1654679361819
850.1654679361819
850.1654679361819
850.1654679361819
850.1654679361819
850.1654679361819
850.1654679361819
850.1654679361819
850.1654679361819
850.1654679361819
850.1654679361819
850.1654679361819
850.1654679361819
850.1654679361819
850.1654679361819
850.1654679361819
850.1654679361819
850.1654679361819
850.1654679361819
850.1654679361819
850.1654679361819
850.1654679361819
850.1654679361819
850.1654679361819
850.1654679361819
850.1654679361819
850.1654679361819
850.1654679361819
850.1654679361819
850.1654679361819
850.1654679361819
850.1654679361819
850.1654679361819
850.1654679361819
850.1654679361819
850.1654679361819
850.1654679361819
850.1654679361819
850.1654679361819
850.1654679361819
850.1654679361819
850.1654679361819
850.1654679361819
850.1654679361819
850.1654679361819
850.1654679361819
850.1654679361819
850.1654679361819
850.1654679361819
850.1654679361819
850.1654679361819
850.1654679361819
850.1654679361819
850.1654679361819
850.1654679361819
850.1654679361819
850.1654679361819
850.1654679361819
850.1654679361819
850.1654679361819
850.1654679361819
850.1654679361819
850.1654679361819
850.1654679361819
850.1654679361819
850.1654679361819
850.1654679361819
850.1654679361819
850.1654679361819
850.1654679361819
850.1654679361819
850.1654679361819
850.1654679361819
850.1654679361819
850.1654679361819
850.1654679361819
850.1654679361819
850.1654679361819
850.1654679361819
850.1654679361819
850.1654679361819
850.1654679361819
850.1654679361819
850.1654679361819
850.1654679361819
850.1654679361819
850.1654679361819
850.1654679361819
850.1654679361819
850.1654679361819
850.1654679361819
850.1654679361819
850.1654679361819
850.1654679361819
850.1654679361819
850.1654679361819
850.1654679361819
850.1654679361819
850.1654679361819
850.1654679361819
850.1654679361819
850.1654679361819
850.1654679361819
850.1654679361819
850.1654679361819
850.1654679361819
850.1654679361819
850.1654679361819
850.1654679361819
850.1654679361819
850.1654679361819
850.1654679361819
850.1654679361819
850.1654679361819
850.1654679361819
850.1654679361819
850.1654679361819
850.1654679361819
850.1654679361819
850.1654679361819
850.1654679361819
850.1654679361819
850.1654679361819
850.1654679361819
850.1654679361819
850.1654679361819
850.1654679361819
850.1654679361819
850.1654679361819
850.1654679361819
850.1654679361819
850.1654679361819
850.1654679361819
850.1654679361819
850.1654679361819
850.1654679361819
850.1654679361819
850.1654679361819
850.1654679361819
850.1654679361819
850.1654679361819
850.1654679361819
850.1654679361819
850.1654679361819
850.1654679361819
850.1654679361819
850.1654679361819
850.1654679361819
850.1654679361819
850.1654679361819
850.1654679361819
850.1654679361819
850.1654679361819
850.1654679361819
