25 500
  0     40.0     50.0       0.0      960.0      0.0       0.0       0.0  
  1     25.0     85.0       0.0      911.0     10.0       9.0      20.0  
  2     22.0     75.0       0.0      919.0     10.0       4.0      30.0  
  3     22.0     85.0       0.0      910.0     10.0       4.0      10.0  
  4     20.0     80.0      644.0     764.0     10.0      18.0      40.0  
  5     20.0     85.0       0.0      909.0     10.0      11.0      20.0  
  6     18.0     75.0       0.0      916.0     10.0       6.0      20.0  
  7     15.0     75.0       0.0      914.0     10.0       7.0      20.0  
  8     15.0     80.0      367.0     487.0     10.0       8.0      10.0  
  9     10.0     35.0      371.0     491.0     10.0      10.0      20.0  
 10     10.0     40.0       0.0      918.0     10.0      26.0      30.0  
 11      8.0     40.0      195.0     315.0     10.0      33.0      40.0  
 12      8.0     45.0       0.0      917.0     10.0      15.0      20.0  
 13      5.0     35.0      653.0     773.0     10.0       9.0      10.0  
 14      5.0     45.0       0.0      914.0     10.0       2.0      10.0  
 15      2.0     40.0      174.0     294.0     10.0      14.0      20.0  
 16      0.0     40.0       0.0      908.0     10.0      16.0      20.0  
 17      0.0     45.0       0.0      909.0     10.0      14.0      20.0  
 18     44.0      5.0       0.0      904.0     10.0       6.0      20.0  
 19     42.0     10.0       0.0      909.0     10.0       5.0      40.0  
 20     42.0     15.0       0.0      914.0     10.0       7.0      10.0  
 21     40.0      5.0       0.0      905.0     10.0       2.0      10.0  
 22     40.0     15.0       0.0      915.0     10.0      19.0      40.0  
 23     38.0      5.0      201.0     321.0     10.0       5.0      30.0  
 24     38.0     15.0       0.0      914.0     10.0       8.0      10.0  
 25     35.0      5.0      784.0     904.0     10.0       7.0      20.0  
 26     95.0     30.0       0.0      891.0     10.0      15.0      30.0  
 27     95.0     35.0       0.0      892.0     10.0       9.0      20.0  
 28     92.0     30.0       0.0      894.0     10.0       8.0      10.0  
 29     90.0     35.0       0.0      897.0     10.0       6.0      10.0  
 30     88.0     30.0       0.0      898.0     10.0       3.0      10.0  
 31     88.0     35.0       0.0      899.0     10.0      19.0      20.0  
 32     87.0     30.0       0.0      898.0     10.0       6.0      10.0  
 33     85.0     25.0       0.0      898.0     10.0       9.0      10.0  
 34     85.0     35.0       0.0      902.0     10.0       3.0      30.0  
 35     67.0     85.0       0.0      905.0     10.0      19.0      20.0  
 36     65.0     85.0       0.0      906.0     10.0      12.0      40.0  
 37     65.0     82.0       0.0      909.0     10.0       8.0      10.0  
 38     62.0     80.0      278.0     398.0     10.0       9.0      30.0  
 39     60.0     80.0       0.0      913.0     10.0       8.0      10.0  
 40     60.0     85.0       0.0      909.0     10.0      30.0      30.0  
 41     58.0     75.0       0.0      919.0     10.0      19.0      20.0  
 42     55.0     80.0       0.0      916.0     10.0      10.0      10.0  
 43     55.0     85.0       0.0      911.0     10.0      13.0      20.0  
 44     55.0     82.0      217.0     337.0     10.0       9.0      10.0  
 45     20.0     82.0       0.0      912.0     10.0       9.0      10.0  
 46     18.0     80.0       0.0      912.0     10.0       1.0      10.0  
 47      2.0     45.0       0.0      911.0     10.0       3.0      10.0  
 48     42.0      5.0       0.0      904.0     10.0       7.0      10.0  
 49     42.0     12.0       0.0      911.0     10.0       7.0      10.0  
 50     72.0     35.0       0.0      914.0     10.0       4.0      30.0  
