25 500
  0     40.0     50.0       0.0      960.0      0.0       0.0       0.0  
  1     25.0     85.0       0.0      911.0     10.0       6.0      20.0  
  2     22.0     75.0       0.0      919.0     10.0      13.0      30.0  
  3     22.0     85.0       0.0      910.0     10.0       4.0      10.0  
  4     20.0     80.0      644.0     764.0     10.0      29.0      40.0  
  5     20.0     85.0       0.0      909.0     10.0       8.0      20.0  
  6     18.0     75.0      388.0     508.0     10.0      14.0      20.0  
  7     15.0     75.0       0.0      914.0     10.0      16.0      20.0  
  8     15.0     80.0      367.0     487.0     10.0       2.0      10.0  
  9     10.0     35.0      371.0     491.0     10.0      13.0      20.0  
 10     10.0     40.0      519.0     639.0     10.0       1.0      30.0  
 11      8.0     40.0      195.0     315.0     10.0      39.0      40.0  
 12      8.0     45.0       0.0      917.0     10.0      10.0      20.0  
 13      5.0     35.0      653.0     773.0     10.0       9.0      10.0  
 14      5.0     45.0       0.0      914.0     10.0       1.0      10.0  
 15      2.0     40.0      174.0     294.0     10.0       7.0      20.0  
 16      0.0     40.0       0.0      908.0     10.0       4.0      20.0  
 17      0.0     45.0      703.0     823.0     10.0       8.0      20.0  
 18     44.0      5.0       0.0      904.0     10.0       5.0      20.0  
 19     42.0     10.0       0.0      909.0     10.0      26.0      40.0  
 20     42.0     15.0       0.0      914.0     10.0       1.0      10.0  
 21     40.0      5.0       0.0      905.0     10.0       9.0      10.0  
 22     40.0     15.0      375.0     495.0     10.0      31.0      40.0  
 23     38.0      5.0      201.0     321.0     10.0      19.0      30.0  
 24     38.0     15.0       0.0      914.0     10.0       2.0      10.0  
 25     35.0      5.0      784.0     904.0     10.0       1.0      20.0  
