2120.7120216581816
2032.7966541709088
2002.3562327763634
1903.4231170318178
1854.8099586872725
1819.5157048272727
1718.7439603300002
1694.3659761236363
1664.5544891718184
1595.6438554781819
1502.642138097909
1460.8988989751817
1444.939012938818
1356.2310055930002
1324.303546224818
1294.7992374159091
1287.6481695753637
1259.0764839588182
1221.902262330818
1210.9255899189998
1202.0289706175454
1196.2075768393634
1176.2459694184545
1151.351265159
1126.6142096399092
1099.886591450818
1093.8777059115453
1079.7542974796363
1077.1872723823635
1077.1607316066363
1069.6535034523638
1056.9083667264547
1033.2447947625456
1028.5548977969092
1028.406649258909
1018.1409060064547
1010.7227143207273
1007.6973924598183
993.7678521217275
991.1828604917275
981.955417343182
960.4290887147273
957.7232542140911
942.8837491450001
938.8406726100001
936.3706824280908
935.3502218535455
934.761290197909
933.7611985897273
922.7821241294546
921.3399031585454
921.3399031585454
921.3399031585454
920.5657135052727
917.7232778970002
907.3937733562726
903.9141789309091
892.479492787091
892.479492787091
892.479492787091
892.479492787091
890.9348871238182
890.9348871238182
890.6254988448183
890.6254988448183
889.3094810220911
881.9058363039093
871.8413017027274
871.8413017027274
871.6621511336365
871.6621511336365
871.3121151431819
864.3100054937273
864.1577179421819
864.1577179421819
864.1577179421819
864.1577179421819
864.1577179421819
864.1577179421819
863.8133855381819
863.7210194643637
861.1572171834546
861.1572171834546
860.7735233343639
851.4147983168183
851.3782996198183
850.9717018252729
850.9717018252729
850.9717018252729
850.9717018252729
850.9717018252729
850.9717018252729
850.9717018252729
850.9717018252729
850.9717018252729
850.9717018252729
850.9717018252729
850.9717018252729
850.9717018252729
850.9717018252729
850.9717018252729
850.9717018252729
850.9717018252729
850.9717018252729
850.9717018252729
850.9717018252729
850.9717018252729
850.9717018252729
850.9717018252729
850.436258506182
850.436258506182
850.436258506182
850.436258506182
850.436258506182
850.436258506182
850.436258506182
850.436258506182
850.4242062789093
843.9204172750003
843.9204172750003
843.9204172750003
843.9204172750003
843.9204172750003
843.9204172750003
843.9204172750003
843.9204172750003
843.9204172750003
843.9204172750003
843.9204172750003
843.9204172750003
843.9204172750003
843.9204172750003
843.9204172750003
843.9204172750003
843.9204172750003
843.9204172750003
843.9204172750003
843.9204172750003
843.9204172750003
843.9204172750003
843.9204172750003
843.9204172750003
843.9204172750003
843.9204172750003
843.9204172750003
843.9204172750003
843.9204172750003
843.9204172750003
843.9204172750003
843.9204172750003
843.9204172750003
843.9204172750003
843.9204172750003
843.9204172750003
843.9204172750003
843.9204172750003
843.9204172750003
843.9204172750003
843.9204172750003
843.9204172750003
843.9204172750003
843.9204172750003
843.9204172750003
843.9204172750003
843.9204172750003
843.9204172750003
843.9204172750003
843.9204172750003
843.9204172750003
843.9204172750003
843.9204172750003
843.9204172750003
843.9204172750003
843.9204172750003
843.9204172750003
843.9204172750003
843.9204172750003
843.9204172750003
843.9204172750003
843.9204172750003
843.9204172750003
843.9204172750003
843.9204172750003
843.9204172750003
843.9204172750003
843.9204172750003
843.9204172750003
843.9204172750003
843.9204172750003
843.9204172750003
843.9204172750003
843.9204172750003
843.9204172750003
843.9204172750003
843.9204172750003
843.9204172750003
843.9204172750003
843.9204172750003
843.9204172750003
843.9204172750003
843.9204172750003
843.9204172750003
843.9204172750003
843.9204172750003
843.9204172750003
843.9204172750003
843.9204172750003
843.9204172750003
843.9204172750003
843.9204172750003
843.9204172750003
843.9204172750003
843.9204172750003
843.9204172750003
843.9204172750003
843.9204172750003
843.9204172750003
843.9204172750003
843.9204172750003
843.9204172750003
843.9204172750003
843.9204172750003
843.9204172750003
843.9204172750003
843.9204172750003
843.9204172750003
843.9204172750003
843.9204172750003
843.9204172750003
843.9204172750003
843.9204172750003
843.9204172750003
843.9204172750003
843.9204172750003
843.9204172750003
843.9204172750003
843.9204172750003
843.9204172750003
843.9204172750003
843.9204172750003
843.9204172750003
843.9204172750003
843.9204172750003
843.9204172750003
843.9204172750003
843.9204172750003
843.9204172750003
843.9204172750003
843.9204172750003
843.9204172750003
843.9204172750003
843.9204172750003
843.9204172750003
843.9204172750003
843.9204172750003
843.9204172750003
843.9204172750003
843.9204172750003
843.9204172750003
843.639284661182
843.639284661182
843.639284661182
843.639284661182
843.639284661182
843.639284661182
843.639284661182
843.639284661182
843.639284661182
843.639284661182
843.639284661182
843.639284661182
843.639284661182
843.639284661182
843.639284661182
843.639284661182
843.639284661182
843.639284661182
843.639284661182
843.639284661182
843.639284661182
843.639284661182
843.639284661182
843.639284661182
843.639284661182
843.639284661182
843.639284661182
843.639284661182
843.639284661182
843.639284661182
843.639284661182
843.639284661182
843.639284661182
843.639284661182
843.639284661182
843.639284661182
843.639284661182
843.639284661182
843.639284661182
843.639284661182
843.639284661182
843.639284661182
843.639284661182
843.639284661182
843.639284661182
843.639284661182
843.639284661182
843.639284661182
843.639284661182
843.639284661182
843.639284661182
843.639284661182
843.639284661182
843.639284661182
843.639284661182
843.639284661182
843.639284661182
843.639284661182
843.639284661182
843.639284661182
843.639284661182
843.639284661182
843.639284661182
843.639284661182
843.639284661182
843.639284661182
843.639284661182
843.639284661182
843.639284661182
843.639284661182
843.639284661182
843.639284661182
843.639284661182
843.639284661182
843.639284661182
843.639284661182
843.639284661182
843.639284661182
843.639284661182
843.639284661182
843.639284661182
843.639284661182
843.639284661182
843.639284661182
843.639284661182
843.639284661182
843.639284661182
843.639284661182
843.639284661182
843.639284661182
843.639284661182
843.639284661182
843.639284661182
843.639284661182
843.639284661182
843.639284661182
843.639284661182
843.639284661182
843.639284661182
843.639284661182
843.639284661182
843.639284661182
843.639284661182
843.639284661182
843.639284661182
843.639284661182
843.639284661182
843.639284661182
843.639284661182
843.639284661182
843.639284661182
843.639284661182
843.639284661182
843.639284661182
843.639284661182
843.639284661182
843.639284661182
843.639284661182
843.639284661182
843.639284661182
843.639284661182
843.639284661182
843.639284661182
843.639284661182
843.639284661182
843.639284661182
843.639284661182
843.639284661182
843.639284661182
843.639284661182
843.639284661182
843.639284661182
843.639284661182
843.639284661182
843.639284661182
843.639284661182
843.639284661182
843.639284661182
843.639284661182
843.639284661182
843.639284661182
843.639284661182
843.639284661182
843.639284661182
843.639284661182
843.639284661182
843.639284661182
843.639284661182
843.639284661182
843.639284661182
843.639284661182
843.639284661182
843.639284661182
843.639284661182
843.639284661182
843.639284661182
843.639284661182
843.639284661182
843.639284661182
843.639284661182
843.639284661182
843.639284661182
843.639284661182
843.639284661182
843.639284661182
843.639284661182
843.639284661182
843.639284661182
843.639284661182
843.639284661182
843.639284661182
843.639284661182
843.639284661182
843.639284661182
843.639284661182
843.639284661182
843.639284661182
843.639284661182
843.639284661182
843.639284661182
843.639284661182
843.639284661182
843.639284661182
843.639284661182
843.639284661182
843.639284661182
843.639284661182
843.639284661182
843.639284661182
843.639284661182
843.639284661182
843.639284661182
843.639284661182
843.639284661182
843.639284661182
843.639284661182
843.639284661182
843.639284661182
843.639284661182
843.639284661182
843.639284661182
843.639284661182
843.639284661182
843.639284661182
843.639284661182
843.639284661182
843.639284661182
843.639284661182
843.639284661182
843.639284661182
843.639284661182
843.639284661182
843.639284661182
843.639284661182
843.639284661182
843.639284661182
843.639284661182
843.639284661182
843.639284661182
843.639284661182
843.639284661182
843.639284661182
843.639284661182
843.639284661182
843.639284661182
843.639284661182
843.639284661182
843.639284661182
843.639284661182
843.639284661182
843.639284661182
843.639284661182
843.639284661182
843.639284661182
843.639284661182
843.639284661182
843.639284661182
843.639284661182
843.639284661182
843.639284661182
843.639284661182
843.639284661182
843.639284661182
843.639284661182
843.639284661182
843.639284661182
843.639284661182
843.639284661182
843.639284661182
843.639284661182
843.639284661182
843.639284661182
843.639284661182
843.639284661182
843.639284661182
843.639284661182
843.639284661182
843.639284661182
843.639284661182
843.639284661182
843.639284661182
843.639284661182
843.639284661182
843.639284661182
843.639284661182
843.639284661182
843.639284661182
843.639284661182
843.639284661182
843.639284661182
843.639284661182
843.639284661182
843.639284661182
843.639284661182
843.639284661182
843.639284661182
843.639284661182
843.639284661182
843.639284661182
843.639284661182
843.639284661182
843.639284661182
843.639284661182
843.639284661182
843.639284661182
843.639284661182
843.639284661182
843.639284661182
843.639284661182
843.639284661182
843.639284661182
843.639284661182
843.639284661182
843.639284661182
843.639284661182
843.639284661182
843.639284661182
843.639284661182
843.639284661182
843.639284661182
843.639284661182
843.639284661182
843.639284661182
843.639284661182
843.639284661182
843.639284661182
843.639284661182
843.639284661182
843.639284661182
843.639284661182
843.639284661182
843.639284661182
843.639284661182
843.639284661182
843.639284661182
843.639284661182
843.639284661182
843.639284661182
843.639284661182
843.639284661182
843.639284661182
843.639284661182
843.639284661182
843.639284661182
843.639284661182
843.639284661182
843.639284661182
843.639284661182
843.639284661182
843.639284661182
843.639284661182
843.639284661182
843.639284661182
843.639284661182
843.639284661182
843.639284661182
843.639284661182
843.639284661182
843.639284661182
843.639284661182
843.639284661182
843.639284661182
843.639284661182
843.639284661182
843.639284661182
843.639284661182
843.639284661182
843.639284661182
843.639284661182
843.639284661182
843.639284661182
843.639284661182
843.639284661182
843.639284661182
843.639284661182
843.639284661182
843.639284661182
843.639284661182
843.639284661182
843.639284661182
843.639284661182
843.639284661182
843.639284661182
843.639284661182
843.639284661182
843.639284661182
843.639284661182
843.639284661182
843.639284661182
843.639284661182
843.639284661182
843.639284661182
843.639284661182
843.639284661182
843.639284661182
843.639284661182
843.639284661182
843.639284661182
843.639284661182
843.639284661182
843.639284661182
843.639284661182
843.639284661182
843.639284661182
843.639284661182
843.639284661182
843.639284661182
843.639284661182
843.639284661182
843.639284661182
843.639284661182
843.639284661182
843.639284661182
843.639284661182
843.639284661182
843.639284661182
843.639284661182
843.639284661182
843.639284661182
843.639284661182
843.639284661182
843.639284661182
843.639284661182
843.639284661182
843.639284661182
843.639284661182
843.639284661182
843.639284661182
843.639284661182
843.639284661182
843.639284661182
843.639284661182
843.639284661182
843.639284661182
843.639284661182
843.639284661182
843.639284661182
843.639284661182
843.639284661182
843.639284661182
843.639284661182
843.639284661182
843.639284661182
843.639284661182
843.639284661182
843.639284661182
843.639284661182
843.639284661182
843.639284661182
843.639284661182
843.639284661182
843.639284661182
843.639284661182
843.639284661182
843.639284661182
843.639284661182
843.639284661182
843.639284661182
843.639284661182
843.639284661182
843.639284661182
843.639284661182
843.639284661182
843.639284661182
843.639284661182
843.639284661182
843.639284661182
843.639284661182
843.639284661182
843.639284661182
843.639284661182
843.639284661182
843.639284661182
843.639284661182
843.639284661182
843.639284661182
843.639284661182
843.639284661182
843.639284661182
843.639284661182
843.639284661182
843.639284661182
843.639284661182
843.639284661182
843.639284661182
843.639284661182
843.639284661182
843.639284661182
843.639284661182
843.639284661182
843.639284661182
843.639284661182
843.639284661182
843.639284661182
843.639284661182
843.639284661182
843.639284661182
843.639284661182
843.639284661182
843.639284661182
843.639284661182
843.639284661182
843.639284661182
843.639284661182
843.639284661182
843.639284661182
843.639284661182
843.639284661182
843.639284661182
843.639284661182
843.639284661182
843.639284661182
843.639284661182
843.639284661182
843.639284661182
843.639284661182
843.639284661182
843.639284661182
843.639284661182
843.639284661182
843.639284661182
843.639284661182
843.639284661182
843.639284661182
843.639284661182
843.639284661182
843.639284661182
843.639284661182
843.639284661182
843.639284661182
843.639284661182
843.639284661182
843.639284661182
843.639284661182
843.639284661182
843.639284661182
843.639284661182
843.639284661182
843.639284661182
843.639284661182
843.639284661182
843.639284661182
843.639284661182
843.639284661182
843.639284661182
843.639284661182
843.639284661182
843.639284661182
843.639284661182
843.639284661182
843.639284661182
843.639284661182
843.639284661182
843.639284661182
843.639284661182
843.639284661182
843.639284661182
843.639284661182
843.639284661182
843.639284661182
843.639284661182
843.639284661182
843.639284661182
843.639284661182
843.639284661182
843.639284661182
843.639284661182
843.639284661182
843.639284661182
843.639284661182
843.639284661182
843.639284661182
843.639284661182
843.639284661182
843.639284661182
843.639284661182
843.639284661182
843.639284661182
843.639284661182
843.639284661182
843.639284661182
843.639284661182
843.639284661182
843.639284661182
843.639284661182
843.639284661182
843.639284661182
843.639284661182
843.639284661182
843.639284661182
843.639284661182
843.639284661182
843.639284661182
843.639284661182
843.639284661182
843.639284661182
843.639284661182
843.639284661182
843.639284661182
843.639284661182
843.639284661182
843.639284661182
843.639284661182
843.639284661182
843.639284661182
843.639284661182
843.639284661182
843.639284661182
843.639284661182
843.639284661182
843.639284661182
843.639284661182
843.639284661182
843.639284661182
843.639284661182
843.639284661182
843.639284661182
843.639284661182
843.639284661182
843.639284661182
843.639284661182
843.639284661182
843.639284661182
843.639284661182
843.639284661182
843.639284661182
843.639284661182
843.639284661182
843.639284661182
843.639284661182
843.639284661182
843.639284661182
843.639284661182
843.639284661182
843.639284661182
843.639284661182
843.639284661182
843.639284661182
843.639284661182
843.639284661182
843.639284661182
843.639284661182
843.639284661182
843.639284661182
843.639284661182
843.639284661182
843.639284661182
843.639284661182
843.639284661182
843.639284661182
843.639284661182
843.639284661182
843.639284661182
843.639284661182
843.639284661182
843.639284661182
843.639284661182
843.639284661182
843.639284661182
843.639284661182
843.639284661182
843.639284661182
843.639284661182
843.639284661182
843.639284661182
843.639284661182
843.639284661182
843.639284661182
843.639284661182
843.639284661182
843.639284661182
843.639284661182
843.639284661182
843.639284661182
843.639284661182
843.639284661182
843.639284661182
843.639284661182
843.639284661182
843.639284661182
843.639284661182
843.639284661182
843.639284661182
843.639284661182
843.639284661182
843.639284661182
843.639284661182
843.639284661182
843.639284661182
843.639284661182
843.639284661182
843.639284661182
843.639284661182
843.639284661182
843.639284661182
843.639284661182
843.639284661182
843.639284661182
843.639284661182
843.639284661182
843.639284661182
843.639284661182
843.639284661182
843.639284661182
843.639284661182
843.639284661182
843.639284661182
843.639284661182
843.639284661182
843.639284661182
843.639284661182
843.639284661182
843.639284661182
843.639284661182
843.639284661182
843.639284661182
843.639284661182
843.639284661182
843.639284661182
843.639284661182
843.639284661182
843.639284661182
843.639284661182
843.639284661182
843.639284661182
843.639284661182
843.639284661182
843.639284661182
843.639284661182
843.639284661182
843.639284661182
843.639284661182
843.639284661182
843.639284661182
843.639284661182
843.639284661182
843.639284661182
843.639284661182
843.639284661182
843.639284661182
843.639284661182
843.639284661182
843.639284661182
843.639284661182
843.639284661182
843.639284661182
843.639284661182
843.639284661182
843.639284661182
843.639284661182
843.639284661182
843.639284661182
843.639284661182
843.639284661182
843.639284661182
843.639284661182
843.639284661182
843.639284661182
843.639284661182
843.639284661182
843.639284661182
