1470.3159491
1445.35711291
1445.35711291
1445.35711291
1417.72523736
1417.72523736
1417.72523736
1417.72523736
1417.72523736
1348.24029525
1348.24029525
1348.24029525
1348.24029525
1348.24029525
1348.24029525
1348.24029525
1347.3796129
1315.23011791
1315.23011791
1315.23011791
1315.23011791
1315.23011791
1315.23011791
1315.23011791
1315.23011791
1315.23011791
1315.23011791
1314.93280983
1314.93280983
1314.93280983
1314.93280983
1314.93280983
1314.93280983
1314.93280983
1314.93280983
1314.93280983
1314.93280983
1314.93280983
1305.81663522
1305.81663522
1305.81663522
1305.81663522
1305.81663522
1305.81663522
1305.81663522
1305.81663522
1305.81663522
1299.22321186
1299.22321186
1299.22321186
1299.22321186
1299.22321186
1299.22321186
1299.22321186
1299.22321186
1299.22321186
1299.22321186
1299.22321186
1299.22321186
1299.22321186
1299.22321186
1299.22321186
1299.22321186
1299.22321186
1299.22321186
1299.22321186
1299.22321186
1299.22321186
1299.22321186
1299.22321186
1299.22321186
1299.22321186
1299.22321186
1299.22321186
1299.22321186
1299.22321186
1299.22321186
1299.22321186
1299.22321186
1299.22321186
1299.22321186
1299.22321186
1299.22321186
1295.86591653
1294.80524238
1294.80524238
1294.80524238
1294.80524238
1294.80524238
1294.80524238
1294.80524238
1294.80524238
1294.80524238
1294.80524238
1290.1543136
1290.1543136
1290.1543136
1290.1543136
1290.1543136
1290.1543136
1290.1543136
1290.1543136
1290.1543136
1290.1543136
1290.1543136
1290.1543136
1290.1543136
1289.82671004
1289.82671004
1279.17974987
1279.17974987
1279.17974987
1279.17974987
1279.17974987
1279.17974987
1279.17974987
1279.17974987
1279.17974987
1279.17974987
1279.17974987
1279.17974987
1279.17974987
1279.17974987
1279.17974987
1279.17974987
1279.17974987
1279.17974987
1279.17974987
1279.17974987
1279.17974987
1279.17974987
1279.17974987
1279.17974987
1279.17974987
1279.17974987
1279.17974987
1279.17974987
1279.17974987
1279.17974987
1279.17974987
1279.17974987
1279.17974987
1279.17974987
1279.17974987
1279.17974987
1279.17974987
1279.17974987
1279.17974987
1279.17974987
1279.17974987
1279.17974987
1279.17974987
1279.17974987
1279.17974987
1279.17974987
1279.17974987
1279.17974987
1279.17974987
1279.17974987
1279.17974987
1279.17974987
1279.17974987
1279.17974987
1279.17974987
1279.17974987
1279.17974987
1279.17974987
1279.17974987
1279.17974987
1279.17974987
1279.17974987
1279.17974987
1279.17974987
1279.17974987
1279.17974987
1279.17974987
1279.17974987
1279.17974987
1279.17974987
1279.17974987
1272.29280532
1271.96520176
1270.71746259
1270.71746259
1270.71746259
1270.71746259
1270.71746259
1270.71746259
1270.71746259
1270.71746259
1270.71746259
1270.71746259
1270.71746259
1270.71746259
1270.71746259
1270.71746259
1270.71746259
1270.71746259
1270.71746259
1270.71746259
1270.71746259
1270.71746259
1270.71746259
1270.71746259
1270.71746259
1270.71746259
1270.71746259
1270.71746259
1270.71746259
1270.71746259
1270.71746259
1270.71746259
1270.71746259
1270.71746259
1270.71746259
1270.71746259
1270.71746259
1270.71746259
1270.38985903
1270.38985903
1270.38985903
1270.38985903
1263.6223622
1263.6223622
1263.6223622
1263.6223622
1263.6223622
1263.6223622
1263.6223622
1263.6223622
1263.6223622
1263.6223622
1263.6223622
1263.6223622
1263.6223622
1263.6223622
1263.6223622
1263.6223622
1263.6223622
1263.6223622
1263.6223622
1263.6223622
1263.6223622
1263.6223622
1263.6223622
1263.6223622
1263.6223622
1263.6223622
1263.6223622
1263.6223622
1263.6223622
1263.6223622
1263.6223622
1263.6223622
1263.6223622
1263.6223622
1263.6223622
1263.6223622
1263.6223622
1263.6223622
1263.6223622
1263.6223622
1263.6223622
1263.6223622
1263.6223622
1263.6223622
1263.6223622
1263.6223622
1263.6223622
1263.6223622
1263.6223622
1263.6223622
1263.6223622
1263.6223622
1263.6223622
1263.5166886
1263.18908504
1263.18908504
1263.18908504
1263.18908504
1263.18908504
1263.18908504
1263.18908504
1263.18908504
1263.18908504
1263.18908504
1263.18908504
1263.18908504
1263.18908504
1263.18908504
1263.18908504
1263.18908504
1263.18908504
1263.18908504
1263.18908504
1263.18908504
1263.18908504
1263.18908504
1263.18908504
1263.18908504
1263.18908504
1263.18908504
1263.18908504
1263.18908504
1263.18908504
1263.18908504
1263.18908504
1263.18908504
1263.18908504
1263.18908504
1263.18908504
1263.18908504
1263.18908504
1263.18908504
1263.18908504
1263.18908504
1263.18908504
1263.18908504
1263.18908504
1263.18908504
1263.18908504
1263.18908504
1263.18908504
1263.18908504
1263.18908504
1263.18908504
1263.18908504
1263.18908504
1263.18908504
1263.18908504
1263.18908504
1263.18908504
1263.18908504
1263.18908504
1263.18908504
1263.18908504
1263.18908504
1263.18908504
1263.18908504
1263.18908504
1263.18908504
1263.18908504
1263.18908504
1263.18908504
1263.18908504
1263.18908504
1263.18908504
1263.18908504
1263.18908504
1263.18908504
1263.18908504
1263.18908504
1263.18908504
1263.18908504
1263.18908504
1263.18908504
1263.18908504
1263.18908504
1263.18908504
1263.18908504
1263.18908504
1263.18908504
1263.18908504
1263.18908504
1263.18908504
1263.18908504
1263.18908504
1263.18908504
1263.18908504
1263.18908504
1263.18908504
1263.18908504
1263.18908504
1263.18908504
1263.18908504
1263.18908504
1263.18908504
1263.18908504
1263.18908504
1263.18908504
1263.18908504
1263.18908504
1263.18908504
1262.33691084
1262.33691084
1262.33691084
1262.33691084
1262.33691084
1262.33691084
1262.33691084
1262.33691084
1262.33691084
1262.33691084
1262.33691084
1262.33691084
1262.33691084
1262.33691084
1262.33691084
1262.33691084
1262.33691084
1262.33691084
1262.33691084
1262.33691084
1262.33691084
1262.33691084
1262.33691084
1262.33691084
1262.33691084
1262.33691084
1262.33691084
1262.33691084
1262.33691084
1262.33691084
1262.33691084
1262.33691084
1262.33691084
1262.33691084
1262.33691084
1262.33691084
1262.33691084
1262.33691084
1262.33691084
1262.33691084
1262.33691084
1262.33691084
1262.33691084
1262.33691084
1262.33691084
1262.33691084
1262.33691084
1262.33691084
1262.33691084
1262.33691084
1262.33691084
1262.33691084
1262.33691084
1262.33691084
1262.33691084
1262.33691084
1262.33691084
1262.33691084
1262.33691084
1262.33691084
1262.33691084
1262.33691084
1262.33691084
1262.33691084
1262.33691084
1262.33691084
1262.33691084
1262.33691084
1262.33691084
1262.33691084
1262.33691084
1262.33691084
1262.33691084
1262.33691084
1262.33691084
1262.33691084
1262.33691084
1262.33691084
1262.33691084
1262.33691084
1262.33691084
1262.33691084
1262.33691084
1262.33691084
1262.33691084
1262.33691084
1262.33691084
1262.33691084
1262.33691084
1262.33691084
1262.33691084
1262.33691084
1262.33691084
1262.33691084
1262.33691084
1262.33691084
1262.33691084
1262.33691084
1262.33691084
1262.33691084
1262.33691084
1262.33691084
1262.33691084
1262.33691084
1262.33691084
1262.33691084
1262.33691084
1262.33691084
1262.33691084
1262.33691084
1262.33691084
1262.33691084
1262.33691084
1262.33691084
1262.33691084
1262.33691084
1262.33691084
1262.33691084
1262.33691084
1262.33691084
1262.33691084
1262.33691084
1262.33691084
1262.33691084
1262.33691084
1262.33691084
1262.33691084
1262.33691084
1262.33691084
1262.33691084
1262.33691084
1262.33691084
1262.33691084
1262.33691084
1262.33691084
1262.33691084
1262.33691084
1262.33691084
1262.33691084
1262.33691084
1262.33691084
1262.33691084
1262.33691084
1262.33691084
1262.33691084
1262.33691084
1262.33691084
1262.33691084
1262.33691084
1262.33691084
1262.33691084
1262.33691084
1262.33691084
1262.33691084
1262.33691084
1262.33691084
1262.33691084
1262.33691084
1262.33691084
1262.33691084
1262.33691084
1262.33691084
1262.33691084
1262.33691084
1262.33691084
1262.33691084
1262.33691084
1262.33691084
1262.33691084
1262.33691084
1262.33691084
1262.33691084
1262.33691084
1262.33691084
1262.33691084
1262.33691084
1262.33691084
1262.33691084
1262.33691084
1262.33691084
1262.33691084
1262.33691084
1262.33691084
1262.33691084
1262.33691084
1262.33691084
1262.33691084
1262.33691084
1262.33691084
1262.33691084
1262.33691084
1262.33691084
1262.33691084
1262.33691084
1262.33691084
1262.33691084
1262.33691084
1262.33691084
1262.33691084
1262.33691084
1262.33691084
1262.33691084
1262.33691084
1262.33691084
1262.33691084
1262.33691084
1262.33691084
1262.33691084
1262.33691084
1262.33691084
1262.33691084
1262.33691084
1262.33691084
1262.33691084
1262.33691084
1262.33691084
1262.33691084
1262.33691084
1262.33691084
1262.33691084
1262.33691084
1262.33691084
1262.33691084
1262.33691084
1262.33691084
1262.33691084
1262.33691084
1262.33691084
1262.33691084
1262.33691084
1262.33691084
1262.33691084
1262.33691084
1262.33691084
1262.33691084
1262.33691084
1262.33691084
1262.33691084
1262.33691084
1262.33691084
1262.33691084
1262.33691084
1262.33691084
1262.33691084
1262.33691084
1262.33691084
1262.33691084
1262.33691084
1262.33691084
1262.33691084
1262.33691084
1262.33691084
1262.33691084
1262.33691084
1262.33691084
1262.33691084
1262.33691084
1262.33691084
1262.33691084
1262.33691084
1262.33691084
1262.33691084
1262.33691084
1262.33691084
1262.33691084
1262.33691084
1262.33691084
1262.33691084
1262.33691084
1262.33691084
1262.33691084
1262.33691084
1262.33691084
1262.33691084
1262.33691084
1262.33691084
1262.33691084
1262.33691084
1262.33691084
1262.33691084
1262.33691084
1262.33691084
1262.33691084
1262.33691084
1262.33691084
1262.33691084
1262.33691084
1262.33691084
1262.33691084
1262.33691084
1262.33691084
1262.33691084
1262.33691084
1262.33691084
1262.33691084
1262.33691084
1262.33691084
1262.33691084
1262.33691084
1262.33691084
1262.33691084
1262.33691084
1262.33691084
1262.33691084
1262.33691084
1262.33691084
1262.33691084
1262.33691084
1262.33691084
1262.33691084
1262.33691084
1262.33691084
1262.33691084
1262.33691084
1262.33691084
1262.33691084
1262.33691084
1262.33691084
1262.33691084
1262.33691084
1262.33691084
1262.33691084
1262.33691084
1262.33691084
1262.33691084
1262.33691084
1262.33691084
1262.33691084
1262.33691084
1262.33691084
1262.33691084
1262.33691084
1262.33691084
1262.33691084
1262.33691084
1262.33691084
1262.33691084
1262.33691084
1262.33691084
1262.33691084
1262.33691084
1262.33691084
1262.33691084
1262.33691084
1262.33691084
1262.33691084
1262.33691084
1262.33691084
1262.33691084
1262.33691084
1262.33691084
1262.33691084
1262.33691084
1262.33691084
1262.33691084
1262.33691084
1262.33691084
1262.33691084
1262.33691084
1262.33691084
1262.33691084
1262.33691084
1262.33691084
1262.33691084
1262.33691084
1262.33691084
1262.33691084
1262.33691084
1262.33691084
1262.33691084
1262.33691084
1262.33691084
1262.33691084
1262.33691084
1262.33691084
1262.33691084
1262.33691084
1262.33691084
1262.33691084
1262.33691084
1262.33691084
1262.33691084
1262.33691084
1262.33691084
1262.33691084
1262.33691084
1262.33691084
1262.33691084
1262.33691084
1262.33691084
1262.33691084
1262.33691084
1262.33691084
1262.33691084
1262.33691084
1262.33691084
1262.33691084
1262.33691084
1262.33691084
1262.33691084
1262.33691084
1262.33691084
1262.33691084
1262.33691084
1262.33691084
1262.33691084
1262.33691084
1262.33691084
1262.33691084
1262.33691084
1262.33691084
1262.33691084
1262.33691084
1262.33691084
1262.33691084
1262.33691084
1262.33691084
1262.33691084
1262.33691084
1262.33691084
1262.33691084
1262.33691084
1262.33691084
1262.33691084
1262.33691084
1262.33691084
1262.33691084
1262.33691084
1262.33691084
1262.33691084
1262.33691084
1262.33691084
1262.33691084
1262.33691084
1262.33691084
1262.33691084
1262.33691084
1262.33691084
1262.33691084
1262.33691084
1262.33691084
1262.33691084
1262.33691084
1262.33691084
1262.33691084
1262.33691084
1262.33691084
1262.33691084
1262.33691084
1262.33691084
1262.33691084
1262.33691084
1262.33691084
1262.33691084
1262.33691084
1262.33691084
1262.33691084
1262.33691084
1262.33691084
1262.33691084
1262.33691084
1262.33691084
1262.33691084
1262.33691084
1262.33691084
1262.33691084
1262.33691084
1262.33691084
1262.33691084
1262.33691084
1262.33691084
1262.33691084
1262.33691084
1262.33691084
1262.33691084
1262.33691084
1262.33691084
1262.33691084
1262.33691084
1262.33691084
1262.33691084
1262.33691084
1262.33691084
1262.33691084
1262.33691084
1262.33691084
1262.33691084
1262.33691084
1262.33691084
1262.33691084
1262.33691084
1262.33691084
1262.33691084
1262.33691084
1262.33691084
1262.33691084
1262.33691084
1262.33691084
1262.33691084
1262.33691084
1262.33691084
1262.33691084
1262.33691084
1262.33691084
1262.33691084
1262.33691084
1262.33691084
1262.33691084
1262.33691084
1262.33691084
1262.33691084
1262.33691084
1262.33691084
1262.33691084
1262.33691084
1262.33691084
1262.33691084
1262.33691084
1262.33691084
1262.33691084
1262.33691084
1262.33691084
1262.33691084
1262.33691084
1262.33691084
1262.33691084
1262.33691084
1262.33691084
1262.33691084
1262.33691084
1262.33691084
1262.33691084
1262.33691084
1262.33691084
1262.33691084
1262.33691084
1262.33691084
1262.33691084
1262.33691084
1262.33691084
1262.33691084
1262.33691084
1262.33691084
1262.33691084
1262.33691084
1262.33691084
1262.33691084
1262.33691084
1262.33691084
1262.33691084
1262.33691084
1262.33691084
1262.33691084
1262.33691084
1262.33691084
1262.33691084
1262.33691084
1262.33691084
1262.33691084
1262.33691084
1262.33691084
1262.33691084
1262.33691084
1262.33691084
1262.33691084
1262.33691084
1262.33691084
1262.33691084
1262.33691084
1262.33691084
1262.33691084
1262.33691084
1262.33691084
1262.33691084
1262.33691084
1262.33691084
1262.33691084
1262.33691084
1262.33691084
1262.33691084
1262.33691084
1262.33691084
1262.33691084
1262.33691084
1262.33691084
1262.33691084
1262.33691084
1262.33691084
1262.33691084
1262.33691084
1262.33691084
1262.33691084
1262.33691084
1262.33691084
1262.33691084
1262.33691084
1262.33691084
1262.33691084
1262.33691084
1262.33691084
1262.33691084
1262.33691084
1262.33691084
1262.33691084
1262.33691084
1262.33691084
1262.33691084
1262.33691084
1262.33691084
1262.33691084
1262.33691084
1262.33691084
1262.33691084
1262.33691084
1262.33691084
1262.33691084
1262.33691084
