1575.78087884
1575.78087884
1540.21016987
1386.28655816
1386.28655816
1386.28655816
1386.28655816
1386.28655816
1386.28655816
1386.28655816
1381.94003519
1370.28078197
1370.28078197
1363.64393157
1363.64393157
1363.64393157
1363.64393157
1363.64393157
1363.64393157
1363.64393157
1344.15547905
1344.15547905
1344.15547905
1344.15547905
1344.15547905
1344.15547905
1338.58701953
1331.68552049
1331.68552049
1327.02767001
1327.02767001
1327.02767001
1327.02767001
1327.02767001
1327.02767001
1325.2021987
1325.2021987
1325.2021987
1325.2021987
1325.2021987
1325.2021987
1325.2021987
1325.2021987
1325.2021987
1325.2021987
1321.38222929
1321.38222929
1321.38222929
1311.67869
1311.67869
1311.67869
1311.67869
1311.67869
1311.67869
1311.67869
1307.97474224
1307.92880861
1307.92880861
1304.50921598
1304.50921598
1304.50921598
1304.50921598
1295.81079234
1295.81079234
1295.81079234
1270.90784261
1270.90784261
1270.90784261
1270.90784261
1270.90784261
1270.90784261
1270.90784261
1270.90784261
1270.90784261
1254.67349593
1254.67349593
1254.67349593
1254.67349593
1254.67349593
1254.67349593
1254.67349593
1254.67349593
1254.67349593
1254.67349593
1254.67349593
1254.67349593
1254.67349593
1254.67349593
1254.67349593
1254.67349593
1249.13045216
1249.13045216
1249.13045216
1249.13045216
1242.80276532
1242.80276532
1242.80276532
1242.80276532
1242.80276532
1242.80276532
1242.80276532
1242.80276532
1242.80276532
1242.80276532
1242.80276532
1242.80276532
1242.80276532
1242.80276532
1242.80276532
1242.80276532
1242.80276532
1242.80276532
1242.67791682
1242.67791682
1242.67791682
1242.67791682
1242.67791682
1242.67791682
1242.67791682
1242.67791682
1238.37943817
1238.37943817
1238.37943817
1238.37943817
1238.37943817
1238.37943817
1238.37943817
1236.39470079
1236.39470079
1236.39470079
1236.39470079
1236.39470079
1236.39470079
1236.39470079
1236.39470079
1236.39470079
1236.39470079
1236.26985228
1236.1204727
1236.1204727
1236.1204727
1235.34179606
1234.22294973
1234.22294973
1234.22294973
1234.22294973
1234.22294973
1234.22294973
1234.22294973
1234.22294973
1234.22294973
1234.22294973
1234.22294973
1234.22294973
1234.22294973
1234.22294973
1234.22294973
1234.22294973
1234.22294973
1234.22294973
1234.22294973
1234.22294973
1234.22294973
1234.22294973
1234.22294973
1234.22294973
1234.22294973
1234.22294973
1234.22294973
1234.22294973
1234.22294973
1234.22294973
1234.22294973
1234.22294973
1234.22294973
1234.22294973
1234.22294973
1234.22294973
1234.22294973
1234.22294973
1224.48574958
1224.48574958
1224.48574958
1224.48574958
1224.48574958
1224.48574958
1224.48574958
1224.48574958
1224.48574958
1224.48574958
1224.48574958
1224.48574958
1224.48574958
1224.48574958
1224.48574958
1224.48574958
1224.48574958
1224.48574958
1224.48574958
1224.48574958
1224.48574958
1223.53835808
1223.53835808
1223.53835808
1223.53835808
1223.53835808
1223.53835808
1223.53835808
1223.53835808
1217.69416189
1217.69416189
1217.69416189
1217.69416189
1217.69416189
1217.69416189
1217.69416189
1217.69416189
1217.69416189
1216.62192188
1216.62192188
1216.12304451
1216.12304451
1216.12304451
1216.12304451
1216.12304451
1216.12304451
1216.12304451
1216.12304451
1216.12304451
1216.12304451
1216.12304451
1216.12304451
1216.12304451
1213.06927394
1213.06927394
1213.06927394
1213.06927394
1213.06927394
1213.06927394
1213.06927394
1213.06927394
1213.06927394
1211.99703392
1211.99703392
1211.99703392
1211.99703392
1211.99703392
1211.99703392
1211.99703392
1211.99703392
1211.99703392
1211.99703392
1211.99703392
1211.99703392
1211.99703392
1211.99703392
1211.99703392
1211.99703392
1211.99703392
1211.99703392
1211.99703392
1211.99703392
1211.99703392
1211.99703392
1211.99703392
1211.99703392
1211.99703392
1211.99703392
1211.99703392
1211.99703392
1211.99703392
1211.99703392
1211.99703392
1211.99703392
1211.99703392
1211.99703392
1211.99703392
1211.99703392
1211.99703392
1211.99703392
1211.99703392
1211.99703392
1211.99703392
1211.99703392
1211.99703392
1211.99703392
1211.99703392
1211.99703392
1211.99703392
1211.99703392
1211.99703392
1211.99703392
1211.99703392
1211.99703392
1211.99703392
1211.99703392
1211.99703392
1211.99703392
1211.99703392
1211.99703392
1211.99703392
1211.99703392
1211.99703392
1211.99703392
1211.99703392
1211.99703392
1211.99703392
1211.99703392
1211.99703392
1208.13276048
1208.13276048
1208.13276048
1208.13276048
1208.13276048
1208.13276048
1208.13276048
1208.13276048
1208.13276048
1208.13276048
1208.13276048
1208.13276048
1208.13276048
1208.13276048
1208.13276048
1208.13276048
1208.13276048
1208.13276048
1208.13276048
1208.13276048
1208.13276048
1208.13276048
1208.13276048
1208.13276048
1208.13276048
1208.13276048
1208.13276048
1208.13276048
1208.13276048
1208.13276048
1208.13276048
1208.13276048
1208.13276048
1208.13276048
1208.13276048
1208.13276048
1208.13276048
1208.13276048
1208.13276048
1208.13276048
1208.13276048
1208.13276048
1208.13276048
1208.13276048
1208.13276048
1208.13276048
1208.13276048
1208.13276048
1208.13276048
1208.13276048
1208.13276048
1208.13276048
1208.13276048
1208.13276048
1208.13276048
1208.13276048
1208.13276048
1208.13276048
1208.13276048
1208.13276048
1208.13276048
1208.13276048
1208.13276048
1208.13276048
1208.13276048
1208.13276048
1208.13276048
1208.13276048
1208.13276048
1208.13276048
1208.13276048
1208.13276048
1208.13276048
1208.13276048
1208.13276048
1208.13276048
1208.13276048
1208.13276048
1208.13276048
1208.13276048
1208.13276048
1208.13276048
1208.13276048
1208.13276048
1208.13276048
1208.13276048
1208.13276048
1208.13276048
1208.13276048
1208.13276048
1208.13276048
1208.13276048
1208.13276048
1208.13276048
1208.13276048
1208.13276048
1208.13276048
1208.13276048
1208.13276048
1208.13276048
1208.13276048
1208.13276048
1208.13276048
1208.13276048
1208.13276048
1208.13276048
1208.13276048
1208.13276048
1208.13276048
1208.13276048
1208.13276048
1208.13276048
1208.13276048
1208.13276048
1208.13276048
1208.13276048
1208.13276048
1208.13276048
1208.13276048
1208.13276048
1208.13276048
1208.13276048
1208.13276048
1208.13276048
1208.13276048
1208.13276048
1208.13276048
1208.13276048
1208.13276048
1208.13276048
1208.13276048
1208.13276048
1208.13276048
1208.13276048
1208.13276048
1208.13276048
1208.13276048
1208.13276048
1208.13276048
1208.13276048
1208.13276048
1208.13276048
1208.13276048
1208.13276048
1208.13276048
1208.13276048
1208.13276048
1208.13276048
1208.13276048
1208.13276048
1208.13276048
1208.13276048
1208.13276048
1208.13276048
1208.13276048
1208.13276048
1208.13276048
1208.13276048
1208.13276048
1208.13276048
1208.13276048
1208.13276048
1208.13276048
1208.13276048
1208.13276048
1208.13276048
1208.13276048
1208.13276048
1208.13276048
1208.13276048
1208.13276048
1208.13276048
1208.13276048
1208.13276048
1208.13276048
1208.13276048
1208.13276048
1208.13276048
1208.13276048
1208.13276048
1208.13276048
1208.13276048
1208.13276048
1208.13276048
1208.13276048
1208.13276048
1208.13276048
1208.13276048
1208.13276048
1208.13276048
1208.13276048
1208.13276048
1208.13276048
1208.13276048
1208.13276048
1208.13276048
1208.13276048
1208.13276048
1208.13276048
1208.13276048
1208.13276048
1208.13276048
1208.13276048
1208.13276048
1208.13276048
1208.13276048
1208.13276048
1208.13276048
1208.13276048
1208.13276048
1208.13276048
1208.13276048
1208.13276048
1208.13276048
1208.13276048
1208.13276048
1208.13276048
1208.13276048
1208.13276048
1208.13276048
1208.13276048
1208.13276048
1208.13276048
1208.13276048
1208.13276048
1208.13276048
1208.13276048
1208.13276048
1208.13276048
1208.13276048
1208.13276048
1208.13276048
1208.13276048
1208.13276048
1208.13276048
1208.13276048
1208.13276048
1208.13276048
1208.13276048
1208.13276048
1208.13276048
1208.13276048
1208.13276048
1208.13276048
1208.13276048
1208.13276048
1208.13276048
1208.13276048
1208.13276048
1208.13276048
1208.13276048
1208.13276048
1208.13276048
1208.13276048
1208.13276048
1208.13276048
1208.13276048
1208.13276048
1208.13276048
1208.13276048
1208.13276048
1208.13276048
1208.13276048
1208.13276048
1208.13276048
1208.13276048
1208.13276048
1208.13276048
1208.13276048
1208.13276048
1208.13276048
1208.13276048
1208.13276048
1208.13276048
1208.13276048
1208.13276048
1208.13276048
1208.13276048
1208.13276048
1208.13276048
1208.13276048
1208.13276048
1208.13276048
1208.13276048
1208.13276048
1208.13276048
1208.13276048
1208.13276048
1208.13276048
1208.13276048
1208.13276048
1208.13276048
1208.13276048
1208.13276048
1208.13276048
1208.13276048
1208.13276048
1208.13276048
1208.13276048
1208.13276048
1208.13276048
1208.13276048
1208.13276048
1208.13276048
1208.13276048
1208.13276048
1208.13276048
1208.13276048
1208.13276048
1208.13276048
1208.13276048
1208.13276048
1208.13276048
1208.13276048
1208.13276048
1208.13276048
1208.13276048
1208.13276048
1208.13276048
1208.13276048
1208.13276048
1208.13276048
1208.13276048
1208.13276048
1208.13276048
1208.13276048
1208.13276048
1208.13276048
1208.13276048
1208.13276048
1208.13276048
1208.13276048
1208.13276048
1208.13276048
1208.13276048
1208.13276048
1208.13276048
1208.13276048
1208.13276048
1208.13276048
1208.13276048
1208.13276048
1208.13276048
1208.13276048
1208.13276048
1208.13276048
1208.13276048
1208.13276048
1208.13276048
1208.13276048
1208.13276048
1208.13276048
1208.13276048
1208.13276048
1208.13276048
1208.13276048
1208.13276048
1208.13276048
1208.13276048
1208.13276048
1208.13276048
1208.13276048
1208.13276048
1208.13276048
1208.13276048
1208.13276048
1208.13276048
1208.13276048
1208.13276048
1208.13276048
1208.13276048
1208.13276048
1208.13276048
1208.13276048
1208.13276048
1208.13276048
1208.13276048
1208.13276048
1208.13276048
1208.13276048
1208.13276048
1208.13276048
1208.13276048
1208.13276048
1208.13276048
1208.13276048
1208.13276048
1208.13276048
1208.13276048
1208.13276048
1208.13276048
1208.13276048
1208.13276048
1208.13276048
1208.13276048
1208.13276048
1208.13276048
1208.13276048
1208.13276048
1208.13276048
1208.13276048
1208.13276048
1208.13276048
1208.13276048
1208.13276048
1208.13276048
1208.13276048
1208.13276048
1208.13276048
1208.13276048
1208.13276048
1208.13276048
1208.13276048
1208.13276048
1208.13276048
1208.13276048
1208.13276048
1208.13276048
1208.13276048
1208.13276048
1208.13276048
1208.13276048
1208.13276048
1208.13276048
1208.13276048
1208.13276048
1208.13276048
1208.13276048
1208.13276048
1208.13276048
1208.13276048
1208.13276048
1208.13276048
1208.13276048
1208.13276048
1208.13276048
1208.13276048
1208.13276048
1208.13276048
1208.13276048
1208.13276048
1208.13276048
1208.13276048
1208.13276048
1208.13276048
1208.13276048
1208.13276048
1208.13276048
1208.13276048
1208.13276048
1208.13276048
1208.13276048
1208.13276048
1208.13276048
1208.13276048
1208.13276048
1208.13276048
1208.13276048
1208.13276048
1208.13276048
1208.13276048
1208.13276048
1208.13276048
1208.13276048
1208.13276048
1208.13276048
1208.13276048
1208.13276048
1208.13276048
1208.13276048
1208.13276048
1208.13276048
1208.13276048
1208.13276048
1208.13276048
1208.13276048
1208.13276048
1208.13276048
1208.13276048
1208.13276048
1208.13276048
1208.13276048
1208.13276048
1208.13276048
1208.13276048
1208.13276048
1208.13276048
1208.13276048
1208.13276048
1208.13276048
1208.13276048
1208.13276048
1208.13276048
1208.13276048
1208.13276048
1208.13276048
1208.13276048
1208.13276048
1208.13276048
1208.13276048
1208.13276048
1208.13276048
1208.13276048
1208.13276048
1208.13276048
1208.13276048
1208.13276048
1208.13276048
1208.13276048
1208.13276048
1208.13276048
1208.13276048
1208.13276048
1208.13276048
1208.13276048
1208.13276048
1208.13276048
1208.13276048
1208.13276048
1208.13276048
1208.13276048
1208.13276048
1208.13276048
1208.13276048
1208.13276048
1208.13276048
1208.13276048
1208.13276048
1208.13276048
1208.13276048
1208.13276048
1208.13276048
1208.13276048
1208.13276048
1208.13276048
1208.13276048
1208.13276048
1208.13276048
1208.13276048
1208.13276048
1208.13276048
1208.13276048
1208.13276048
1208.13276048
1208.13276048
1208.13276048
1208.13276048
1208.13276048
1208.13276048
1208.13276048
1208.13276048
1208.13276048
1208.13276048
1208.13276048
1208.13276048
1208.13276048
1208.13276048
1208.13276048
1208.13276048
1208.13276048
1208.13276048
1208.13276048
1208.13276048
1208.13276048
1208.13276048
1208.13276048
1208.13276048
1208.13276048
1208.13276048
1208.13276048
1208.13276048
1208.13276048
1208.13276048
1208.13276048
1208.13276048
1208.13276048
1208.13276048
1208.13276048
1208.13276048
1208.13276048
1208.13276048
1208.13276048
1208.13276048
1208.13276048
1208.13276048
1208.13276048
1208.13276048
1208.13276048
1208.13276048
1208.13276048
1208.13276048
1208.13276048
1208.13276048
1208.13276048
1208.13276048
1208.13276048
1208.13276048
1208.13276048
1208.13276048
1208.13276048
1208.13276048
1208.13276048
1208.13276048
1208.13276048
1208.13276048
1208.13276048
1208.13276048
1208.13276048
1208.13276048
1208.13276048
1208.13276048
1208.13276048
1208.13276048
1208.13276048
1208.13276048
1208.13276048
1208.13276048
1208.13276048
1208.13276048
1208.13276048
1208.13276048
1208.13276048
1208.13276048
1208.13276048
1208.13276048
1208.13276048
1208.13276048
1208.13276048
1208.13276048
1208.13276048
1208.13276048
1208.13276048
1208.13276048
1208.13276048
1208.13276048
1208.13276048
1208.13276048
1208.13276048
1208.13276048
1208.13276048
1208.13276048
1208.13276048
1208.13276048
1208.13276048
1208.13276048
1208.13276048
1208.13276048
1208.13276048
1208.13276048
1208.13276048
1208.13276048
1208.13276048
1208.13276048
1208.13276048
1208.13276048
1208.13276048
1208.13276048
1208.13276048
1208.13276048
1208.13276048
1208.13276048
1208.13276048
1208.13276048
1208.13276048
1208.13276048
1208.13276048
1208.13276048
1208.13276048
1208.13276048
1208.13276048
1208.13276048
1208.13276048
1208.13276048
1208.13276048
1208.13276048
1208.13276048
1208.13276048
1208.13276048
1208.13276048
1208.13276048
1208.13276048
1208.13276048
1208.13276048
1208.13276048
1208.13276048
1208.13276048
1208.13276048
1208.13276048
1208.13276048
1208.13276048
1208.13276048
