1539.65051278
1484.68855043
1484.68855043
1458.4500557
1458.4500557
1458.4500557
1458.4500557
1435.13273689
1435.13273689
1435.13273689
1435.13273689
1378.77706676
1378.77706676
1378.77706676
1378.77706676
1378.77706676
1374.34750419
1374.34750419
1368.27562529
1362.98383856
1320.54519608
1316.65872464
1316.65872464
1316.65872464
1316.65872464
1316.65872464
1316.65872464
1309.80569919
1309.13561962
1309.13561962
1309.13561962
1309.13561962
1309.13561962
1309.13561962
1309.13561962
1299.12880148
1299.12880148
1298.09086468
1298.09086468
1298.09086468
1298.09086468
1276.5443148
1276.5443148
1276.5443148
1276.5443148
1276.5443148
1276.5443148
1275.87500475
1273.33848571
1273.33848571
1273.33848571
1273.33848571
1273.33848571
1273.33848571
1273.33848571
1273.33848571
1273.33848571
1273.33848571
1273.33848571
1273.33848571
1273.33848571
1273.33848571
1273.33848571
1273.33848571
1271.8081476
1271.8081476
1271.8081476
1271.8081476
1271.8081476
1271.8081476
1271.8081476
1270.6500017
1270.6500017
1270.6500017
1270.6500017
1270.6500017
1270.6500017
1270.6500017
1270.6500017
1270.6500017
1270.6500017
1266.34787325
1266.34787325
1266.34787325
1266.34787325
1266.34787325
1266.34787325
1266.34787325
1266.34787325
1266.34787325
1266.34787325
1266.34787325
1266.34787325
1266.34787325
1266.16912256
1266.16912256
1266.16912256
1266.16912256
1266.16912256
1266.16912256
1266.16912256
1266.16912256
1266.16912256
1266.16912256
1266.16912256
1266.16912256
1266.16912256
1266.16912256
1266.16912256
1266.16912256
1266.16912256
1266.16912256
1266.16912256
1266.16912256
1266.16912256
1266.16912256
1266.16912256
1266.16912256
1266.16912256
1266.16912256
1266.16912256
1266.16912256
1266.16912256
1264.6622629
1264.6622629
1264.6622629
1260.15331966
1260.15331966
1260.15331966
1257.79790818
1257.61680061
1257.61680061
1257.61680061
1257.61680061
1257.61680061
1257.61680061
1257.61680061
1257.61680061
1257.61680061
1257.61680061
1257.61680061
1257.61680061
1256.90039255
1256.90039255
1255.84191621
1255.84191621
1255.84191621
1255.84191621
1255.84191621
1255.84191621
1255.84191621
1255.84191621
1255.84191621
1255.84191621
1255.84191621
1255.66080863
1255.66080863
1255.66080863
1255.66080863
1255.66080863
1255.66080863
1255.66080863
1255.66080863
1255.66080863
1255.66080863
1255.66080863
1255.66080863
1255.66080863
1255.66080863
1255.66080863
1255.66080863
1255.66080863
1255.66080863
1255.66080863
1255.66080863
1255.66080863
1255.66080863
1255.66080863
1255.66080863
1255.66080863
1255.66080863
1255.66080863
1255.66080863
1255.66080863
1255.66080863
1255.66080863
1255.66080863
1255.66080863
1255.66080863
1255.66080863
1255.66080863
1255.66080863
1255.66080863
1255.66080863
1255.66080863
1255.66080863
1255.66080863
1255.40628216
1255.40628216
1255.40628216
1255.40628216
1255.40628216
1255.40628216
1255.40628216
1255.40628216
1255.40628216
1255.40628216
1255.40628216
1255.40628216
1255.40628216
1255.40628216
1255.40628216
1255.40628216
1255.40628216
1255.40628216
1255.40628216
1255.40628216
1255.40628216
1255.40628216
1255.40628216
1255.40628216
1255.40628216
1255.40628216
1255.40628216
1255.40628216
1255.40628216
1255.40628216
1255.40628216
1255.40628216
1255.40628216
1255.40628216
1255.40628216
1255.40628216
1255.40628216
1255.40628216
1255.40628216
1255.40628216
1255.40628216
1255.40628216
1255.40628216
1255.40628216
1255.40628216
1255.40628216
1255.40628216
1255.40628216
1255.40628216
1255.40628216
1255.40628216
1255.40628216
1255.40628216
1255.40628216
1255.40628216
1255.40628216
1255.40628216
1255.40628216
1255.40628216
1255.40628216
1255.40628216
1255.40628216
1255.40628216
1255.40628216
1255.40628216
1255.40628216
1255.40628216
1255.40628216
1255.40628216
1255.40628216
1255.40628216
1255.40628216
1255.40628216
1255.40628216
1255.40628216
1255.40628216
1255.40628216
1255.40628216
1253.51953943
1250.50908669
1249.89782323
1249.89782323
1249.89782323
1249.89782323
1249.89782323
1249.89782323
1249.89782323
1249.1088412
1249.1088412
1249.1088412
1249.1088412
1249.1088412
1249.1088412
1249.1088412
1249.1088412
1249.1088412
1249.1088412
1249.1088412
1249.1088412
1249.1088412
1249.1088412
1249.1088412
1249.1088412
1249.1088412
1249.1088412
1249.1088412
1249.1088412
1249.1088412
1249.1088412
1249.1088412
1249.1088412
1249.1088412
1249.1088412
1249.1088412
1249.1088412
1249.1088412
1249.1088412
1249.1088412
1249.1088412
1249.1088412
1249.1088412
1249.1088412
1249.1088412
1249.1088412
1249.1088412
1249.1088412
1249.1088412
1249.1088412
1249.1088412
1249.1088412
1249.1088412
1249.1088412
1249.1088412
1249.1088412
1249.1088412
1249.1088412
1249.1088412
1249.1088412
1249.1088412
1249.1088412
1249.1088412
1249.1088412
1249.1088412
1249.1088412
1249.1088412
1249.1088412
1249.1088412
1249.1088412
1249.1088412
1249.1088412
1249.1088412
1249.1088412
1249.1088412
1249.1088412
1249.1088412
1249.1088412
1249.1088412
1249.1088412
1249.1088412
1249.1088412
1249.1088412
1249.1088412
1249.1088412
1249.1088412
1249.1088412
1249.1088412
1249.1088412
1249.1088412
1249.1088412
1249.1088412
1249.1088412
1249.1088412
1249.1088412
1249.1088412
1249.1088412
1249.1088412
1249.1088412
1249.1088412
1249.1088412
1249.1088412
1249.1088412
1249.1088412
1249.1088412
1249.1088412
1249.1088412
1249.1088412
1249.1088412
1249.1088412
1249.1088412
1249.1088412
1249.1088412
1249.1088412
1249.1088412
1249.1088412
1249.1088412
1249.1088412
1249.1088412
1249.1088412
1249.1088412
1249.1088412
1249.1088412
1249.1088412
1249.1088412
1249.1088412
1249.1088412
1249.1088412
1249.1088412
1249.1088412
1249.1088412
1249.1088412
1249.1088412
1249.1088412
1249.1088412
1249.1088412
1249.1088412
1249.1088412
1249.1088412
1249.1088412
1249.1088412
1249.1088412
1249.1088412
1249.1088412
1249.1088412
1249.1088412
1249.1088412
1249.1088412
1249.1088412
1249.1088412
1249.1088412
1249.1088412
1249.1088412
1249.1088412
1242.22544239
1242.22544239
1242.22544239
1242.22544239
1242.22544239
1242.22544239
1234.9266138
1234.9266138
1234.9266138
1234.9266138
1234.9266138
1234.9266138
1234.9266138
1234.9266138
1234.9266138
1234.9266138
1234.9266138
1234.9266138
1234.9266138
1234.9266138
1234.9266138
1232.46194738
1232.46194738
1232.46194738
1232.46194738
1232.46194738
1232.46194738
1219.01654159
1219.01654159
1219.01654159
1219.01654159
1219.01654159
1219.01654159
1219.01654159
1219.01654159
1219.01654159
1219.01654159
1219.01654159
1219.01654159
1219.01654159
1219.01654159
1219.01654159
1219.01654159
1219.01654159
1219.01654159
1219.01654159
1219.01654159
1219.01654159
1219.01654159
1219.01654159
1219.01654159
1219.01654159
1219.01654159
1219.01654159
1219.01654159
1219.01654159
1219.01654159
1219.01654159
1219.01654159
1219.01654159
1219.01654159
1219.01654159
1219.01654159
1219.01654159
1219.01654159
1219.01654159
1219.01654159
1219.01654159
1219.01654159
1219.01654159
1219.01654159
1219.01654159
1219.01654159
1219.01654159
1219.01654159
1219.01654159
1219.01654159
1219.01654159
1219.01654159
1219.01654159
1219.01654159
1219.01654159
1219.01654159
1219.01654159
1219.01654159
1219.01654159
1219.01654159
1219.01654159
1219.01654159
1219.01654159
1219.01654159
1219.01654159
1219.01654159
1219.01654159
1219.01654159
1219.01654159
1219.01654159
1219.01654159
1219.01654159
1219.01654159
1219.01654159
1219.01654159
1219.01654159
1219.01654159
1219.01654159
1219.01654159
1219.01654159
1219.01654159
1219.01654159
1219.01654159
1219.01654159
1219.01654159
1219.01654159
1219.01654159
1219.01654159
1219.01654159
1219.01654159
1219.01654159
1219.01654159
1219.01654159
1219.01654159
1219.01654159
1219.01654159
1219.01654159
1219.01654159
1219.01654159
1219.01654159
1219.01654159
1219.01654159
1219.01654159
1219.01654159
1219.01654159
1219.01654159
1219.01654159
1219.01654159
1219.01654159
1219.01654159
1219.01654159
1219.01654159
1219.01654159
1219.01654159
1219.01654159
1219.01654159
1219.01654159
1219.01654159
1219.01654159
1219.01654159
1219.01654159
1219.01654159
1219.01654159
1219.01654159
1219.01654159
1219.01654159
1219.01654159
1219.01654159
1219.01654159
1219.01654159
1219.01654159
1219.01654159
1219.01654159
1219.01654159
1219.01654159
1219.01654159
1219.01654159
1219.01654159
1219.01654159
1219.01654159
1219.01654159
1219.01654159
1219.01654159
1219.01654159
1219.01654159
1219.01654159
1219.01654159
1219.01654159
1219.01654159
1219.01654159
1219.01654159
1219.01654159
1219.01654159
1219.01654159
1219.01654159
1219.01654159
1219.01654159
1219.01654159
1219.01654159
1219.01654159
1219.01654159
1219.01654159
1219.01654159
1219.01654159
1219.01654159
1219.01654159
1219.01654159
1219.01654159
1219.01654159
1219.01654159
1219.01654159
1219.01654159
1219.01654159
1219.01654159
1219.01654159
1219.01654159
1219.01654159
1219.01654159
1219.01654159
1219.01654159
1219.01654159
1219.01654159
1219.01654159
1219.01654159
1219.01654159
1219.01654159
1219.01654159
1219.01654159
1219.01654159
1219.01654159
1219.01654159
1219.01654159
1219.01654159
1219.01654159
1219.01654159
1219.01654159
1219.01654159
1219.01654159
1219.01654159
1219.01654159
1219.01654159
1219.01654159
1219.01654159
1219.01654159
1219.01654159
1219.01654159
1219.01654159
1219.01654159
1219.01654159
1219.01654159
1219.01654159
1219.01654159
1219.01654159
1219.01654159
1219.01654159
1219.01654159
1219.01654159
1219.01654159
1219.01654159
1219.01654159
1219.01654159
1219.01654159
1219.01654159
1219.01654159
1219.01654159
1219.01654159
1219.01654159
1219.01654159
1219.01654159
1219.01654159
1219.01654159
1219.01654159
1219.01654159
1219.01654159
1219.01654159
1219.01654159
1219.01654159
1219.01654159
1219.01654159
1219.01654159
1219.01654159
1219.01654159
1219.01654159
1219.01654159
1219.01654159
1219.01654159
1219.01654159
1219.01654159
1219.01654159
1219.01654159
1219.01654159
1219.01654159
1219.01654159
1219.01654159
1219.01654159
1219.01654159
1219.01654159
1219.01654159
1219.01654159
1219.01654159
1219.01654159
1219.01654159
1219.01654159
1219.01654159
1219.01654159
1219.01654159
1219.01654159
1219.01654159
1219.01654159
1219.01654159
1219.01654159
1219.01654159
1219.01654159
1219.01654159
1219.01654159
1219.01654159
1219.01654159
1219.01654159
1219.01654159
1219.01654159
1219.01654159
1219.01654159
1219.01654159
1219.01654159
1219.01654159
1219.01654159
1219.01654159
1219.01654159
1219.01654159
1219.01654159
1219.01654159
1219.01654159
1219.01654159
1219.01654159
1219.01654159
1219.01654159
1219.01654159
1219.01654159
1219.01654159
1219.01654159
1219.01654159
1219.01654159
1219.01654159
1219.01654159
1219.01654159
1219.01654159
1219.01654159
1219.01654159
1219.01654159
1219.01654159
1219.01654159
1219.01654159
1219.01654159
1219.01654159
1219.01654159
1219.01654159
1219.01654159
1219.01654159
1219.01654159
1219.01654159
1219.01654159
1219.01654159
1219.01654159
1219.01654159
1219.01654159
1219.01654159
1219.01654159
1219.01654159
1219.01654159
1219.01654159
1219.01654159
1219.01654159
1219.01654159
1219.01654159
1219.01654159
1219.01654159
1219.01654159
1219.01654159
1219.01654159
1219.01654159
1219.01654159
1219.01654159
1219.01654159
1219.01654159
1219.01654159
1219.01654159
1219.01654159
1219.01654159
1219.01654159
1219.01654159
1219.01654159
1219.01654159
1219.01654159
1219.01654159
1219.01654159
1219.01654159
1219.01654159
1219.01654159
1219.01654159
1219.01654159
1219.01654159
1219.01654159
1219.01654159
1219.01654159
1219.01654159
1219.01654159
1219.01654159
1219.01654159
1219.01654159
1219.01654159
1219.01654159
1219.01654159
1219.01654159
1219.01654159
1219.01654159
1219.01654159
1219.01654159
1219.01654159
1219.01654159
1219.01654159
1219.01654159
1219.01654159
1219.01654159
1219.01654159
1219.01654159
1219.01654159
1219.01654159
1219.01654159
1219.01654159
1219.01654159
1219.01654159
1219.01654159
1219.01654159
1219.01654159
1219.01654159
1219.01654159
1219.01654159
1219.01654159
1219.01654159
1219.01654159
1219.01654159
1219.01654159
1219.01654159
1219.01654159
1219.01654159
1219.01654159
1219.01654159
1219.01654159
1219.01654159
1219.01654159
1219.01654159
1219.01654159
1219.01654159
1219.01654159
1219.01654159
1219.01654159
1219.01654159
1219.01654159
1219.01654159
1219.01654159
1219.01654159
1219.01654159
1219.01654159
1219.01654159
1219.01654159
1219.01654159
1219.01654159
1219.01654159
1219.01654159
1219.01654159
1219.01654159
1219.01654159
1219.01654159
1219.01654159
1219.01654159
1219.01654159
1219.01654159
1219.01654159
1219.01654159
1219.01654159
1219.01654159
1219.01654159
1219.01654159
1219.01654159
1219.01654159
1219.01654159
1219.01654159
1219.01654159
1219.01654159
1219.01654159
1219.01654159
1219.01654159
1219.01654159
1219.01654159
1219.01654159
1219.01654159
1219.01654159
1219.01654159
1219.01654159
1219.01654159
1219.01654159
1219.01654159
1219.01654159
1219.01654159
1219.01654159
1219.01654159
1219.01654159
1219.01654159
1219.01654159
1219.01654159
1219.01654159
1219.01654159
1219.01654159
1219.01654159
1219.01654159
1219.01654159
1219.01654159
1219.01654159
1219.01654159
1219.01654159
1219.01654159
1219.01654159
1219.01654159
1219.01654159
1219.01654159
1219.01654159
1219.01654159
1219.01654159
1219.01654159
1219.01654159
1219.01654159
1219.01654159
1219.01654159
1219.01654159
1219.01654159
1219.01654159
1219.01654159
1219.01654159
1219.01654159
1219.01654159
1219.01654159
1219.01654159
1219.01654159
1219.01654159
1219.01654159
1219.01654159
1219.01654159
1219.01654159
1219.01654159
1219.01654159
1219.01654159
1219.01654159
1219.01654159
1219.01654159
1219.01654159
1219.01654159
1219.01654159
1219.01654159
1219.01654159
1219.01654159
1219.01654159
1219.01654159
1219.01654159
1219.01654159
1219.01654159
1219.01654159
1219.01654159
1219.01654159
1219.01654159
1219.01654159
1219.01654159
1219.01654159
1219.01654159
1219.01654159
1219.01654159
1219.01654159
1219.01654159
1219.01654159
1219.01654159
1219.01654159
1219.01654159
1219.01654159
1219.01654159
1219.01654159
