1512.541158755
1479.280174339
1465.1073982120001
1442.444930846
1435.9144166669998
1428.987432096
1423.796108533
1418.934216746
1415.0301768590002
1401.2059734250001
1388.886306049
1374.275379876
1365.8688720619998
1360.134511796
1356.5440955010001
1354.960709512
1354.339320691
1348.257891489
1334.1075175929998
1333.183225884
1324.0730285999998
1321.0371447149996
1317.5207135269998
1316.5824158259998
1314.2533969349997
1310.209210889
1309.0532764209997
1307.321850704
1306.6649662920001
1304.2311029910002
1304.227691343
1301.228941096
1300.9746755170002
1300.465815087
1300.465815087
1297.948896438
1295.730145808
1293.444741539
1291.043169641
1289.4863488920003
1289.4863488920003
1286.576681431
1286.332304473
1285.900263882
1285.7778005309997
1285.1845902359996
1283.955275297
1282.125035016
1280.48400029
1278.974558727
1278.974558727
1278.91142767
1278.91142767
1278.91142767
1278.91142767
1278.541032894
1278.395952609
1278.3158020110002
1277.625326819
1277.0284705689999
1276.50433917
1274.362323818
1272.5735478789998
1272.1704607409997
1272.01742693
1269.527131957
1269.5029188439999
1268.295428554
1268.295428554
1268.295428554
1267.518186301
1267.0489549420001
1265.8898615379999
1264.577943523
1262.3040566799998
1261.6735968489998
1261.579446899
1261.263586495
1261.263586495
1261.263586495
1261.263586495
1259.978119586
1257.3604955140001
1256.673643713
1256.5675762980002
1256.22568214
1256.22568214
1256.22568214
1256.22568214
1256.22568214
1255.172560855
1254.1452785679999
1252.564249608
1252.564249608
1250.2827469150002
1250.0014405460001
1249.190739868
1249.190739868
1248.95982488
1248.95982488
1248.95982488
1248.828621445
1248.828621445
1247.61698338
1247.61698338
1247.3251886990001
1247.3251886990001
1247.117944683
1247.117944683
1246.053248666
1246.053248666
1246.053248666
1246.040763816
1245.73578849
1245.73578849
1245.685005557
1245.685005557
1245.685005557
1245.685005557
1245.615771281
1244.7993215430001
1244.7993215430001
1244.7993215430001
1244.648635577
1244.648635577
1244.648635577
1244.197741253
1243.999267515
1243.999267515
1243.224857056
1243.206746299
1243.206746299
1243.0505056690001
1243.0505056690001
1243.0505056690001
1243.0505056690001
1243.03651398
1242.967998353
1242.946051845
1242.946051845
1242.946051845
1242.754535669
1242.57101023
1241.307607257
1241.144613407
1241.144613407
1241.144613407
1241.144613407
1241.144613407
1241.144613407
1241.144613407
1241.144613407
1241.144613407
1240.931757929
1240.931757929
1240.913647171
1240.913647171
1240.913647171
1240.913647171
1240.913647171
1240.913647171
1240.913647171
1240.913647171
1240.913647171
1240.913647171
1240.913647171
1240.913647171
1240.913647171
1240.913647171
1240.344744618
1240.344744618
1240.344744618
1240.344744618
1240.344744618
1240.344744618
1240.344744618
1240.344744618
1240.344744618
1240.344744618
1240.344744618
1238.6823301480001
1238.510825341
1238.386051424
1238.386051424
1238.386051424
1238.386051424
1238.386051424
1238.386051424
1238.386051424
1238.386051424
1238.386051424
1238.386051424
1238.386051424
1238.386051424
1238.386051424
1238.386051424
1238.386051424
1238.360598777
1238.360598777
1238.360598777
1238.360598777
1238.2658596269998
1238.2658596269998
1238.2658596269998
1238.2658596269998
1238.2658596269998
1238.2658596269998
1238.2658596269998
1238.24040698
1237.655987361
1237.655987361
1237.655987361
1237.655987361
1237.655987361
1237.655987361
1237.655987361
1237.655987361
1237.5032972909999
1237.3633129339999
1237.3633129339999
1237.313425197
1237.313425197
1236.6366755139998
1236.6366755139998
1236.6366755139998
1236.6366755139998
1236.6366755139998
1236.6366755139998
1236.6366755139998
1236.6366755139998
1236.6366755139998
1236.6366755139998
1236.6366755139998
1236.3312984569998
1236.2125595969999
1236.2125595969999
1236.2125595969999
1236.2125595969999
1236.1800764349998
1236.1800764349998
1236.1800764349998
1236.1800764349998
1236.0728524329998
1236.0728524329998
1236.0728524329998
1235.9201623639997
1235.9201623639997
1235.9201623639997
1235.9201623639997
1235.9201623639997
1235.9201623639997
1235.9201623639997
1235.9201623639997
1235.9201623639997
1235.9201623639997
1235.9201623639997
1235.9201623639997
1235.7889589279998
1235.7481233689998
1235.7481233689998
1233.904617728
1233.6751806260002
1233.6751806260002
1233.6751806260002
1233.558529185
1233.558529185
1233.558529185
1233.558529185
1233.558529185
1233.558529185
1233.558529185
1233.558529185
1233.544537497
1233.49029212
1233.49029212
1233.291050487
1232.957244857
1232.896118511
1232.896118511
1232.896118511
1232.896118511
1232.896118511
1232.896118511
1232.896118511
1232.8172203079998
1232.8172203079998
1232.8172203079998
1232.8172203079998
1232.8172203079998
1232.7073183569998
1232.7073183569998
1232.7073183569998
1232.7073183569998
1232.7073183569998
1232.7073183569998
1232.7073183569998
1232.7073183569998
1232.7073183569998
1232.7073183569998
1232.7073183569998
1232.7073183569998
1232.7073183569998
1232.7073183569998
1232.7073183569998
1232.7073183569998
1232.7073183569998
1232.7073183569998
1232.7073183569998
1232.7073183569998
1232.3208910129997
1232.3208910129997
1232.3208910129997
1232.3208910129997
1232.3208910129997
1232.3208910129997
1232.3208910129997
1232.3208910129997
1232.3138824629998
1232.3138824629998
1232.3138824629998
1232.3138824629998
1232.3138824629998
1232.3138824629998
1232.3138824629998
1232.3138824629998
1232.3138824629998
1232.3138824629998
1232.3138824629998
1232.3138824629998
1232.3138824629998
1232.3138824629998
1231.5104154659998
1231.5104154659998
1231.5104154659998
1231.5104154659998
1231.5104154659998
1231.5104154659998
1231.5104154659998
1231.5104154659998
1231.5104154659998
1231.5104154659998
1231.5104154659998
1231.5104154659998
1231.5104154659998
1231.5104154659998
1231.5104154659998
1231.5104154659998
1231.5104154659998
1231.5104154659998
1231.5104154659998
1231.5104154659998
1231.5104154659998
1231.5104154659998
1231.5104154659998
1231.5104154659998
1231.5104154659998
1231.5104154659998
1231.5104154659998
1231.5104154659998
1231.5104154659998
1231.5104154659998
1231.5104154659998
1231.5104154659998
1231.5104154659998
1231.5104154659998
1231.5104154659998
1231.5104154659998
1231.5016432199998
1231.5016432199998
1231.5016432199998
1231.4473978419999
1231.4473978419999
1231.4473978419999
1231.4473978419999
1231.4473978419999
1231.4473978419999
1231.4473978419999
1231.4473978419999
1231.4473978419999
1231.4473978419999
1231.4473978419999
1231.4473978419999
1231.4473978419999
1231.3621804219997
1231.3621804219997
1231.3621804219997
1231.3621804219997
1231.3621804219997
1231.3621804219997
1231.3621804219997
1231.3621804219997
1231.3621804219997
1231.3621804219997
1231.3621804219997
1231.3621804219997
1231.3621804219997
1231.3621804219997
1231.3621804219997
1231.3621804219997
1231.3621804219997
1231.3621804219997
1231.3621804219997
1231.3621804219997
1231.3621804219997
1231.3621804219997
1231.3621804219997
1231.3621804219997
1231.3621804219997
1231.3621804219997
1231.3621804219997
1231.3621804219997
1231.3621804219997
1231.3621804219997
1231.3621804219997
1231.3621804219997
1231.3621804219997
1231.3621804219997
1231.3621804219997
1231.3621804219997
1231.3621804219997
1231.3621804219997
1231.3621804219997
1231.3621804219997
1231.3621804219997
1231.3621804219997
1231.3621804219997
1231.3621804219997
1231.3621804219997
1231.3621804219997
1230.6738405410001
1230.6738405410001
1230.6615829870002
1230.6615829870002
1230.6615829870002
1230.6615829870002
1229.9317001279999
1229.9317001279999
1229.9317001279999
1229.9317001279999
1229.9317001279999
1229.9317001279999
1229.9317001279999
1229.9317001279999
1229.9317001279999
1229.9317001279999
1229.9317001279999
1229.9317001279999
1229.9317001279999
1229.9317001279999
1229.9317001279999
1229.685233486
1229.685233486
1229.685233486
1229.685233486
1229.685233486
1229.685233486
1228.3406929070002
1228.3406929070002
1228.3406929070002
1228.3406929070002
1228.3406929070002
1228.3406929070002
1228.3406929070002
1228.3406929070002
1228.3406929070002
1228.3406929070002
1228.3406929070002
1228.3406929070002
1228.3406929070002
1228.3406929070002
1228.3406929070002
1228.3406929070002
1228.3406929070002
1228.3406929070002
1228.3406929070002
1228.3406929070002
1228.3406929070002
1228.3406929070002
1228.3406929070002
1228.3406929070002
1228.3406929070002
1228.3406929070002
1228.3406929070002
1228.3406929070002
1228.3406929070002
1228.3406929070002
1228.3406929070002
1228.3406929070002
1228.3406929070002
1228.3406929070002
1228.3406929070002
1228.3406929070002
1228.3406929070002
1228.3406929070002
1228.3406929070002
1228.3406929070002
1228.3406929070002
1228.3406929070002
1228.3406929070002
1228.3406929070002
1228.3406929070002
1228.3406929070002
1228.3406929070002
1228.3406929070002
1228.3406929070002
1228.3406929070002
1228.3406929070002
1228.3406929070002
1228.3406929070002
1228.3406929070002
1228.3406929070002
1228.3406929070002
1228.3406929070002
1228.3406929070002
1228.3406929070002
1228.3406929070002
1228.3406929070002
1228.3406929070002
1228.3406929070002
1228.3406929070002
1228.3406929070002
1228.3406929070002
1228.3406929070002
1228.3406929070002
1228.3406929070002
1228.3406929070002
1228.3406929070002
1228.3406929070002
1228.3406929070002
1228.3406929070002
1228.3406929070002
1228.3406929070002
1228.3406929070002
1228.3406929070002
1228.3406929070002
1228.3406929070002
1228.3406929070002
1228.3406929070002
1228.3406929070002
1228.3406929070002
1228.3406929070002
1228.3406929070002
1228.3406929070002
1228.3406929070002
1228.3406929070002
1228.3406929070002
1228.3406929070002
1228.3406929070002
1228.3406929070002
1228.3406929070002
1228.3406929070002
1228.3406929070002
1228.3406929070002
1228.3406929070002
1228.3406929070002
1228.3406929070002
1228.3406929070002
1228.3406929070002
1228.3406929070002
1228.3406929070002
1228.3406929070002
1228.3406929070002
1228.3406929070002
1228.3406929070002
1228.3406929070002
1228.3406929070002
1228.3406929070002
1228.3406929070002
1228.3406929070002
1228.3406929070002
1228.3406929070002
1228.3406929070002
1228.3406929070002
1228.3406929070002
1228.3406929070002
1228.3406929070002
1228.3406929070002
1228.3406929070002
1228.3406929070002
1228.3406929070002
1228.3406929070002
1228.3406929070002
1228.3406929070002
1228.3406929070002
1228.3406929070002
1228.3406929070002
1228.3406929070002
1228.3406929070002
1228.3406929070002
1228.3406929070002
1228.3406929070002
1228.3406929070002
1228.3406929070002
1228.3406929070002
1228.3406929070002
1228.3406929070002
1228.3406929070002
1228.3406929070002
1228.3406929070002
1228.3406929070002
1228.3406929070002
1228.3406929070002
1228.3406929070002
1228.3406929070002
1228.3406929070002
1228.3406929070002
1228.3406929070002
1228.3406929070002
1228.3406929070002
1228.3406929070002
1228.3406929070002
1228.3406929070002
1228.3406929070002
1228.3406929070002
1228.3406929070002
1228.3406929070002
1228.3406929070002
1228.3406929070002
1228.3406929070002
1228.3406929070002
1228.3406929070002
1228.3406929070002
1228.3406929070002
1228.3406929070002
1228.3406929070002
1228.3406929070002
1228.3406929070002
1228.3406929070002
1228.3406929070002
1228.3406929070002
1228.3406929070002
1228.3406929070002
1228.3406929070002
1228.3406929070002
1228.3406929070002
1228.3406929070002
1228.3406929070002
1228.3406929070002
1228.3406929070002
1228.3406929070002
1228.3406929070002
1228.3406929070002
1228.3406929070002
1228.3406929070002
1228.3406929070002
1228.3406929070002
1228.3406929070002
1228.3406929070002
1228.3406929070002
1228.3406929070002
1228.3406929070002
1228.3406929070002
1228.3406929070002
1228.3406929070002
1228.3406929070002
1228.3406929070002
1228.3406929070002
1228.3406929070002
1228.3406929070002
1228.3406929070002
1228.3406929070002
1228.3406929070002
1228.3406929070002
1228.3406929070002
1228.3406929070002
1228.3406929070002
1228.3406929070002
1228.3406929070002
1228.3406929070002
1228.3406929070002
1228.3406929070002
1228.3406929070002
1228.3406929070002
1228.3406929070002
1228.3406929070002
1228.3406929070002
1228.3406929070002
1228.3406929070002
1228.3406929070002
1228.3406929070002
1228.3406929070002
1228.3406929070002
1228.3406929070002
1228.3406929070002
1228.3406929070002
1228.3406929070002
1228.3406929070002
1228.3406929070002
1228.3406929070002
1228.3406929070002
1228.3406929070002
1228.3406929070002
1228.3406929070002
1228.3406929070002
1228.3406929070002
1228.3406929070002
1228.3406929070002
1228.3406929070002
1228.3406929070002
1228.3406929070002
1228.3406929070002
1228.3406929070002
1228.3406929070002
1228.3406929070002
1228.3406929070002
1228.3406929070002
1228.3406929070002
1228.3406929070002
1228.3406929070002
1228.3406929070002
1228.3406929070002
1228.3406929070002
1228.3406929070002
1228.3406929070002
1228.3406929070002
1228.3406929070002
1228.3406929070002
1228.3406929070002
1228.3406929070002
1228.3406929070002
1228.3406929070002
1228.3406929070002
1228.3406929070002
1228.3406929070002
1228.3406929070002
1228.3406929070002
1228.3406929070002
1228.3406929070002
1228.3406929070002
1228.3406929070002
1228.3406929070002
1228.3406929070002
1228.3406929070002
1228.3406929070002
1228.3406929070002
1228.3406929070002
1228.3406929070002
1228.3406929070002
1228.3406929070002
1228.3406929070002
1228.3406929070002
1228.3406929070002
1228.3406929070002
1228.3406929070002
1228.3406929070002
1228.3406929070002
1228.3406929070002
1228.3406929070002
1228.3406929070002
1228.3406929070002
1228.3406929070002
1228.3406929070002
1228.3406929070002
1228.3406929070002
1228.3406929070002
1228.3406929070002
1228.3406929070002
1228.3406929070002
1228.3406929070002
1228.3406929070002
1228.3406929070002
1228.3406929070002
1228.3406929070002
1228.3406929070002
1228.3406929070002
1228.3406929070002
1228.3406929070002
1228.3406929070002
1228.3406929070002
1228.3406929070002
1228.3406929070002
1228.3406929070002
1228.3406929070002
1228.3406929070002
1228.3406929070002
1228.3406929070002
1228.3406929070002
1228.3406929070002
1228.3406929070002
1228.3406929070002
1228.3406929070002
1228.3406929070002
1228.3406929070002
1228.3406929070002
1228.3406929070002
1228.3406929070002
1228.3406929070002
1228.3406929070002
1228.3406929070002
1228.3406929070002
1228.3406929070002
1228.3406929070002
1228.3406929070002
1228.3406929070002
1228.3406929070002
1228.3406929070002
1228.3406929070002
1228.3406929070002
1228.3406929070002
1228.3406929070002
1228.3406929070002
1228.3406929070002
1228.3406929070002
1228.3406929070002
1228.3406929070002
1228.3406929070002
1228.3406929070002
1228.3406929070002
1228.3406929070002
1228.3406929070002
1228.3406929070002
1228.3406929070002
1228.3406929070002
1228.3406929070002
1228.3406929070002
1228.3406929070002
1228.3406929070002
1228.3406929070002
1228.3406929070002
1228.3406929070002
1228.3406929070002
1228.3406929070002
1228.3406929070002
1228.3406929070002
1228.3406929070002
1228.3406929070002
1228.3406929070002
1228.3406929070002
1228.3406929070002
1228.3406929070002
1228.3406929070002
1228.3406929070002
1228.3406929070002
1228.3406929070002
1228.3406929070002
1228.3406929070002
1228.3406929070002
1228.3406929070002
1228.3406929070002
1228.3406929070002
1228.3406929070002
1228.3406929070002
1228.3406929070002
1228.3406929070002
1228.3406929070002
1228.3406929070002
1228.3406929070002
1228.3406929070002
1228.3406929070002
1228.3406929070002
1228.3406929070002
1228.3406929070002
1228.3406929070002
1228.3406929070002
1228.3406929070002
1228.3406929070002
1228.3406929070002
1228.3406929070002
1228.3406929070002
1228.3406929070002
1228.3406929070002
1228.3406929070002
1228.3406929070002
1228.3406929070002
1228.3406929070002
1228.3406929070002
1228.3406929070002
1228.3406929070002
1228.3406929070002
1228.3406929070002
1228.3406929070002
1228.3406929070002
1228.3406929070002
1228.3406929070002
1228.3406929070002
1228.3406929070002
1228.3406929070002
1228.3406929070002
1228.3406929070002
1228.3406929070002
1228.3406929070002
1228.3406929070002
1228.3406929070002
1228.3406929070002
1228.3406929070002
1228.3406929070002
1228.3406929070002
1228.3406929070002
1228.3406929070002
1228.3406929070002
1228.3406929070002
1228.3406929070002
1228.3406929070002
1228.3406929070002
1228.3406929070002
1228.3406929070002
1228.3406929070002
1228.3406929070002
1228.3406929070002
1228.3406929070002
1228.3406929070002
1228.3406929070002
1228.3406929070002
1228.3406929070002
1228.3406929070002
1228.3406929070002
1228.3406929070002
1228.3406929070002
1228.3406929070002
1228.3406929070002
1228.3406929070002
1228.3406929070002
1228.3406929070002
1228.3406929070002
1228.3406929070002
1228.3406929070002
1228.3406929070002
1228.3406929070002
1228.3406929070002
1228.3406929070002
1228.3406929070002
1228.3406929070002
1228.3406929070002
1228.3406929070002
1228.3406929070002
1228.3406929070002
1228.3406929070002
1228.3406929070002
1228.3406929070002
1228.3406929070002
1228.3406929070002
1228.3406929070002
1228.3406929070002
1228.3406929070002
1228.3406929070002
1228.3406929070002
1228.3406929070002
1228.3406929070002
1228.3406929070002
1228.3406929070002
1228.3406929070002
1228.3406929070002
1228.3406929070002
1228.3406929070002
1228.3406929070002
1228.3406929070002
1228.3406929070002
1228.3406929070002
1228.3406929070002
1228.3406929070002
1228.3406929070002
1228.3406929070002
1228.3406929070002
1228.3406929070002
1228.3406929070002
1228.3406929070002
1228.3406929070002
1228.3406929070002
1228.3406929070002
1228.3406929070002
1228.3406929070002
1228.3406929070002
1228.3406929070002
1228.3406929070002
1228.3406929070002
1228.3406929070002
1228.3406929070002
1228.3406929070002
1228.3406929070002
1228.3406929070002
1228.3406929070002
1228.3406929070002
1228.3406929070002
1228.3406929070002
1228.3406929070002
1228.3406929070002
1228.3406929070002
1228.3406929070002
1228.3406929070002
1228.3406929070002
1228.3406929070002
1228.3406929070002
1228.3406929070002
1228.3406929070002
1228.3406929070002
1228.3406929070002
1228.3406929070002
1228.3406929070002
1228.3406929070002
1228.3406929070002
1228.3406929070002
1228.3406929070002
1228.3406929070002
1228.3406929070002
1228.3406929070002
1228.3406929070002
1228.3406929070002
1228.3406929070002
1228.3406929070002
1228.3406929070002
