1528.29989173
1528.29989173
1485.18133232
1485.18133232
1467.17620807
1397.90636236
1397.90636236
1397.90636236
1373.68278504
1373.68278504
1373.68278504
1340.7572536
1340.7572536
1340.7572536
1340.7572536
1340.7572536
1340.7572536
1340.7572536
1309.78852323
1309.78852323
1309.78852323
1309.78852323
1302.62001994
1302.62001994
1295.49963497
1295.49963497
1295.49963497
1295.49963497
1295.49963497
1295.49963497
1295.49963497
1295.49963497
1295.49963497
1295.49963497
1295.49963497
1295.49963497
1282.58533415
1276.08598849
1276.08598849
1276.08598849
1276.08598849
1276.08598849
1276.08598849
1276.08598849
1276.08598849
1276.08598849
1276.08598849
1276.08598849
1276.08598849
1276.08598849
1276.08598849
1276.08598849
1276.08598849
1276.08598849
1276.08598849
1276.08598849
1276.08598849
1276.08598849
1276.08598849
1276.08598849
1276.08598849
1276.08598849
1276.08598849
1276.08598849
1276.08598849
1276.08598849
1276.08598849
1276.08598849
1276.08598849
1276.08598849
1276.08598849
1276.08598849
1276.08598849
1269.5691336
1269.5691336
1269.5691336
1269.5691336
1269.5691336
1269.5691336
1269.5691336
1269.5691336
1269.5691336
1269.5691336
1269.5691336
1269.5691336
1269.5691336
1269.5691336
1269.5691336
1269.5691336
1269.5691336
1269.5691336
1269.5691336
1269.5691336
1269.5691336
1269.5691336
1269.5691336
1269.5691336
1269.5691336
1269.5691336
1269.5691336
1269.5691336
1269.5691336
1269.5691336
1269.5691336
1269.5691336
1269.5691336
1269.5691336
1269.5691336
1269.5691336
1269.5691336
1269.5691336
1269.5691336
1269.5691336
1269.5691336
1269.5691336
1269.5691336
1269.5691336
1269.5691336
1269.5691336
1269.5691336
1269.5691336
1269.5691336
1269.5691336
1269.5691336
1269.5691336
1269.5691336
1269.5691336
1269.5691336
1269.5691336
1269.5691336
1269.5691336
1269.5691336
1269.5691336
1269.5691336
1269.5691336
1269.5691336
1269.5691336
1269.5691336
1269.4990481
1269.4990481
1269.4990481
1269.4990481
1269.4990481
1269.4990481
1269.4990481
1269.4990481
1269.4990481
1269.4990481
1269.4990481
1269.4990481
1269.4990481
1269.4990481
1269.4990481
1269.4990481
1269.4990481
1269.4990481
1269.4990481
1269.4990481
1269.4990481
1269.4990481
1269.4990481
1269.4990481
1269.4990481
1269.4990481
1269.4990481
1269.4990481
1269.4990481
1269.4990481
1269.4990481
1269.4990481
1269.4990481
1269.4990481
1269.4990481
1269.4990481
1269.4990481
1269.4990481
1269.4990481
1269.4990481
1269.4990481
1269.4990481
1269.4990481
1269.4990481
1269.4990481
1269.4990481
1269.4990481
1269.4990481
1269.4990481
1269.4990481
1269.4990481
1269.4990481
1269.4990481
1269.4990481
1269.4990481
1269.4990481
1269.4990481
1269.4990481
1269.4990481
1269.4990481
1269.4990481
1269.4990481
1269.4990481
1269.4990481
1269.4990481
1269.4990481
1269.4990481
1269.4990481
1269.4990481
1269.4990481
1269.4990481
1269.4990481
1269.4990481
1269.4990481
1269.4990481
1269.4990481
1269.4990481
1269.4990481
1269.4990481
1269.4990481
1269.4990481
1269.4990481
1269.4990481
1269.4990481
1269.4990481
1269.4990481
1269.4990481
1269.4990481
1269.4990481
1269.4990481
1269.4990481
1269.4990481
1269.4990481
1269.4990481
1269.4990481
1269.4990481
1269.4990481
1269.4990481
1269.4990481
1269.4990481
1269.4990481
1269.4990481
1269.4990481
1269.4990481
1269.4990481
1269.4990481
1269.4990481
1269.4990481
1269.4990481
1269.4990481
1269.4990481
1269.4990481
1269.4990481
1269.4990481
1269.4990481
1269.4990481
1269.4990481
1269.4990481
1269.4990481
1269.4990481
1269.09069251
1269.09069251
1250.6556361
1249.35202051
1249.35202051
1249.35202051
1248.1855061
1248.1855061
1248.1855061
1248.1855061
1248.1855061
1248.1855061
1248.1855061
1248.1855061
1248.04558922
1247.50313545
1247.50313545
1247.50313545
1247.50313545
1247.50313545
1247.50313545
1247.50313545
1247.50313545
1247.50313545
1247.50313545
1247.50313545
1247.50313545
1247.50313545
1247.50313545
1247.50313545
1247.50313545
1247.50313545
1247.50313545
1247.50313545
1247.50313545
1247.50313545
1247.50313545
1247.50313545
1247.50313545
1247.50313545
1247.50313545
1247.50313545
1247.50313545
1247.50313545
1247.50313545
1247.50313545
1247.50313545
1247.50313545
1247.50313545
1247.50313545
1247.50313545
1247.50313545
1247.50313545
1247.50313545
1247.50313545
1247.50313545
1247.50313545
1247.50313545
1247.50313545
1247.43304995
1247.43304995
1247.43304995
1247.43304995
1247.43304995
1247.43304995
1247.43304995
1247.43304995
1247.43304995
1247.43304995
1247.43304995
1247.43304995
1247.43304995
1247.43304995
1247.43304995
1247.43304995
1247.43304995
1247.43304995
1247.43304995
1247.43304995
1247.43304995
1247.43304995
1247.43304995
1247.43304995
1247.43304995
1247.43304995
1247.43304995
1247.43304995
1247.43304995
1247.43304995
1247.43304995
1247.43304995
1247.43304995
1247.43304995
1247.43304995
1247.43304995
1247.43304995
1247.43304995
1247.43304995
1247.43304995
1247.43304995
1247.43304995
1247.43304995
1247.43304995
1247.43304995
1247.43304995
1247.43304995
1247.43304995
1247.43304995
1247.43304995
1247.34532749
1247.34532749
1247.34532749
1246.80287371
1246.80287371
1246.80287371
1246.80287371
1246.80287371
1246.80287371
1246.80287371
1246.80287371
1246.80287371
1246.80287371
1246.80287371
1246.80287371
1246.80287371
1246.80287371
1246.80287371
1246.80287371
1246.80287371
1246.80287371
1246.80287371
1246.80287371
1246.80287371
1246.80287371
1246.80287371
1246.80287371
1246.80287371
1246.80287371
1246.80287371
1246.80287371
1246.80287371
1246.80287371
1246.80287371
1246.80287371
1246.80287371
1246.80287371
1246.80287371
1246.80287371
1246.80287371
1246.80287371
1246.80287371
1246.80287371
1246.80287371
1246.80287371
1246.80287371
1246.80287371
1246.80287371
1246.80287371
1246.80287371
1246.80287371
1246.80287371
1246.80287371
1246.80287371
1246.80287371
1246.80287371
1246.80287371
1246.80287371
1246.80287371
1246.80287371
1246.80287371
1246.80287371
1246.80287371
1246.80287371
1246.80287371
1246.80287371
1246.80287371
1246.80287371
1246.80287371
1246.80287371
1246.80287371
1246.80287371
1246.80287371
1246.80287371
1246.80287371
1246.80287371
1246.80287371
1246.80287371
1246.80287371
1246.80287371
1246.80287371
1246.80287371
1246.80287371
1246.80287371
1246.80287371
1246.80287371
1246.80287371
1246.80287371
1246.80287371
1246.80287371
1246.80287371
1246.80287371
1246.80287371
1246.80287371
1246.80287371
1246.80287371
1246.80287371
1246.80287371
1246.80287371
1246.80287371
1246.80287371
1246.80287371
1246.80287371
1246.80287371
1246.80287371
1246.80287371
1246.80287371
1246.80287371
1246.80287371
1246.80287371
1246.80287371
1246.80287371
1246.80287371
1246.80287371
1246.80287371
1246.80287371
1246.80287371
1246.80287371
1246.80287371
1246.80287371
1246.80287371
1246.80287371
1246.80287371
1246.80287371
1246.80287371
1246.80287371
1246.80287371
1246.80287371
1246.80287371
1246.80287371
1246.80287371
1246.80287371
1246.80287371
1246.80287371
1246.80287371
1246.80287371
1246.80287371
1246.80287371
1246.80287371
1246.80287371
1246.80287371
1246.80287371
1246.80287371
1246.80287371
1246.80287371
1246.80287371
1246.80287371
1246.80287371
1246.80287371
1246.80287371
1246.80287371
1246.80287371
1246.80287371
1246.80287371
1246.80287371
1246.80287371
1246.80287371
1246.80287371
1246.80287371
1246.80287371
1246.80287371
1246.80287371
1246.80287371
1246.80287371
1246.80287371
1246.80287371
1246.80287371
1246.80287371
1246.80287371
1246.80287371
1246.80287371
1246.80287371
1246.80287371
1246.80287371
1246.80287371
1246.80287371
1246.80287371
1246.80287371
1246.80287371
1246.80287371
1246.80287371
1246.80287371
1246.80287371
1246.80287371
1246.80287371
1246.80287371
1246.80287371
1246.80287371
1246.80287371
1246.80287371
1246.80287371
1246.80287371
1246.80287371
1246.80287371
1246.80287371
1246.80287371
1246.80287371
1246.80287371
1246.80287371
1246.80287371
1246.80287371
1246.80287371
1246.80287371
1246.80287371
1246.80287371
1246.80287371
1246.80287371
1246.80287371
1246.80287371
1246.80287371
1246.80287371
1246.80287371
1246.80287371
1246.80287371
1246.80287371
1246.80287371
1246.80287371
1246.80287371
1246.80287371
1246.80287371
1246.80287371
1246.80287371
1246.80287371
1246.80287371
1246.80287371
1246.80287371
1246.80287371
1246.80287371
1246.80287371
1246.80287371
1246.80287371
1246.80287371
1246.80287371
1246.80287371
1246.80287371
1246.80287371
1246.80287371
1246.80287371
1246.80287371
1246.80287371
1246.80287371
1246.80287371
1246.80287371
1246.80287371
1246.80287371
1246.80287371
1246.80287371
1246.80287371
1246.80287371
1246.80287371
1246.80287371
1246.80287371
1246.80287371
1246.80287371
1246.80287371
1246.80287371
1246.80287371
1246.80287371
1246.80287371
1246.80287371
1246.80287371
1246.80287371
1246.80287371
1246.80287371
1246.80287371
1246.80287371
1246.80287371
1246.80287371
1246.80287371
1246.80287371
1246.80287371
1246.80287371
1246.80287371
1246.80287371
1246.80287371
1246.80287371
1246.80287371
1246.80287371
1246.80287371
1246.80287371
1246.80287371
1246.80287371
1246.80287371
1246.80287371
1246.80287371
1246.80287371
1246.80287371
1246.80287371
1246.80287371
1246.80287371
1246.80287371
1246.80287371
1246.80287371
1246.80287371
1246.80287371
1246.80287371
1246.80287371
1246.80287371
1246.80287371
1246.80287371
1246.80287371
1246.80287371
1246.80287371
1246.80287371
1246.80287371
1246.80287371
1246.80287371
1246.80287371
1246.80287371
1246.80287371
1246.80287371
1246.80287371
1246.80287371
1246.80287371
1246.80287371
1246.80287371
1246.80287371
1246.80287371
1246.80287371
1246.80287371
1246.80287371
1246.80287371
1246.80287371
1246.80287371
1246.80287371
1246.80287371
1246.80287371
1246.80287371
1246.80287371
1246.80287371
1246.80287371
1246.80287371
1246.80287371
1246.80287371
1246.80287371
1246.80287371
1246.80287371
1246.80287371
1246.80287371
1246.80287371
1246.80287371
1246.80287371
1246.80287371
1246.80287371
1246.80287371
1246.80287371
1246.80287371
1246.80287371
1246.80287371
1246.80287371
1246.80287371
1246.80287371
1246.80287371
1246.80287371
1246.80287371
1246.80287371
1246.80287371
1246.80287371
1246.80287371
1246.80287371
1246.80287371
1246.80287371
1246.80287371
1246.80287371
1246.80287371
1246.80287371
1246.80287371
1246.80287371
1246.80287371
1246.80287371
1246.80287371
1246.80287371
1246.80287371
1246.80287371
1246.80287371
1246.80287371
1246.80287371
1246.80287371
1246.80287371
1246.80287371
1246.80287371
1246.80287371
1246.80287371
1246.80287371
1246.80287371
1246.80287371
1246.80287371
1246.80287371
1246.80287371
1246.80287371
1246.80287371
1246.80287371
1246.80287371
1246.80287371
1246.80287371
1246.80287371
1246.80287371
1246.80287371
1246.80287371
1246.80287371
1246.80287371
1246.80287371
1246.80287371
1246.80287371
1246.80287371
1246.80287371
1246.80287371
1246.80287371
1246.80287371
1246.80287371
1246.80287371
1246.80287371
1246.80287371
1246.80287371
1246.80287371
1246.80287371
1246.80287371
1246.80287371
1246.80287371
1246.80287371
1246.80287371
1246.80287371
1246.80287371
1246.80287371
1246.80287371
1246.80287371
1246.80287371
1246.80287371
1246.80287371
1246.80287371
1246.80287371
1246.80287371
1246.80287371
1246.80287371
1246.80287371
1246.80287371
1246.80287371
1246.80287371
1246.80287371
1246.80287371
1246.80287371
1246.80287371
1246.80287371
1246.80287371
1246.80287371
1246.80287371
1246.80287371
1246.80287371
1246.80287371
1246.80287371
1246.80287371
1246.80287371
1246.80287371
1246.80287371
1246.80287371
1246.80287371
1246.80287371
1246.80287371
1246.80287371
1246.80287371
1246.80287371
1246.80287371
1246.80287371
1246.80287371
1246.80287371
1246.80287371
1246.80287371
1246.80287371
1246.80287371
1246.80287371
1246.80287371
1246.80287371
1246.80287371
1246.80287371
1246.80287371
1246.80287371
1246.80287371
1246.80287371
1246.80287371
1246.80287371
1246.80287371
1246.80287371
1246.80287371
1246.80287371
1246.80287371
1246.80287371
1246.80287371
1246.80287371
1246.80287371
1246.80287371
1246.80287371
1246.80287371
1246.80287371
1246.80287371
1246.80287371
1246.80287371
1246.80287371
1246.80287371
1246.80287371
1246.80287371
1246.80287371
1246.80287371
1246.80287371
1246.80287371
1246.80287371
1246.80287371
1246.80287371
1246.80287371
1246.80287371
1246.80287371
1246.80287371
1246.80287371
1246.80287371
1246.80287371
1246.80287371
1246.80287371
1246.80287371
1246.80287371
1246.80287371
1246.80287371
1246.80287371
1246.80287371
1246.80287371
1246.80287371
1246.80287371
1246.80287371
1246.80287371
1246.80287371
1246.80287371
1246.80287371
1246.80287371
1246.80287371
1246.80287371
1246.80287371
1246.80287371
1246.80287371
1246.80287371
1246.80287371
1246.80287371
1246.80287371
1246.80287371
1246.80287371
1246.80287371
1246.80287371
1246.80287371
1246.80287371
1246.80287371
1246.80287371
1246.80287371
1246.80287371
1246.80287371
1246.80287371
1246.80287371
1246.80287371
1246.80287371
1246.80287371
1246.80287371
1246.80287371
1246.80287371
1246.80287371
1246.80287371
1246.80287371
1246.80287371
1246.80287371
1246.80287371
1246.80287371
1246.80287371
1246.80287371
1246.80287371
1246.80287371
1246.80287371
1246.80287371
1246.80287371
1246.80287371
1246.80287371
1246.80287371
1246.80287371
1246.80287371
1246.80287371
1246.80287371
1246.80287371
1246.80287371
1246.80287371
1246.80287371
1246.80287371
1246.80287371
1246.80287371
1246.80287371
1246.80287371
1246.80287371
1246.80287371
1246.80287371
1246.80287371
1246.80287371
1246.80287371
1246.80287371
1246.80287371
1246.80287371
1246.80287371
1246.80287371
1246.80287371
1246.80287371
1246.80287371
1246.80287371
1246.80287371
1246.80287371
1246.80287371
1246.80287371
1246.80287371
1246.80287371
1246.80287371
1246.80287371
1246.80287371
1246.80287371
1246.80287371
1246.80287371
1246.80287371
1246.80287371
1246.80287371
1246.80287371
1246.80287371
1246.80287371
1246.80287371
1246.80287371
1246.80287371
1246.80287371
1246.80287371
1246.80287371
1246.80287371
1246.80287371
1246.80287371
1246.80287371
1246.80287371
