1446.90264028
1411.40836049
1411.40836049
1411.40836049
1411.40836049
1411.40836049
1411.40836049
1411.40836049
1411.40836049
1411.40836049
1411.40836049
1411.40836049
1393.15786692
1358.06598317
1352.45906895
1352.45906895
1351.79796644
1331.91834337
1324.85138507
1320.90025471
1320.90025471
1314.19513375
1300.61784671
1297.28384482
1297.28384482
1297.24304852
1297.24304852
1297.24304852
1293.14514845
1291.4048852
1291.4048852
1291.4048852
1288.86222941
1283.77362511
1283.77362511
1283.77362511
1283.77362511
1283.77362511
1283.24249697
1272.33137605
1272.33137605
1264.78125132
1264.78125132
1264.78125132
1264.78125132
1264.78125132
1262.27086185
1262.27086185
1260.91363661
1260.91363661
1260.91363661
1260.91363661
1260.91363661
1260.91363661
1260.91363661
1260.91363661
1260.91363661
1260.91363661
1260.91363661
1260.91363661
1259.34381695
1259.34381695
1250.1544812
1250.1544812
1250.1544812
1250.1544812
1250.1544812
1250.1544812
1250.1544812
1250.1544812
1250.1544812
1250.1544812
1246.05070644
1239.44838118
1239.44838118
1237.87856151
1237.87856151
1235.55793871
1235.55793871
1235.55793871
1235.55793871
1233.98811905
1233.98811905
1233.98811905
1233.98811905
1233.98811905
1233.98811905
1233.98811905
1233.98811905
1233.98811905
1233.98811905
1223.71529618
1223.71529618
1223.71529618
1223.71529618
1223.71529618
1223.28201902
1223.28201902
1223.28201902
1223.28201902
1223.28201902
1223.28201902
1223.28201902
1223.28201902
1223.28201902
1223.28201902
1223.28201902
1223.28201902
1223.28201902
1223.28201902
1223.28201902
1223.28201902
1223.28201902
1223.28201902
1223.28201902
1223.28201902
1223.28201902
1223.28201902
1223.28201902
1223.28201902
1223.28201902
1223.28201902
1223.28201902
1223.28201902
1223.28201902
1223.28201902
1223.28201902
1223.28201902
1223.28201902
1223.28201902
1223.28201902
1223.28201902
1223.28201902
1223.28201902
1223.28201902
1223.28201902
1223.28201902
1223.28201902
1223.28201902
1223.28201902
1223.28201902
1223.28201902
1223.28201902
1223.28201902
1223.28201902
1223.28201902
1223.28201902
1223.28201902
1223.28201902
1223.28201902
1223.28201902
1223.28201902
1223.28201902
1223.28201902
1223.28201902
1223.28201902
1223.28201902
1223.28201902
1223.28201902
1223.28201902
1223.28201902
1223.28201902
1223.28201902
1223.28201902
1223.28201902
1223.28201902
1223.28201902
1223.28201902
1223.28201902
1223.28201902
1223.28201902
1223.28201902
1223.28201902
1223.28201902
1223.28201902
1223.28201902
1223.28201902
1223.28201902
1223.28201902
1223.28201902
1223.28201902
1223.28201902
1223.28201902
1223.28201902
1223.28201902
1223.28201902
1223.28201902
1223.28201902
1223.28201902
1223.28201902
1223.28201902
1223.28201902
1223.28201902
1223.28201902
1223.28201902
1223.28201902
1223.28201902
1223.28201902
1223.28201902
1223.28201902
1223.28201902
1223.28201902
1223.28201902
1223.28201902
1223.28201902
1223.28201902
1223.28201902
1223.28201902
1223.28201902
1223.28201902
1223.28201902
1223.28201902
1223.28201902
1223.28201902
1223.28201902
1223.28201902
1223.28201902
1223.28201902
1223.28201902
1223.28201902
1223.28201902
1223.28201902
1223.28201902
1223.28201902
1223.28201902
1223.28201902
1223.28201902
1223.28201902
1223.28201902
1223.28201902
1223.28201902
1223.28201902
1223.28201902
1223.28201902
1223.28201902
1223.28201902
1223.28201902
1223.28201902
1223.28201902
1223.28201902
1223.28201902
1223.28201902
1223.28201902
1223.28201902
1223.28201902
1223.28201902
1223.28201902
1223.28201902
1223.28201902
1223.28201902
1223.28201902
1223.28201902
1223.28201902
1223.28201902
1223.28201902
1223.28201902
1223.28201902
1223.28201902
1223.28201902
1223.28201902
1223.28201902
1223.28201902
1223.28201902
1223.28201902
1223.28201902
1223.28201902
1223.28201902
1223.28201902
1223.28201902
1223.28201902
1223.28201902
1223.28201902
1223.28201902
1223.28201902
1223.28201902
1223.28201902
1223.28201902
1223.28201902
1223.28201902
1223.28201902
1223.28201902
1223.28201902
1223.28201902
1223.28201902
1223.28201902
1223.28201902
1223.28201902
1223.28201902
1223.28201902
1223.28201902
1223.28201902
1223.28201902
1223.28201902
1223.28201902
1223.28201902
1223.28201902
1223.28201902
1223.28201902
1223.28201902
1223.28201902
1223.28201902
1223.28201902
1223.28201902
1223.28201902
1223.28201902
1223.28201902
1223.28201902
1223.28201902
1223.28201902
1223.28201902
1223.28201902
1223.28201902
1223.28201902
1223.28201902
1223.28201902
1223.28201902
1223.28201902
1223.28201902
1223.28201902
1223.28201902
1223.28201902
1223.28201902
1223.28201902
1223.28201902
1223.28201902
1223.28201902
1223.28201902
1223.28201902
1223.28201902
1223.28201902
1223.28201902
1223.28201902
1223.28201902
1223.28201902
1223.28201902
1223.28201902
1223.28201902
1223.28201902
1223.28201902
1223.28201902
1223.28201902
1223.28201902
1223.28201902
1223.28201902
1223.28201902
1223.28201902
1223.28201902
1223.28201902
1223.28201902
1223.28201902
1223.28201902
1223.28201902
1223.28201902
1223.28201902
1223.28201902
1223.28201902
1223.28201902
1223.28201902
1223.28201902
1223.28201902
1223.28201902
1223.28201902
1223.28201902
1223.28201902
1223.28201902
1223.28201902
1223.28201902
1223.28201902
1223.28201902
1223.28201902
1223.28201902
1223.28201902
1223.28201902
1223.28201902
1223.28201902
1223.28201902
1223.28201902
1223.28201902
1223.28201902
1223.28201902
1223.28201902
1223.28201902
1223.28201902
1223.28201902
1223.28201902
1223.28201902
1223.28201902
1223.28201902
1223.28201902
1223.28201902
1223.28201902
1223.28201902
1223.28201902
1223.28201902
1223.28201902
1223.28201902
1223.28201902
1223.28201902
1223.28201902
1223.28201902
1223.28201902
1223.28201902
1223.28201902
1223.28201902
1223.28201902
1223.28201902
1223.28201902
1223.28201902
1223.28201902
1223.28201902
1223.28201902
1223.28201902
1223.28201902
1223.28201902
1223.28201902
1223.28201902
1223.28201902
1223.28201902
1223.28201902
1223.28201902
1223.28201902
1223.28201902
1223.28201902
1223.28201902
1223.28201902
1223.28201902
1223.28201902
1223.28201902
1223.28201902
1223.28201902
1223.28201902
1223.28201902
1223.28201902
1223.28201902
1223.28201902
1223.28201902
1223.28201902
1223.28201902
1223.28201902
1223.28201902
1223.28201902
1223.28201902
1223.28201902
1223.28201902
1223.28201902
1223.28201902
1223.28201902
1223.28201902
1223.28201902
1223.28201902
1223.28201902
1223.28201902
1223.28201902
1223.28201902
1223.28201902
1223.28201902
1223.28201902
1223.28201902
1223.28201902
1223.28201902
1223.28201902
1223.28201902
1223.28201902
1223.28201902
1223.28201902
1223.28201902
1223.28201902
1223.28201902
1223.28201902
1223.28201902
1223.28201902
1223.28201902
1223.28201902
1223.28201902
1223.28201902
1223.28201902
1223.28201902
1223.28201902
1223.28201902
1223.28201902
1223.28201902
1223.28201902
1223.28201902
1223.28201902
1223.28201902
1223.28201902
1223.28201902
1223.28201902
1223.28201902
1223.28201902
1223.28201902
1223.28201902
1223.28201902
1223.28201902
1223.28201902
1223.28201902
1223.28201902
1223.28201902
1223.28201902
1223.28201902
1223.28201902
1223.28201902
1223.28201902
1223.28201902
1223.28201902
1223.28201902
1223.28201902
1223.28201902
1223.28201902
1223.28201902
1223.28201902
1223.28201902
1223.28201902
1223.28201902
1223.28201902
1223.28201902
1223.28201902
1223.28201902
1223.28201902
1223.28201902
1223.28201902
1223.28201902
1223.28201902
1223.28201902
1223.28201902
1223.28201902
1223.28201902
1223.28201902
1223.28201902
1223.28201902
1223.28201902
1223.28201902
1223.28201902
1223.28201902
1223.28201902
1223.28201902
1223.28201902
1223.28201902
1223.28201902
1223.28201902
1223.28201902
1223.28201902
1223.28201902
1223.28201902
1223.28201902
1223.28201902
1223.28201902
1223.28201902
1223.28201902
1223.28201902
1223.28201902
1223.28201902
1223.28201902
1223.28201902
1223.28201902
1223.28201902
1223.28201902
1223.28201902
1223.28201902
1223.28201902
1223.28201902
1223.28201902
1223.28201902
1223.28201902
1223.28201902
1223.28201902
1223.28201902
1223.28201902
1223.28201902
1223.28201902
1223.28201902
1223.28201902
1223.28201902
1223.28201902
1223.28201902
1223.28201902
1223.28201902
1223.28201902
1223.28201902
1223.28201902
1223.28201902
1223.28201902
1223.28201902
1223.28201902
1223.28201902
1223.28201902
1223.28201902
1223.28201902
1223.28201902
1223.28201902
1223.28201902
1223.28201902
1223.28201902
1223.28201902
1223.28201902
1223.28201902
1223.28201902
1223.28201902
1223.28201902
1223.28201902
1223.28201902
1223.28201902
1223.28201902
1223.28201902
1223.28201902
1223.28201902
1223.28201902
1223.28201902
1223.28201902
1223.28201902
1223.28201902
1223.28201902
1223.28201902
1223.28201902
1223.28201902
1223.28201902
1223.28201902
1223.28201902
1223.28201902
1223.28201902
1223.28201902
1223.28201902
1223.28201902
1223.28201902
1223.28201902
1223.28201902
1223.28201902
1223.28201902
1223.28201902
1223.28201902
1223.28201902
1223.28201902
1223.28201902
1223.28201902
1223.28201902
1223.28201902
1223.28201902
1223.28201902
1223.28201902
1223.28201902
1223.28201902
1223.28201902
1223.28201902
1223.28201902
1223.28201902
1223.28201902
1223.28201902
1223.28201902
1223.28201902
1223.28201902
1223.28201902
1223.28201902
1223.28201902
1223.28201902
1223.28201902
1223.28201902
1223.28201902
1223.28201902
1223.28201902
1223.28201902
1223.28201902
1223.28201902
1223.28201902
1223.28201902
1223.28201902
1223.28201902
1223.28201902
1223.28201902
1223.28201902
1223.28201902
1223.28201902
1223.28201902
1223.28201902
1223.28201902
1223.28201902
1223.28201902
1223.28201902
1223.28201902
1223.28201902
1223.28201902
1223.28201902
1223.28201902
1223.28201902
1223.28201902
1223.28201902
1223.28201902
1223.28201902
1223.28201902
1223.28201902
1223.28201902
1223.28201902
1223.28201902
1223.28201902
1223.28201902
1223.28201902
1223.28201902
1223.28201902
1223.28201902
1223.28201902
1223.28201902
1223.28201902
1223.28201902
1223.28201902
1223.28201902
1223.28201902
1223.28201902
1223.28201902
1223.28201902
1223.28201902
1223.28201902
1223.28201902
1223.28201902
1223.28201902
1223.28201902
1223.28201902
1223.28201902
1223.28201902
1223.28201902
1223.28201902
1223.28201902
1223.28201902
1223.28201902
1223.28201902
1223.28201902
1223.28201902
1223.28201902
1223.28201902
1223.28201902
1223.28201902
1223.28201902
1223.28201902
1223.28201902
1223.28201902
1223.28201902
1223.28201902
1223.28201902
1223.28201902
1223.28201902
1223.28201902
1223.28201902
1223.28201902
1223.28201902
1223.28201902
1223.28201902
1223.28201902
1223.28201902
1223.28201902
1223.28201902
1223.28201902
1223.28201902
1223.28201902
1223.28201902
1223.28201902
1223.28201902
1223.28201902
1223.28201902
1223.28201902
1223.28201902
1223.28201902
1223.28201902
1223.28201902
1223.28201902
1223.28201902
1223.28201902
1223.28201902
1223.28201902
1223.28201902
1223.28201902
1223.28201902
1223.28201902
1223.28201902
1223.28201902
1223.28201902
1223.28201902
1223.28201902
1223.28201902
1223.28201902
1223.28201902
1223.28201902
1223.28201902
1223.28201902
1223.28201902
1223.28201902
1223.28201902
1223.28201902
1223.28201902
1223.28201902
1223.28201902
1223.28201902
1223.28201902
1223.28201902
1223.28201902
1223.28201902
1223.28201902
1223.28201902
1223.28201902
1223.28201902
1223.28201902
1223.28201902
1223.28201902
1223.28201902
1223.28201902
1223.28201902
1223.28201902
1223.28201902
1223.28201902
1223.28201902
1223.28201902
1223.28201902
1223.28201902
1223.28201902
1223.28201902
1223.28201902
1223.28201902
1223.28201902
1223.28201902
1223.28201902
1223.28201902
1223.28201902
1223.28201902
1223.28201902
1223.28201902
1223.28201902
1223.28201902
1223.28201902
1223.28201902
1223.28201902
1223.28201902
1223.28201902
1223.28201902
1223.28201902
1223.28201902
1223.28201902
1223.28201902
1223.28201902
1223.28201902
1223.28201902
1223.28201902
1223.28201902
1223.28201902
1223.28201902
1223.28201902
1223.28201902
1223.28201902
1223.28201902
1223.28201902
1223.28201902
1223.28201902
1223.28201902
1223.28201902
1223.28201902
1223.28201902
1223.28201902
1223.28201902
1223.28201902
1223.28201902
1223.28201902
1223.28201902
1223.28201902
1223.28201902
1223.28201902
1223.28201902
1223.28201902
1223.28201902
1223.28201902
1223.28201902
1223.28201902
1223.28201902
1223.28201902
1223.28201902
1223.28201902
1223.28201902
1223.28201902
1223.28201902
1223.28201902
1223.28201902
1223.28201902
1223.28201902
1223.28201902
1223.28201902
1223.28201902
1223.28201902
1223.28201902
1223.28201902
1223.28201902
1223.28201902
1223.28201902
1223.28201902
1223.28201902
1223.28201902
1223.28201902
1223.28201902
1223.28201902
1223.28201902
1223.28201902
1223.28201902
1223.28201902
1223.28201902
1223.28201902
1223.28201902
1223.28201902
1223.28201902
1223.28201902
1223.28201902
1223.28201902
1223.28201902
1223.28201902
1223.28201902
1223.28201902
1223.28201902
1223.28201902
1223.28201902
1223.28201902
1223.28201902
1223.28201902
1223.28201902
1223.28201902
1223.28201902
1223.28201902
1223.28201902
1223.28201902
1223.28201902
1223.28201902
1223.28201902
1223.28201902
1223.28201902
1223.28201902
1223.28201902
1223.28201902
1223.28201902
1223.28201902
1223.28201902
1223.28201902
1223.28201902
1223.28201902
1223.28201902
1223.28201902
1223.28201902
1223.28201902
1223.28201902
1223.28201902
1223.28201902
1223.28201902
1223.28201902
1223.28201902
1223.28201902
1223.28201902
1223.28201902
1223.28201902
1223.28201902
1223.28201902
1223.28201902
1223.28201902
1223.28201902
1223.28201902
1223.28201902
1223.28201902
1223.28201902
1223.28201902
1223.28201902
1223.28201902
1223.28201902
1223.28201902
1223.28201902
1223.28201902
1223.28201902
1223.28201902
1223.28201902
1223.28201902
1223.28201902
1223.28201902
1223.28201902
1223.28201902
1223.28201902
1223.28201902
1223.28201902
1223.28201902
1223.28201902
1223.28201902
1223.28201902
1223.28201902
1223.28201902
1223.28201902
1223.28201902
1223.28201902
1223.28201902
1223.28201902
1223.28201902
1223.28201902
1223.28201902
1223.28201902
1223.28201902
1223.28201902
1223.28201902
1223.28201902
1223.28201902
1223.28201902
1223.28201902
1223.28201902
1223.28201902
