1523.77522994
1484.78767233
1484.78767233
1480.05820885
1460.39006686
1460.39006686
1460.39006686
1435.0884678
1435.0884678
1435.0884678
1373.98553303
1358.70886063
1311.92389152
1311.92389152
1311.92389152
1311.92389152
1311.92389152
1311.92389152
1311.92389152
1311.92389152
1298.57916928
1282.85585205
1282.85585205
1282.85585205
1282.85585205
1282.85585205
1277.0502627
1277.0502627
1277.0502627
1277.0502627
1277.01614622
1247.02864375
1247.02864375
1247.02864375
1247.02864375
1247.02864375
1247.02864375
1247.02864375
1247.02864375
1247.02864375
1247.02864375
1247.02864375
1247.02864375
1247.02864375
1247.02864375
1247.02864375
1247.02864375
1247.02864375
1247.02864375
1247.02864375
1247.02864375
1246.39733318
1246.39733318
1246.39733318
1246.39733318
1246.39733318
1246.39733318
1245.5958272
1245.5958272
1245.5958272
1245.5958272
1245.5958272
1245.5958272
1245.5958272
1245.5958272
1245.5958272
1245.5958272
1245.5958272
1245.5958272
1245.5958272
1245.5958272
1242.06165951
1242.06165951
1242.06165951
1236.42383338
1236.42383338
1236.42383338
1236.42383338
1236.42383338
1236.42383338
1236.42383338
1236.42383338
1236.42383338
1232.9126107
1232.9126107
1231.83027198
1231.83027198
1231.83027198
1231.83027198
1231.83027198
1231.83027198
1231.83027198
1231.7829245
1231.7829245
1231.7829245
1231.7829245
1224.10919488
1224.10919488
1224.10919488
1224.10919488
1224.10919488
1224.10919488
1224.10919488
1224.10919488
1224.10919488
1224.10919488
1224.10919488
1224.10919488
1224.10919488
1224.10919488
1224.10919488
1224.10919488
1224.10919488
1224.10919488
1224.10919488
1224.10919488
1224.10919488
1224.10919488
1224.10919488
1224.10919488
1224.10919488
1224.10919488
1224.10919488
1224.10919488
1224.10919488
1224.10919488
1224.10919488
1224.10919488
1224.10919488
1224.10919488
1224.10919488
1224.10919488
1224.10919488
1224.10919488
1224.10919488
1224.10919488
1224.10919488
1224.10919488
1224.10919488
1224.10919488
1224.10919488
1222.97270976
1222.97270976
1212.16168682
1212.16168682
1212.16168682
1212.16168682
1212.16168682
1212.16168682
1212.16168682
1212.16168682
1212.16168682
1212.16168682
1212.16168682
1212.16168682
1212.16168682
1212.16168682
1212.16168682
1212.16168682
1212.16168682
1212.16168682
1212.16168682
1212.16168682
1212.16168682
1212.16168682
1212.16168682
1212.16168682
1212.16168682
1212.16168682
1212.16168682
1212.16168682
1212.16168682
1212.16168682
1212.16168682
1212.16168682
1212.16168682
1212.16168682
1212.16168682
1212.16168682
1212.16168682
1212.16168682
1212.16168682
1212.16168682
1212.16168682
1212.16168682
1212.16168682
1212.16168682
1212.16168682
1212.16168682
1212.16168682
1212.16168682
1212.16168682
1212.16168682
1212.16168682
1212.16168682
1212.16168682
1212.16168682
1212.16168682
1212.16168682
1212.16168682
1212.16168682
1212.16168682
1212.16168682
1212.16168682
1212.16168682
1212.16168682
1212.16168682
1212.16168682
1212.16168682
1212.16168682
1212.16168682
1212.16168682
1212.16168682
1212.16168682
1212.16168682
1212.16168682
1212.16168682
1212.16168682
1212.16168682
1212.16168682
1212.16168682
1212.16168682
1212.16168682
1212.16168682
1212.16168682
1212.16168682
1212.16168682
1212.16168682
1212.16168682
1212.16168682
1212.16168682
1212.16168682
1212.16168682
1212.16168682
1212.16168682
1212.16168682
1212.16168682
1212.16168682
1212.16168682
1212.16168682
1212.16168682
1212.16168682
1212.16168682
1212.16168682
1212.16168682
1212.16168682
1212.16168682
1212.16168682
1212.16168682
1212.16168682
1212.16168682
1212.16168682
1212.16168682
1212.16168682
1212.16168682
1212.16168682
1212.16168682
1212.16168682
1212.16168682
1212.16168682
1212.16168682
1212.16168682
1212.16168682
1212.16168682
1212.16168682
1212.16168682
1212.16168682
1212.16168682
1212.16168682
1212.16168682
1212.16168682
1212.16168682
1212.16168682
1212.16168682
1212.16168682
1212.16168682
1212.16168682
1212.16168682
1212.16168682
1212.16168682
1212.16168682
1212.16168682
1212.16168682
1212.16168682
1212.16168682
1212.16168682
1212.16168682
1212.16168682
1212.16168682
1212.16168682
1212.16168682
1212.16168682
1212.16168682
1212.16168682
1212.16168682
1212.16168682
1212.16168682
1212.16168682
1212.16168682
1212.16168682
1212.16168682
1212.16168682
1212.16168682
1212.16168682
1212.16168682
1212.16168682
1212.16168682
1212.16168682
1212.16168682
1212.16168682
1212.16168682
1212.16168682
1212.16168682
1212.16168682
1212.16168682
1212.16168682
1212.16168682
1212.16168682
1212.16168682
1212.16168682
1212.16168682
1212.16168682
1212.16168682
1212.16168682
1212.16168682
1212.16168682
1212.16168682
1212.16168682
1212.16168682
1212.16168682
1212.16168682
1204.12701685
1204.12701685
1204.12701685
1204.12701685
1204.12701685
1204.12701685
1204.12701685
1204.12701685
1204.12701685
1204.12701685
1204.12701685
1204.12701685
1204.12701685
1204.12701685
1204.12701685
1204.12701685
1204.12701685
1204.12701685
1204.12701685
1204.12701685
1204.12701685
1204.12701685
1204.12701685
1204.12701685
1204.12701685
1204.12701685
1204.12701685
1204.12701685
1204.12701685
1204.12701685
1204.12701685
1204.12701685
1204.12701685
1204.12701685
1204.12701685
1204.12701685
1204.12701685
1204.12701685
1204.12701685
1204.12701685
1204.12701685
1204.12701685
1204.12701685
1204.12701685
1204.12701685
1204.12701685
1204.12701685
1204.12701685
1204.12701685
1204.12701685
1204.12701685
1204.12701685
1204.12701685
1204.12701685
1204.12701685
1204.12701685
1204.12701685
1204.12701685
1204.12701685
1204.12701685
1204.12701685
1204.12701685
1204.12701685
1204.12701685
1204.12701685
1204.12701685
1204.12701685
1204.12701685
1204.12701685
1204.12701685
1204.12701685
1204.12701685
1204.12701685
1204.12701685
1204.12701685
1204.12701685
1204.12701685
1204.12701685
1204.12701685
1204.12701685
1204.12701685
1204.12701685
1204.12701685
1204.12701685
1204.12701685
1204.12701685
1204.12701685
1204.12701685
1204.12701685
1204.12701685
1204.12701685
1204.12701685
1204.12701685
1204.12701685
1204.12701685
1204.12701685
1204.12701685
1204.12701685
1204.12701685
1204.12701685
1204.12701685
1204.12701685
1204.12701685
1204.12701685
1204.12701685
1204.12701685
1204.12701685
1204.12701685
1204.12701685
1204.12701685
1204.12701685
1204.12701685
1204.12701685
1204.12701685
1204.12701685
1204.12701685
1204.12701685
1204.12701685
1204.12701685
1204.12701685
1204.12701685
1204.12701685
1204.12701685
1204.12701685
1204.12701685
1204.12701685
1204.12701685
1204.12701685
1204.12701685
1204.12701685
1204.12701685
1204.12701685
1204.12701685
1204.12701685
1204.12701685
1204.12701685
1204.12701685
1204.12701685
1204.12701685
1204.12701685
1204.12701685
1204.12701685
1204.12701685
1204.12701685
1204.12701685
1204.12701685
1204.12701685
1204.12701685
1204.12701685
1204.12701685
1204.12701685
1204.12701685
1204.12701685
1204.12701685
1204.12701685
1204.12701685
1204.12701685
1204.12701685
1204.12701685
1204.12701685
1204.12701685
1204.12701685
1204.12701685
1204.12701685
1204.12701685
1204.12701685
1204.12701685
1204.12701685
1204.12701685
1204.12701685
1204.12701685
1204.12701685
1204.12701685
1204.12701685
1204.12701685
1204.12701685
1204.12701685
1204.12701685
1204.12701685
1204.12701685
1204.12701685
1204.12701685
1204.12701685
1204.12701685
1204.12701685
1204.12701685
1204.12701685
1204.12701685
1204.12701685
1204.12701685
1204.12701685
1204.12701685
1204.12701685
1204.12701685
1204.12701685
1204.12701685
1204.12701685
1204.12701685
1204.12701685
1204.12701685
1204.12701685
1204.12701685
1204.12701685
1204.12701685
1204.12701685
1204.12701685
1204.12701685
1204.12701685
1204.12701685
1204.12701685
1204.12701685
1204.12701685
1204.12701685
1204.12701685
1204.12701685
1204.12701685
1204.12701685
1204.12701685
1204.12701685
1204.12701685
1204.12701685
1204.12701685
1204.12701685
1204.12701685
1204.12701685
1204.12701685
1204.12701685
1204.12701685
1204.12701685
1204.12701685
1204.12701685
1204.12701685
1204.12701685
1204.12701685
1204.12701685
1204.12701685
1204.12701685
1204.12701685
1204.12701685
1204.12701685
1204.12701685
1204.12701685
1204.12701685
1204.12701685
1204.12701685
1204.12701685
1204.12701685
1204.12701685
1204.12701685
1204.12701685
1204.12701685
1204.12701685
1204.12701685
1204.12701685
1204.12701685
1204.12701685
1204.12701685
1204.12701685
1204.12701685
1204.12701685
1204.12701685
1204.12701685
1204.12701685
1204.12701685
1204.12701685
1204.12701685
1204.12701685
1204.12701685
1204.12701685
1204.12701685
1204.12701685
1204.12701685
1204.12701685
1204.12701685
1204.12701685
1204.12701685
1204.12701685
1204.12701685
1204.12701685
1204.12701685
1204.12701685
1204.12701685
1204.12701685
1204.12701685
1204.12701685
1204.12701685
1204.12701685
1204.12701685
1204.12701685
1204.12701685
1204.12701685
1204.12701685
1204.12701685
1204.12701685
1204.12701685
1204.12701685
1204.12701685
1204.12701685
1204.12701685
1204.12701685
1204.12701685
1204.12701685
1204.12701685
1204.12701685
1204.12701685
1204.12701685
1204.12701685
1204.12701685
1204.12701685
1204.12701685
1204.12701685
1204.12701685
1204.12701685
1204.12701685
1204.12701685
1204.12701685
1204.12701685
1204.12701685
1204.12701685
1204.12701685
1204.12701685
1204.12701685
1204.12701685
1204.12701685
1204.12701685
1204.12701685
1204.12701685
1204.12701685
1204.12701685
1204.12701685
1204.12701685
1204.12701685
1204.12701685
1204.12701685
1204.12701685
1204.12701685
1204.12701685
1204.12701685
1204.12701685
1204.12701685
1204.12701685
1204.12701685
1204.12701685
1204.12701685
1204.12701685
1204.12701685
1204.12701685
1204.12701685
1204.12701685
1204.12701685
1204.12701685
1204.12701685
1204.12701685
1204.12701685
1204.12701685
1204.12701685
1204.12701685
1204.12701685
1204.12701685
1204.12701685
1204.12701685
1204.12701685
1204.12701685
1204.12701685
1204.12701685
1204.12701685
1204.12701685
1204.12701685
1204.12701685
1204.12701685
1204.12701685
1204.12701685
1204.12701685
1204.12701685
1204.12701685
1204.12701685
1204.12701685
1204.12701685
1204.12701685
1204.12701685
1204.12701685
1204.12701685
1204.12701685
1204.12701685
1204.12701685
1204.12701685
1204.12701685
1204.12701685
1204.12701685
1204.12701685
1204.12701685
1204.12701685
1204.12701685
1204.12701685
1204.12701685
1204.12701685
1204.12701685
1204.12701685
1204.12701685
1204.12701685
1204.12701685
1204.12701685
1204.12701685
1204.12701685
1204.12701685
1204.12701685
1204.12701685
1204.12701685
1204.12701685
1204.12701685
1204.12701685
1204.12701685
1204.12701685
1204.12701685
1204.12701685
1204.12701685
1204.12701685
1204.12701685
1204.12701685
1204.12701685
1204.12701685
1204.12701685
1204.12701685
1204.12701685
1204.12701685
1204.12701685
1204.12701685
1204.12701685
1204.12701685
1204.12701685
1204.12701685
1204.12701685
1204.12701685
1204.12701685
1204.12701685
1204.12701685
1204.12701685
1204.12701685
1204.12701685
1204.12701685
1204.12701685
1204.12701685
1204.12701685
1204.12701685
1204.12701685
1204.12701685
1204.12701685
1204.12701685
1204.12701685
1204.12701685
1204.12701685
1204.12701685
1204.12701685
1204.12701685
1204.12701685
1204.12701685
1204.12701685
1204.12701685
1204.12701685
1204.12701685
1204.12701685
1204.12701685
1204.12701685
1204.12701685
1204.12701685
1204.12701685
1204.12701685
1204.12701685
1204.12701685
1204.12701685
1204.12701685
1204.12701685
1204.12701685
1204.12701685
1204.12701685
1204.12701685
1204.12701685
1204.12701685
1204.12701685
1204.12701685
1204.12701685
1204.12701685
1204.12701685
1204.12701685
1204.12701685
1204.12701685
1204.12701685
1204.12701685
1204.12701685
1204.12701685
1204.12701685
1204.12701685
1204.12701685
1204.12701685
1204.12701685
1204.12701685
1204.12701685
1204.12701685
1204.12701685
1204.12701685
1204.12701685
1204.12701685
1204.12701685
1204.12701685
1204.12701685
1204.12701685
1204.12701685
1204.12701685
1204.12701685
1204.12701685
1204.12701685
1204.12701685
1204.12701685
1204.12701685
1204.12701685
1204.12701685
1204.12701685
1204.12701685
1204.12701685
1204.12701685
1204.12701685
1204.12701685
1204.12701685
1204.12701685
1204.12701685
1204.12701685
1204.12701685
1204.12701685
1204.12701685
1204.12701685
1204.12701685
1204.12701685
1204.12701685
1204.12701685
1204.12701685
1204.12701685
1204.12701685
1204.12701685
1204.12701685
1204.12701685
1204.12701685
1204.12701685
1204.12701685
1204.12701685
1204.12701685
1204.12701685
1204.12701685
1204.12701685
1204.12701685
1204.12701685
1204.12701685
1204.12701685
1204.12701685
1204.12701685
1204.12701685
1204.12701685
1204.12701685
1204.12701685
1204.12701685
1204.12701685
1204.12701685
1204.12701685
1204.12701685
1204.12701685
1204.12701685
1204.12701685
1204.12701685
1204.12701685
1204.12701685
1204.12701685
1204.12701685
1204.12701685
1204.12701685
1204.12701685
1204.12701685
1204.12701685
1204.12701685
1204.12701685
1204.12701685
1204.12701685
1204.12701685
1204.12701685
1204.12701685
1204.12701685
1204.12701685
1204.12701685
1204.12701685
1204.12701685
1204.12701685
1204.12701685
1204.12701685
1204.12701685
1204.12701685
1204.12701685
1204.12701685
1204.12701685
1204.12701685
1204.12701685
1204.12701685
1204.12701685
1204.12701685
1204.12701685
1204.12701685
1204.12701685
1204.12701685
1204.12701685
1204.12701685
1204.12701685
1204.12701685
1204.12701685
1204.12701685
1204.12701685
1204.12701685
1204.12701685
1204.12701685
1204.12701685
1204.12701685
1204.12701685
1204.12701685
1204.12701685
1204.12701685
1204.12701685
1204.12701685
1204.12701685
1204.12701685
1204.12701685
1204.12701685
1204.12701685
1204.12701685
1204.12701685
1204.12701685
1204.12701685
1204.12701685
1204.12701685
1204.12701685
1204.12701685
1204.12701685
1204.12701685
1204.12701685
1204.12701685
1204.12701685
1204.12701685
1204.12701685
1204.12701685
1204.12701685
1204.12701685
1204.12701685
1204.12701685
1204.12701685
1204.12701685
1204.12701685
1204.12701685
1204.12701685
1204.12701685
1204.12701685
1204.12701685
1204.12701685
1204.12701685
1204.12701685
1204.12701685
1204.12701685
1204.12701685
1204.12701685
1204.12701685
1204.12701685
1204.12701685
1204.12701685
1204.12701685
1204.12701685
