1469.115908
1469.115908
1467.19336996
1458.03003569
1458.03003569
1458.03003569
1427.35010705
1427.35010705
1413.1064269
1413.1064269
1402.71830452
1402.71830452
1402.71830452
1402.71830452
1402.71830452
1386.88444463
1386.62190385
1377.83672989
1370.55855385
1370.55855385
1355.92896656
1351.88503734
1351.28807457
1345.23909945
1341.77344134
1302.65231488
1302.49994949
1302.49994949
1302.49994949
1302.49994949
1302.49994949
1302.49994949
1302.49994949
1302.49994949
1302.49994949
1296.67759002
1292.2769938
1292.2769938
1292.2069083
1287.54982173
1287.54982173
1287.54982173
1286.79181463
1282.47140872
1282.47140872
1282.47140872
1280.18503396
1277.38824946
1277.38824946
1277.38824946
1277.38824946
1277.38824946
1277.38824946
1277.38824946
1277.38824946
1277.38824946
1275.98338024
1275.98338024
1272.49822095
1272.49822095
1272.49822095
1272.49822095
1272.49822095
1272.49822095
1272.49822095
1272.49822095
1272.49822095
1272.49822095
1272.49822095
1272.49822095
1272.49822095
1272.49822095
1272.49822095
1272.49822095
1271.63152533
1266.89674669
1265.95524719
1265.95524719
1265.95524719
1265.95524719
1265.95524719
1265.95524719
1265.95524719
1265.95524719
1265.95524719
1263.61864433
1263.61864433
1263.61864433
1263.61864433
1263.61864433
1258.63047525
1258.63047525
1258.63047525
1258.63047525
1258.63047525
1255.81741156
1255.81741156
1255.81741156
1255.81741156
1255.81741156
1255.81741156
1255.81741156
1255.81741156
1255.81741156
1255.81741156
1255.81741156
1255.81741156
1255.81741156
1255.81741156
1255.81741156
1255.81741156
1255.81741156
1255.81741156
1255.81741156
1255.81741156
1255.81741156
1255.81741156
1255.81741156
1255.81741156
1255.81741156
1255.81741156
1255.81741156
1255.81741156
1255.81741156
1255.81741156
1255.81741156
1255.81741156
1255.81741156
1255.81741156
1255.81741156
1255.81741156
1255.81741156
1255.81741156
1255.81741156
1255.81741156
1255.81741156
1255.81741156
1255.81741156
1255.81741156
1255.81741156
1255.81741156
1255.81741156
1255.81741156
1255.81741156
1255.81741156
1255.81741156
1255.81741156
1255.81741156
1255.81741156
1255.81741156
1255.81741156
1255.81741156
1255.81741156
1255.81741156
1255.81741156
1255.81741156
1255.81741156
1255.81741156
1255.81741156
1255.81741156
1255.81741156
1255.81741156
1255.81741156
1255.81741156
1255.81741156
1255.81741156
1255.81741156
1255.81741156
1255.81741156
1255.81741156
1255.81741156
1255.81741156
1255.81741156
1255.81741156
1255.81741156
1255.81741156
1255.81741156
1255.81741156
1255.81741156
1255.81741156
1255.81741156
1255.81741156
1255.81741156
1255.81741156
1255.81741156
1255.81741156
1255.81741156
1255.81741156
1255.81741156
1255.81741156
1255.81741156
1255.81741156
1255.81741156
1255.81741156
1255.81741156
1255.81741156
1255.81741156
1255.81741156
1255.81741156
1255.81741156
1255.81741156
1255.81741156
1255.81741156
1255.81741156
1255.81741156
1255.81741156
1255.81741156
1255.81741156
1255.56288509
1255.56288509
1255.56288509
1255.56288509
1255.56288509
1255.56288509
1255.56288509
1255.56288509
1255.56288509
1255.56288509
1255.56288509
1255.56288509
1255.56288509
1255.56288509
1255.56288509
1255.56288509
1255.56288509
1255.56288509
1255.56288509
1255.56288509
1255.56288509
1255.56288509
1255.56288509
1255.56288509
1255.56288509
1255.56288509
1255.56288509
1255.56288509
1255.56288509
1255.56288509
1255.56288509
1255.56288509
1255.56288509
1255.56288509
1255.56288509
1255.56288509
1255.56288509
1255.56288509
1255.56288509
1255.56288509
1255.56288509
1255.56288509
1255.56288509
1255.56288509
1255.56288509
1255.56288509
1255.56288509
1255.56288509
1255.56288509
1255.56288509
1255.56288509
1255.56288509
1255.56288509
1255.56288509
1255.56288509
1255.56288509
1255.56288509
1255.56288509
1255.56288509
1255.56288509
1255.56288509
1255.56288509
1255.56288509
1255.56288509
1255.56288509
1255.56288509
1255.56288509
1255.56288509
1255.56288509
1255.56288509
1255.56288509
1255.56288509
1255.56288509
1255.56288509
1255.56288509
1255.56288509
1255.56288509
1255.56288509
1255.56288509
1255.56288509
1255.56288509
1255.56288509
1255.56288509
1255.56288509
1255.56288509
1255.56288509
1255.56288509
1255.56288509
1255.56288509
1255.56288509
1255.56288509
1255.56288509
1255.56288509
1255.56288509
1255.56288509
1255.56288509
1255.56288509
1255.56288509
1255.56288509
1255.56288509
1255.56288509
1255.56288509
1255.56288509
1255.56288509
1255.56288509
1255.56288509
1255.56288509
1255.56288509
1255.56288509
1255.56288509
1255.56288509
1255.56288509
1255.56288509
1255.56288509
1255.56288509
1255.56288509
1255.56288509
1255.56288509
1255.56288509
1255.56288509
1255.56288509
1255.56288509
1255.56288509
1255.56288509
1255.56288509
1255.56288509
1255.56288509
1255.56288509
1255.56288509
1255.56288509
1255.56288509
1255.56288509
1255.56288509
1255.56288509
1255.56288509
1255.56288509
1255.56288509
1255.56288509
1255.56288509
1255.56288509
1255.56288509
1255.56288509
1255.56288509
1255.56288509
1255.56288509
1255.56288509
1255.56288509
1255.56288509
1255.56288509
1255.56288509
1255.56288509
1255.56288509
1255.56288509
1255.56288509
1255.56288509
1255.56288509
1255.56288509
1255.56288509
1255.56288509
1255.56288509
1255.56288509
1255.56288509
1255.56288509
1255.56288509
1255.56288509
1255.56288509
1255.56288509
1255.56288509
1255.56288509
1255.56288509
1255.56288509
1255.56288509
1255.56288509
1255.56288509
1255.56288509
1255.56288509
1255.56288509
1255.56288509
1255.56288509
1255.56288509
1255.56288509
1255.56288509
1255.56288509
1255.56288509
1255.56288509
1255.56288509
1255.56288509
1255.56288509
1255.56288509
1255.56288509
1255.56288509
1255.56288509
1255.56288509
1255.56288509
1255.56288509
1255.56288509
1255.56288509
1255.56288509
1255.56288509
1255.56288509
1255.56288509
1255.56288509
1255.56288509
1255.56288509
1255.56288509
1255.56288509
1255.56288509
1255.56288509
1255.56288509
1255.56288509
1255.56288509
1255.56288509
1255.56288509
1255.56288509
1255.56288509
1255.56288509
1255.56288509
1255.56288509
1255.56288509
1255.56288509
1255.56288509
1255.56288509
1255.56288509
1255.56288509
1255.56288509
1255.56288509
1255.56288509
1255.56288509
1255.56288509
1255.56288509
1255.56288509
1255.56288509
1255.56288509
1255.56288509
1255.56288509
1255.56288509
1255.56288509
1255.56288509
1255.56288509
1255.56288509
1255.56288509
1255.56288509
1255.56288509
1255.56288509
1255.56288509
1255.56288509
1255.56288509
1255.56288509
1255.56288509
1255.56288509
1255.56288509
1255.56288509
1255.56288509
1255.56288509
1255.56288509
1255.56288509
1255.56288509
1255.56288509
1255.56288509
1255.56288509
1255.56288509
1255.56288509
1255.56288509
1255.56288509
1255.56288509
1255.56288509
1255.56288509
1255.56288509
1255.56288509
1255.56288509
1255.56288509
1255.56288509
1255.56288509
1255.56288509
1255.56288509
1255.56288509
1255.56288509
1255.56288509
1255.56288509
1255.56288509
1255.56288509
1255.56288509
1255.56288509
1255.56288509
1255.56288509
1255.56288509
1255.56288509
1255.56288509
1255.56288509
1255.56288509
1255.56288509
1255.56288509
1255.56288509
1255.56288509
1255.56288509
1255.56288509
1255.56288509
1255.56288509
1255.56288509
1255.56288509
1255.56288509
1255.56288509
1255.56288509
1255.56288509
1255.56288509
1255.56288509
1255.56288509
1255.56288509
1255.56288509
1255.56288509
1255.56288509
1255.56288509
1255.56288509
1255.56288509
1255.56288509
1255.56288509
1255.56288509
1255.56288509
1255.56288509
1255.56288509
1255.56288509
1255.56288509
1255.56288509
1255.56288509
1255.56288509
1255.56288509
1255.56288509
1255.56288509
1255.56288509
1255.56288509
1255.56288509
1255.56288509
1255.56288509
1255.56288509
1255.56288509
1255.56288509
1255.56288509
1255.56288509
1255.56288509
1255.56288509
1255.56288509
1255.56288509
1255.56288509
1255.56288509
1255.56288509
1255.56288509
1255.56288509
1255.56288509
1255.56288509
1255.56288509
1255.56288509
1255.56288509
1255.56288509
1255.56288509
1255.56288509
1255.56288509
1255.56288509
1255.56288509
1255.56288509
1255.56288509
1255.56288509
1255.56288509
1255.56288509
1255.56288509
1255.56288509
1255.56288509
1255.56288509
1255.56288509
1255.56288509
1255.56288509
1255.56288509
1255.56288509
1255.56288509
1255.56288509
1255.56288509
1255.56288509
1255.56288509
1255.56288509
1255.56288509
1255.56288509
1255.56288509
1255.56288509
1255.56288509
1255.56288509
1255.56288509
1255.56288509
1255.56288509
1255.56288509
1255.56288509
1255.56288509
1255.56288509
1255.56288509
1255.56288509
1255.56288509
1255.56288509
1255.56288509
1255.56288509
1255.56288509
1255.56288509
1255.56288509
1255.56288509
1255.56288509
1255.56288509
1255.56288509
1255.56288509
1255.56288509
1255.56288509
1255.56288509
1255.56288509
1255.56288509
1255.56288509
1255.56288509
1255.56288509
1255.56288509
1255.56288509
1255.56288509
1255.56288509
1255.56288509
1255.56288509
1255.56288509
1255.56288509
1255.56288509
1255.56288509
1255.56288509
1255.56288509
1255.56288509
1255.56288509
1255.56288509
1255.56288509
1255.56288509
1255.56288509
1255.56288509
1255.56288509
1255.56288509
1255.56288509
1255.56288509
1255.56288509
1255.56288509
1255.56288509
1255.56288509
1255.56288509
1255.56288509
1255.56288509
1255.56288509
1255.56288509
1255.56288509
1255.56288509
1255.56288509
1255.56288509
1255.56288509
1255.56288509
1255.56288509
1255.56288509
1255.56288509
1255.56288509
1255.56288509
1255.56288509
1255.56288509
1255.56288509
1255.56288509
1255.56288509
1255.56288509
1255.56288509
1255.56288509
1255.56288509
1255.56288509
1255.56288509
1255.56288509
1255.56288509
1255.56288509
1255.56288509
1255.56288509
1255.56288509
1255.56288509
1255.56288509
1255.56288509
1255.56288509
1255.56288509
1255.56288509
1255.56288509
1255.56288509
1255.56288509
1255.56288509
1255.56288509
1255.56288509
1255.56288509
1255.56288509
1255.56288509
1255.56288509
1255.56288509
1255.56288509
1255.56288509
1255.56288509
1255.56288509
1255.56288509
1255.56288509
1255.56288509
1255.56288509
1255.56288509
1255.56288509
1255.56288509
1255.56288509
1255.56288509
1255.56288509
1255.56288509
1255.56288509
1255.56288509
1255.56288509
1255.56288509
1255.56288509
1255.56288509
1255.56288509
1255.56288509
1255.56288509
1255.56288509
1255.56288509
1255.56288509
1255.56288509
1255.56288509
1255.56288509
1255.56288509
1255.56288509
1255.56288509
1255.56288509
1255.56288509
1255.56288509
1255.56288509
1255.56288509
1255.56288509
1255.56288509
1255.56288509
1255.56288509
1255.56288509
1255.56288509
1255.56288509
1255.56288509
1255.56288509
1255.56288509
1255.56288509
1255.56288509
1255.56288509
1255.56288509
1255.56288509
1255.56288509
1255.56288509
1255.56288509
1255.56288509
1255.56288509
1255.56288509
1255.56288509
1255.56288509
1255.56288509
1255.56288509
1255.56288509
1255.56288509
1255.56288509
1255.56288509
1255.56288509
1255.56288509
1255.56288509
1255.56288509
1255.56288509
1255.56288509
1255.56288509
1255.56288509
1255.56288509
1255.56288509
1255.56288509
1255.56288509
1255.56288509
1255.56288509
1255.56288509
1255.56288509
1255.56288509
1255.56288509
1255.56288509
1255.56288509
1255.56288509
1255.56288509
1255.56288509
1255.56288509
1255.56288509
1255.56288509
1255.56288509
1255.56288509
1255.56288509
1255.56288509
1255.56288509
1255.56288509
1255.56288509
1255.56288509
1255.56288509
1255.56288509
1255.56288509
1255.56288509
1255.56288509
1255.56288509
1255.56288509
1255.56288509
1255.56288509
1255.56288509
1255.56288509
1255.56288509
1255.56288509
1255.56288509
1255.56288509
1255.56288509
1255.56288509
1255.56288509
1255.56288509
1255.56288509
1255.56288509
1255.56288509
1255.56288509
1255.56288509
1255.56288509
1255.56288509
1255.56288509
1255.56288509
1255.56288509
1255.56288509
1255.56288509
1255.56288509
1255.56288509
1255.56288509
1255.56288509
1255.56288509
1255.56288509
1255.56288509
1255.56288509
1255.56288509
1255.56288509
1255.56288509
1255.56288509
1255.56288509
1255.56288509
1255.56288509
1255.56288509
1255.56288509
1255.56288509
1255.56288509
1255.56288509
1255.56288509
1255.56288509
1255.56288509
1255.56288509
1255.56288509
1255.56288509
1255.56288509
1255.56288509
1255.56288509
1255.56288509
1255.56288509
1255.56288509
1255.56288509
1255.56288509
1255.56288509
1255.56288509
1255.56288509
1255.56288509
1255.56288509
1255.56288509
1255.56288509
1255.56288509
1255.56288509
1255.56288509
1255.56288509
1255.56288509
1255.56288509
1255.56288509
1255.56288509
1255.56288509
1255.56288509
1255.56288509
1255.56288509
1255.56288509
1255.56288509
1255.56288509
1255.56288509
1255.56288509
1255.56288509
1255.56288509
1255.56288509
1255.56288509
1255.56288509
1255.56288509
1255.56288509
1255.56288509
1255.56288509
1255.56288509
1255.56288509
1255.56288509
1255.56288509
1255.56288509
1255.56288509
1255.56288509
1255.56288509
1255.56288509
1255.56288509
1255.56288509
1255.56288509
1255.56288509
1255.56288509
1255.56288509
1255.56288509
1255.56288509
1255.56288509
1255.56288509
1255.56288509
1255.56288509
1255.56288509
1255.56288509
1255.56288509
1255.56288509
1255.56288509
1255.56288509
1255.56288509
1255.56288509
1255.56288509
1255.56288509
1255.56288509
1255.56288509
1255.56288509
1255.56288509
1255.56288509
1255.56288509
1255.56288509
1255.56288509
1255.56288509
1255.56288509
1255.56288509
1255.56288509
1255.56288509
1255.56288509
1255.56288509
1255.56288509
1255.56288509
1255.56288509
1255.56288509
1255.56288509
1255.56288509
1255.56288509
1255.56288509
1255.56288509
1255.56288509
1255.56288509
1255.56288509
1255.56288509
1255.56288509
1255.56288509
1255.56288509
1255.56288509
1255.56288509
1255.56288509
1255.56288509
1255.56288509
1255.56288509
1255.56288509
1255.56288509
1255.56288509
1255.56288509
1255.56288509
1255.56288509
1255.56288509
1255.56288509
1255.56288509
1255.56288509
1255.56288509
1255.56288509
1255.56288509
1255.56288509
1255.56288509
1255.56288509
1255.56288509
1255.56288509
1255.56288509
1255.56288509
1255.56288509
1255.56288509
1255.56288509
1255.56288509
1255.56288509
1255.56288509
1255.56288509
1255.56288509
1255.56288509
1255.56288509
1255.56288509
1255.56288509
1255.56288509
1255.56288509
1255.56288509
