1538.59449852
1526.42472379
1486.0035948
1486.0035948
1486.0035948
1486.0035948
1464.77028781
1464.77028781
1464.77028781
1433.74185674
1433.74185674
1403.8497222
1403.8497222
1391.37033662
1391.37033662
1391.37033662
1391.37033662
1391.37033662
1353.20897869
1353.20897869
1353.20897869
1353.20897869
1353.20897869
1353.20897869
1353.20897869
1351.92904099
1351.92904099
1350.31419385
1350.31419385
1350.31419385
1350.31419385
1350.31419385
1350.31419385
1350.31419385
1350.31419385
1350.31419385
1350.31419385
1350.31419385
1350.31419385
1350.31419385
1350.31419385
1350.31419385
1350.31419385
1350.31419385
1350.31419385
1348.20206031
1348.20206031
1347.05604232
1347.05604232
1331.96162669
1331.96162669
1331.96162669
1331.96162669
1331.96162669
1331.96162669
1331.96162669
1331.96162669
1331.96162669
1331.96162669
1331.96162669
1328.29013236
1328.29013236
1328.29013236
1324.25926098
1324.25926098
1324.25926098
1324.01712985
1311.94222695
1311.94222695
1311.94222695
1304.16980442
1304.16980442
1296.68264514
1296.68264514
1296.68264514
1296.68264514
1296.68264514
1296.68264514
1296.68264514
1296.68264514
1296.68264514
1289.69992416
1270.8358348
1270.8358348
1270.8358348
1270.8358348
1270.8358348
1270.8358348
1270.8358348
1270.8358348
1270.8358348
1270.8358348
1255.07289268
1255.07289268
1243.41523206
1243.41523206
1243.41523206
1243.41523206
1243.41523206
1243.41523206
1243.41523206
1242.10319771
1242.10319771
1229.98681706
1229.98681706
1229.98681706
1229.98681706
1229.98681706
1229.98681706
1229.98681706
1229.98681706
1229.98681706
1229.98681706
1229.98681706
1229.98681706
1229.47898773
1229.47898773
1229.47898773
1229.47898773
1229.47898773
1229.47898773
1229.47898773
1229.47898773
1229.47898773
1229.47898773
1229.47898773
1229.47898773
1229.47898773
1229.47898773
1224.09029462
1224.09029462
1224.09029462
1224.09029462
1224.09029462
1224.09029462
1224.09029462
1224.09029462
1224.09029462
1224.09029462
1224.09029462
1224.09029462
1224.09029462
1224.09029462
1224.09029462
1224.09029462
1224.09029462
1224.09029462
1224.09029462
1224.09029462
1224.09029462
1224.09029462
1224.09029462
1224.09029462
1224.09029462
1224.09029462
1224.09029462
1224.09029462
1224.09029462
1224.09029462
1224.09029462
1224.09029462
1224.09029462
1224.09029462
1224.09029462
1224.09029462
1224.09029462
1224.09029462
1224.09029462
1224.09029462
1224.09029462
1224.09029462
1224.09029462
1224.09029462
1224.09029462
1224.09029462
1224.09029462
1224.09029462
1224.09029462
1224.09029462
1224.09029462
1224.09029462
1224.09029462
1224.09029462
1224.09029462
1224.09029462
1224.09029462
1224.09029462
1224.09029462
1224.09029462
1224.09029462
1224.09029462
1224.09029462
1224.09029462
1224.09029462
1224.09029462
1224.09029462
1224.09029462
1224.09029462
1224.09029462
1224.09029462
1224.09029462
1224.09029462
1224.09029462
1224.09029462
1224.09029462
1224.09029462
1224.09029462
1224.09029462
1224.09029462
1224.09029462
1224.09029462
1224.09029462
1224.09029462
1224.09029462
1224.09029462
1224.09029462
1224.09029462
1222.56339392
1222.56339392
1222.56339392
1222.56339392
1222.56339392
1222.56339392
1222.56339392
1222.56339392
1222.56339392
1222.56339392
1222.56339392
1222.56339392
1222.56339392
1222.56339392
1222.56339392
1222.56339392
1222.56339392
1221.37600532
1221.37600532
1221.37600532
1221.37600532
1221.0511737
1221.0511737
1221.0511737
1221.0511737
1221.0511737
1221.0511737
1221.0511737
1219.52427301
1219.52427301
1219.52427301
1219.52427301
1219.52427301
1219.52427301
1219.52427301
1219.52427301
1219.52427301
1219.52427301
1219.52427301
1219.52427301
1218.21223865
1218.21223865
1218.21223865
1218.21223865
1218.21223865
1218.21223865
1218.21223865
1218.21223865
1218.21223865
1218.21223865
1218.21223865
1218.21223865
1218.21223865
1218.21223865
1218.21223865
1218.21223865
1218.21223865
1218.21223865
1218.21223865
1218.21223865
1218.21223865
1218.21223865
1218.21223865
1218.21223865
1218.21223865
1218.21223865
1218.21223865
1218.21223865
1218.21223865
1218.21223865
1218.21223865
1218.21223865
1217.11321914
1217.11321914
1217.11321914
1217.11321914
1217.11321914
1217.11321914
1217.11321914
1217.11321914
1217.11321914
1217.11321914
1217.11321914
1217.11321914
1217.11321914
1217.11321914
1217.11321914
1217.11321914
1217.11321914
1217.11321914
1217.11321914
1217.11321914
1217.11321914
1217.11321914
1217.11321914
1217.11321914
1217.11321914
1217.11321914
1217.11321914
1217.11321914
1217.11321914
1217.11321914
1217.11321914
1217.11321914
1217.11321914
1217.11321914
1217.11321914
1217.11321914
1217.11321914
1217.11321914
1217.11321914
1217.11321914
1217.11321914
1217.11321914
1217.11321914
1217.11321914
1217.11321914
1217.11321914
1217.11321914
1217.11321914
1217.11321914
1217.11321914
1217.11321914
1217.11321914
1217.11321914
1217.11321914
1217.11321914
1217.11321914
1217.11321914
1217.11321914
1217.11321914
1217.11321914
1217.11321914
1217.11321914
1217.11321914
1217.11321914
1217.11321914
1217.11321914
1217.11321914
1217.11321914
1217.11321914
1217.11321914
1217.11321914
1217.11321914
1217.11321914
1217.11321914
1217.11321914
1217.11321914
1217.11321914
1217.11321914
1217.11321914
1217.11321914
1217.11321914
1217.11321914
1217.11321914
1217.11321914
1217.11321914
1217.11321914
1217.11321914
1217.11321914
1217.11321914
1217.11321914
1217.11321914
1217.11321914
1217.11321914
1217.11321914
1217.11321914
1217.11321914
1217.11321914
1217.11321914
1217.11321914
1217.11321914
1217.11321914
1217.11321914
1217.11321914
1217.11321914
1217.11321914
1217.11321914
1217.11321914
1217.11321914
1217.11321914
1217.11321914
1217.11321914
1217.11321914
1217.11321914
1217.11321914
1217.11321914
1217.11321914
1217.11321914
1217.11321914
1217.11321914
1217.11321914
1217.11321914
1217.11321914
1217.11321914
1217.11321914
1217.11321914
1217.11321914
1217.11321914
1217.11321914
1217.11321914
1217.11321914
1217.11321914
1217.11321914
1217.11321914
1217.11321914
1217.11321914
1217.11321914
1217.11321914
1217.11321914
1217.11321914
1217.11321914
1217.11321914
1217.11321914
1216.9906436
1216.9906436
1216.9906436
1216.9906436
1216.9906436
1216.9906436
1216.9906436
1216.9906436
1216.9906436
1216.9906436
1216.9906436
1216.9906436
1216.9906436
1216.9906436
1216.9906436
1216.9906436
1216.9906436
1216.9906436
1216.9906436
1216.9906436
1216.9906436
1216.9906436
1216.9906436
1216.9906436
1216.9906436
1216.9906436
1216.9906436
1216.9906436
1216.9906436
1216.9906436
1216.9906436
1216.9906436
1216.9906436
1216.9906436
1216.9906436
1216.9906436
1216.9906436
1216.9906436
1216.9906436
1216.9906436
1216.9906436
1216.9906436
1216.9906436
1216.9906436
1216.9906436
1216.9906436
1216.9906436
1216.9906436
1216.9906436
1216.9906436
1216.9906436
1216.9906436
1216.9906436
1216.9906436
1216.9906436
1216.9906436
1216.9906436
1216.9906436
1216.9906436
1216.9906436
1216.9906436
1216.9906436
1216.9906436
1216.9906436
1216.9906436
1216.9906436
1216.9906436
1216.9906436
1216.9906436
1216.9906436
1216.9906436
1216.9906436
1216.9906436
1216.9906436
1216.9906436
1216.9906436
1216.9906436
1216.9906436
1216.9906436
1216.9906436
1216.9906436
1216.9906436
1216.9906436
1216.9906436
1216.9906436
1216.9906436
1216.9906436
1216.9906436
1216.9906436
1216.9906436
1216.9906436
1216.9906436
1216.9906436
1216.9906436
1216.9906436
1216.9906436
1216.9906436
1216.9906436
1216.9906436
1216.9906436
1216.9906436
1216.9906436
1216.9906436
1216.9906436
1216.9906436
1216.9906436
1216.9906436
1216.9906436
1216.9906436
1216.9906436
1216.9906436
1216.9906436
1216.9906436
1216.9906436
1216.9906436
1216.9906436
1216.9906436
1216.9906436
1216.9906436
1216.9906436
1216.9906436
1216.9906436
1216.9906436
1216.9906436
1216.9906436
1216.9906436
1216.9906436
1216.9906436
1216.9906436
1216.9906436
1216.9906436
1216.9906436
1216.9906436
1216.9906436
1216.9906436
1216.9906436
1216.9906436
1216.9906436
1216.9906436
1216.9906436
1216.9906436
1216.9906436
1216.9906436
1216.9906436
1216.9906436
1216.9906436
1216.9906436
1216.9906436
1216.9906436
1216.9906436
1216.9906436
1216.9906436
1216.9906436
1216.9906436
1216.9906436
1216.9906436
1216.9906436
1216.9906436
1216.9906436
1216.9906436
1216.9906436
1216.9906436
1216.9906436
1216.9906436
1216.9906436
1216.9906436
1216.9906436
1216.9906436
1216.9906436
1216.9906436
1216.9906436
1216.9906436
1216.9906436
1216.9906436
1216.9906436
1216.9906436
1216.9906436
1216.9906436
1216.9906436
1216.9906436
1216.9906436
1216.9906436
1216.9906436
1216.9906436
1216.9906436
1216.9906436
1216.9906436
1216.9906436
1216.9906436
1216.9906436
1216.9906436
1216.9906436
1216.9906436
1216.9906436
1216.9906436
1216.9906436
1216.9906436
1216.9906436
1216.9906436
1216.9906436
1216.9906436
1216.9906436
1216.9906436
1216.9906436
1216.9906436
1216.9906436
1216.9906436
1216.9906436
1216.9906436
1216.9906436
1216.9906436
1216.9906436
1216.9906436
1216.9906436
1216.9906436
1216.9906436
1216.9906436
1216.9906436
1216.9906436
1216.9906436
1216.9906436
1216.9906436
1216.9906436
1216.9906436
1216.9906436
1216.9906436
1216.9906436
1216.9906436
1216.9906436
1216.9906436
1216.9906436
1216.9906436
1216.9906436
1216.9906436
1216.9906436
1216.9906436
1216.9906436
1216.9906436
1216.9906436
1216.9906436
1216.9906436
1216.9906436
1216.9906436
1216.9906436
1216.9906436
1216.9906436
1216.9906436
1216.9906436
1216.9906436
1216.9906436
1216.9906436
1216.9906436
1216.9906436
1216.9906436
1216.9906436
1216.9906436
1216.9906436
1216.9906436
1216.9906436
1216.9906436
1216.9906436
1216.9906436
1216.9906436
1216.9906436
1216.9906436
1216.9906436
1216.9906436
1216.9906436
1216.9906436
1216.9906436
1216.9906436
1216.9906436
1216.9906436
1216.9906436
1216.9906436
1216.9906436
1216.9906436
1216.9906436
1216.9906436
1216.9906436
1216.9906436
1216.9906436
1216.9906436
1216.9906436
1216.9906436
1216.9906436
1216.9906436
1216.9906436
1216.9906436
1216.9906436
1216.9906436
1216.9906436
1216.9906436
1216.9906436
1216.9906436
1216.9906436
1216.9906436
1216.9906436
1216.9906436
1216.9906436
1216.9906436
1216.9906436
1216.9906436
1216.9906436
1216.9906436
1216.9906436
1216.9906436
1216.9906436
1216.9906436
1216.9906436
1216.9906436
1216.9906436
1216.9906436
1216.9906436
1216.9906436
1216.9906436
1216.9906436
1216.9906436
1216.9906436
1216.9906436
1216.9906436
1216.9906436
1216.9906436
1216.9906436
1216.9906436
1216.9906436
1216.9906436
1216.9906436
1216.9906436
1216.9906436
1216.9906436
1216.9906436
1216.9906436
1216.9906436
1216.9906436
1216.9906436
1216.9906436
1216.9906436
1216.9906436
1216.9906436
1216.9906436
1216.9906436
1216.9906436
1216.9906436
1216.9906436
1216.9906436
1216.9906436
1216.9906436
1216.9906436
1216.9906436
1216.9906436
1216.9906436
1216.9906436
1216.9906436
1216.9906436
1216.9906436
1216.9906436
1216.9906436
1216.9906436
1216.9906436
1216.9906436
1216.9906436
1216.9906436
1216.9906436
1216.9906436
1216.9906436
1216.9906436
1216.9906436
1216.9906436
1216.9906436
1216.9906436
1216.9906436
1216.9906436
1216.9906436
1216.9906436
1216.9906436
1216.9906436
1216.9906436
1216.9906436
1216.9906436
1216.9906436
1216.9906436
1216.9906436
1216.9906436
1216.9906436
1216.9906436
1216.9906436
1216.9906436
1216.9906436
1216.9906436
1216.9906436
1216.9906436
1216.9906436
1216.9906436
1216.9906436
1216.9906436
1216.9906436
1216.9906436
1216.9906436
1216.9906436
1216.9906436
1216.9906436
1216.9906436
1216.9906436
1216.9906436
1216.9906436
1216.9906436
1216.9906436
1216.9906436
1216.9906436
1216.9906436
1216.9906436
1216.9906436
1216.9906436
1216.9906436
1216.9906436
1216.9906436
1216.9906436
1216.9906436
1216.9906436
1216.9906436
1216.9906436
1216.9906436
1216.9906436
1216.9906436
1216.9906436
1216.9906436
1216.9906436
1216.9906436
1216.9906436
1216.9906436
1216.9906436
1216.9906436
1216.9906436
1216.9906436
1216.9906436
1216.9906436
1216.9906436
1216.9906436
1216.9906436
1216.9906436
1216.9906436
1216.9906436
1216.9906436
1216.9906436
1216.9906436
1216.9906436
1216.9906436
1216.9906436
1216.9906436
1216.9906436
1216.9906436
1216.9906436
1216.9906436
1216.9906436
1216.9906436
1216.9906436
1216.9906436
1216.9906436
1216.9906436
1216.9906436
1216.9906436
1216.9906436
1216.9906436
1216.9906436
1216.9906436
1216.9906436
1216.9906436
1216.9906436
1216.9906436
1216.9906436
1216.9906436
1216.9906436
1216.9906436
1216.9906436
1216.9906436
1216.9906436
1216.9906436
1216.9906436
1216.9906436
1216.9906436
1216.9906436
1216.9906436
1216.9906436
1216.9906436
1216.9906436
1216.9906436
1216.9906436
1216.9906436
1216.9906436
1216.9906436
1216.9906436
1216.9906436
1216.9906436
1216.9906436
1216.9906436
1216.9906436
1216.9906436
1216.9906436
1216.9906436
1216.9906436
1216.9906436
1216.9906436
1216.9906436
1216.9906436
1216.9906436
1216.9906436
1216.9906436
1216.9906436
1216.9906436
1216.9906436
1216.9906436
1216.9906436
1216.9906436
1216.9906436
1216.9906436
1216.9906436
1216.9906436
1216.9906436
1216.9906436
1216.9906436
1216.9906436
1216.9906436
1216.9906436
1216.9906436
1216.9906436
1216.9906436
1216.9906436
1216.9906436
1216.9906436
1216.9906436
1216.9906436
1216.9906436
1216.9906436
1216.9906436
1216.9906436
1216.9906436
1216.9906436
1216.9906436
1216.9906436
1216.9906436
1216.9906436
1216.9906436
1216.9906436
1216.9906436
1216.9906436
1216.9906436
1216.9906436
1216.9906436
1216.9906436
1216.9906436
1216.9906436
1216.9906436
1216.9906436
1216.9906436
1216.9906436
1216.9906436
1216.9906436
1216.9906436
1216.9906436
1216.9906436
1216.9906436
1216.9906436
1216.9906436
1216.9906436
1216.9906436
1216.9906436
1216.9906436
1216.9906436
