1466.01819285
1432.72498615
1421.10352057
1421.10352057
1421.10352057
1421.10352057
1421.10352057
1421.10352057
1421.10352057
1388.6318249
1367.52532597
1367.52532597
1367.52532597
1367.52532597
1337.22807724
1337.22807724
1337.22807724
1337.22807724
1335.57977549
1335.57977549
1335.57977549
1335.57977549
1335.57977549
1335.57977549
1322.87562966
1322.87562966
1322.87562966
1322.08197062
1322.08197062
1321.05937808
1321.05937808
1321.05937808
1321.05937808
1321.05937808
1321.05937808
1317.41085924
1314.77551164
1299.45875141
1285.16042068
1285.16042068
1285.16042068
1285.16042068
1283.99186054
1283.99186054
1283.99186054
1283.99186054
1276.49547538
1272.45918784
1269.64612415
1269.64612415
1269.64612415
1269.64612415
1269.64612415
1269.64612415
1269.64612415
1269.64612415
1269.64612415
1269.64612415
1269.64612415
1263.67756165
1263.67756165
1242.25740813
1242.25740813
1242.25740813
1242.25740813
1242.25740813
1242.25740813
1242.25740813
1242.25740813
1242.25740813
1242.25740813
1242.25740813
1242.25740813
1242.25740813
1242.25740813
1242.25740813
1242.25740813
1242.25740813
1242.25740813
1242.25740813
1242.25740813
1242.25740813
1234.94525677
1234.94525677
1234.94525677
1234.94525677
1234.94525677
1234.94525677
1234.94525677
1234.94525677
1234.94525677
1234.94525677
1234.94525677
1234.94525677
1234.94525677
1234.94525677
1234.94525677
1234.94525677
1232.63610689
1232.63610689
1232.63610689
1232.63610689
1232.63610689
1232.63610689
1232.63610689
1229.71816008
1229.71816008
1227.97332348
1227.97332348
1227.97332348
1227.97332348
1227.97332348
1227.97332348
1227.97332348
1227.97332348
1227.97332348
1227.97332348
1227.97332348
1227.97332348
1227.97332348
1227.97332348
1227.97332348
1227.97332348
1227.97332348
1227.97332348
1227.97332348
1227.97332348
1227.97332348
1227.97332348
1227.97332348
1227.97332348
1227.97332348
1226.41091718
1226.41091718
1226.41091718
1226.41091718
1226.27100029
1225.71069253
1225.71069253
1225.71069253
1225.71069253
1225.71069253
1225.71069253
1225.71069253
1225.13923037
1225.13923037
1225.13923037
1225.13923037
1225.13923037
1225.13923037
1225.13923037
1225.13923037
1225.13923037
1225.13923037
1225.13923037
1225.13923037
1225.13923037
1225.13923037
1225.13923037
1225.13923037
1225.13923037
1225.13923037
1225.13923037
1225.13923037
1225.13923037
1225.13923037
1225.13923037
1225.13923037
1225.13923037
1225.13923037
1225.13923037
1225.13923037
1225.13923037
1225.13923037
1225.13923037
1225.13923037
1225.13923037
1225.13923037
1225.13923037
1225.13923037
1225.13923037
1225.13923037
1225.13923037
1225.13923037
1225.13923037
1225.13923037
1225.13923037
1225.13923037
1225.13923037
1225.13923037
1225.13923037
1225.13923037
1225.13923037
1225.13923037
1225.13923037
1225.13923037
1225.13923037
1225.13923037
1225.13923037
1225.13923037
1225.13923037
1225.13923037
1225.13923037
1225.13923037
1225.13923037
1225.13923037
1225.13923037
1225.13923037
1225.13923037
1225.13923037
1225.13923037
1225.13923037
1225.13923037
1225.13923037
1225.13923037
1225.13923037
1225.13923037
1225.13923037
1225.13923037
1225.13923037
1225.13923037
1225.13923037
1225.13923037
1225.13923037
1225.13923037
1225.13923037
1225.13923037
1225.13923037
1225.13923037
1225.13923037
1225.13923037
1225.13923037
1225.13923037
1225.13923037
1225.13923037
1225.13923037
1225.13923037
1225.13923037
1225.13923037
1225.13923037
1225.13923037
1225.13923037
1225.13923037
1225.13923037
1225.13923037
1225.13923037
1225.13923037
1225.13923037
1225.13923037
1225.13923037
1225.13923037
1225.13923037
1225.13923037
1225.13923037
1225.13923037
1225.13923037
1225.13923037
1225.13923037
1225.13923037
1225.13923037
1225.13923037
1225.13923037
1225.13923037
1225.13923037
1225.13923037
1225.13923037
1225.13923037
1225.13923037
1225.13923037
1225.13923037
1225.13923037
1225.13923037
1225.13923037
1225.13923037
1225.13923037
1225.13923037
1225.13923037
1225.13923037
1225.13923037
1225.13923037
1225.13923037
1225.13923037
1225.13923037
1225.13923037
1225.13923037
1225.13923037
1225.13923037
1225.13923037
1225.13923037
1225.13923037
1225.13923037
1225.13923037
1225.13923037
1225.13923037
1225.13923037
1225.13923037
1225.13923037
1225.13923037
1225.13923037
1225.13923037
1225.13923037
1225.13923037
1225.13923037
1225.13923037
1225.13923037
1225.13923037
1225.13923037
1225.13923037
1225.13923037
1225.13923037
1225.13923037
1225.13923037
1225.13923037
1225.13923037
1225.13923037
1225.13923037
1225.13923037
1225.13923037
1225.13923037
1225.13923037
1225.13923037
1225.13923037
1225.13923037
1225.13923037
1225.13923037
1225.13923037
1225.13923037
1225.13923037
1225.13923037
1225.13923037
1225.13923037
1225.13923037
1225.13923037
1225.13923037
1225.13923037
1225.13923037
1225.13923037
1225.13923037
1225.13923037
1225.13923037
1225.13923037
1225.13923037
1225.13923037
1225.13923037
1225.13923037
1225.13923037
1225.13923037
1225.13923037
1225.13923037
1225.13923037
1225.13923037
1225.13923037
1225.13923037
1225.13923037
1225.13923037
1225.13923037
1225.13923037
1225.13923037
1225.13923037
1225.13923037
1225.13923037
1225.13923037
1225.13923037
1225.13923037
1225.13923037
1225.13923037
1225.13923037
1225.13923037
1225.13923037
1225.13923037
1225.13923037
1225.13923037
1225.13923037
1225.13923037
1225.13923037
1225.13923037
1225.13923037
1225.13923037
1225.13923037
1225.13923037
1225.13923037
1225.13923037
1225.13923037
1225.13923037
1225.13923037
1225.13923037
1225.13923037
1225.13923037
1225.13923037
1225.13923037
1225.13923037
1225.13923037
1225.13923037
1225.13923037
1225.13923037
1225.13923037
1225.13923037
1225.13923037
1225.13923037
1225.13923037
1225.13923037
1225.13923037
1225.13923037
1225.13923037
1225.13923037
1225.13923037
1225.13923037
1225.13923037
1225.13923037
1225.13923037
1225.13923037
1225.13923037
1225.13923037
1225.13923037
1225.13923037
1225.13923037
1225.13923037
1225.13923037
1225.13923037
1225.13923037
1225.13923037
1225.13923037
1225.13923037
1225.13923037
1225.13923037
1225.13923037
1225.13923037
1225.13923037
1225.13923037
1225.13923037
1225.13923037
1225.13923037
1225.13923037
1225.13923037
1225.13923037
1225.13923037
1225.13923037
1225.13923037
1225.13923037
1225.13923037
1225.13923037
1225.13923037
1225.13923037
1225.13923037
1225.13923037
1225.13923037
1225.13923037
1225.13923037
1225.13923037
1225.13923037
1225.13923037
1225.13923037
1225.13923037
1225.13923037
1225.13923037
1225.13923037
1225.13923037
1225.13923037
1225.13923037
1225.13923037
1225.13923037
1225.13923037
1225.13923037
1225.13923037
1225.13923037
1225.13923037
1225.13923037
1225.13923037
1225.13923037
1225.13923037
1225.13923037
1225.13923037
1225.13923037
1225.13923037
1225.13923037
1225.13923037
1225.13923037
1225.13923037
1225.13923037
1225.13923037
1225.13923037
1225.13923037
1225.13923037
1225.13923037
1225.13923037
1225.13923037
1225.13923037
1225.13923037
1225.13923037
1225.13923037
1225.13923037
1225.13923037
1225.13923037
1225.13923037
1225.13923037
1225.13923037
1225.13923037
1225.13923037
1225.13923037
1225.13923037
1225.13923037
1225.13923037
1225.13923037
1225.13923037
1225.13923037
1225.13923037
1225.13923037
1225.13923037
1225.13923037
1225.13923037
1225.13923037
1225.13923037
1225.13923037
1225.13923037
1225.13923037
1225.13923037
1225.13923037
1225.13923037
1225.13923037
1225.13923037
1225.13923037
1225.13923037
1225.13923037
1225.13923037
1225.13923037
1225.13923037
1225.13923037
1225.13923037
1225.13923037
1225.13923037
1225.13923037
1225.13923037
1225.13923037
1225.13923037
1225.13923037
1225.13923037
1225.13923037
1225.13923037
1225.13923037
1225.13923037
1225.13923037
1225.13923037
1225.13923037
1225.13923037
1225.13923037
1225.13923037
1225.13923037
1225.13923037
1225.13923037
1225.13923037
1225.13923037
1225.13923037
1225.13923037
1225.13923037
1225.13923037
1225.13923037
1225.13923037
1225.13923037
1225.13923037
1225.13923037
1225.13923037
1225.13923037
1225.13923037
1225.13923037
1225.13923037
1225.13923037
1225.13923037
1225.13923037
1225.13923037
1225.13923037
1225.13923037
1225.13923037
1225.13923037
1225.13923037
1225.13923037
1225.13923037
1225.13923037
1225.13923037
1225.13923037
1225.13923037
1225.13923037
1225.13923037
1225.13923037
1225.13923037
1225.13923037
1225.13923037
1225.13923037
1225.13923037
1225.13923037
1225.13923037
1225.13923037
1225.13923037
1225.13923037
1225.13923037
1225.13923037
1225.13923037
1225.13923037
1225.13923037
1225.13923037
1225.13923037
1225.13923037
1225.13923037
1225.13923037
1225.13923037
1225.13923037
1225.13923037
1225.13923037
1225.13923037
1225.13923037
1225.13923037
1225.13923037
1225.13923037
1225.13923037
1225.13923037
1225.13923037
1225.13923037
1225.13923037
1225.13923037
1225.13923037
1225.13923037
1225.13923037
1225.13923037
1225.13923037
1225.13923037
1225.13923037
1225.13923037
1225.13923037
1225.13923037
1225.13923037
1225.13923037
1225.13923037
1225.13923037
1225.13923037
1225.13923037
1225.13923037
1225.13923037
1225.13923037
1225.13923037
1225.13923037
1225.13923037
1225.13923037
1225.13923037
1225.13923037
1225.13923037
1225.13923037
1225.13923037
1225.13923037
1225.13923037
1225.13923037
1225.13923037
1225.13923037
1225.13923037
1225.13923037
1225.13923037
1225.13923037
1225.13923037
1225.13923037
1225.13923037
1225.13923037
1225.13923037
1225.13923037
1225.13923037
1225.13923037
1225.13923037
1225.13923037
1225.13923037
1225.13923037
1225.13923037
1225.13923037
1225.13923037
1225.13923037
1225.13923037
1225.13923037
1225.13923037
1225.13923037
1225.13923037
1225.13923037
1225.13923037
1225.13923037
1225.13923037
1225.13923037
1225.13923037
1225.13923037
1225.13923037
1225.13923037
1225.13923037
1225.13923037
1225.13923037
1225.13923037
1225.13923037
1225.13923037
1225.13923037
1225.13923037
1225.13923037
1225.13923037
1225.13923037
1225.13923037
1225.13923037
1225.13923037
1225.13923037
1225.13923037
1225.13923037
1225.13923037
1225.13923037
1225.13923037
1225.13923037
1225.13923037
1225.13923037
1225.13923037
1225.13923037
1225.13923037
1225.13923037
1225.13923037
1225.13923037
1225.13923037
1225.13923037
1225.13923037
1225.13923037
1225.13923037
1225.13923037
1225.13923037
1225.13923037
1225.13923037
1225.13923037
1225.13923037
1225.13923037
1225.13923037
1225.13923037
1225.13923037
1225.13923037
1225.13923037
1225.13923037
1225.13923037
1225.13923037
1225.13923037
1225.13923037
1225.13923037
1225.13923037
1225.13923037
1225.13923037
1225.13923037
1225.13923037
1225.13923037
1225.13923037
1225.13923037
1225.13923037
1225.13923037
1225.13923037
1225.13923037
1225.13923037
1225.13923037
1225.13923037
1225.13923037
1225.13923037
1225.13923037
1225.13923037
1225.13923037
1225.13923037
1225.13923037
1225.13923037
1225.13923037
1225.13923037
1225.13923037
1225.13923037
1225.13923037
1225.13923037
1225.13923037
1225.13923037
1225.13923037
1225.13923037
1225.13923037
1225.13923037
1225.13923037
1225.13923037
1225.13923037
1225.13923037
1225.13923037
1225.13923037
1225.13923037
1225.13923037
1225.13923037
1225.13923037
1225.13923037
1225.13923037
1225.13923037
1225.13923037
1225.13923037
1225.13923037
1225.13923037
1225.13923037
1225.13923037
1225.13923037
1225.13923037
1225.13923037
1225.13923037
1225.13923037
1225.13923037
1225.13923037
1225.13923037
1225.13923037
1225.13923037
1225.13923037
1225.13923037
1225.13923037
1225.13923037
1225.13923037
1225.13923037
1225.13923037
1225.13923037
1225.13923037
1225.13923037
1225.13923037
1225.13923037
1225.13923037
1225.13923037
1225.13923037
1225.13923037
1225.13923037
1225.13923037
1225.13923037
1225.13923037
1225.13923037
1225.13923037
1225.13923037
1225.13923037
1225.13923037
1225.13923037
1225.13923037
1225.13923037
1225.13923037
1225.13923037
1225.13923037
1225.13923037
1225.13923037
1225.13923037
1225.13923037
1225.13923037
1225.13923037
1225.13923037
1225.13923037
1225.13923037
1225.13923037
1225.13923037
1225.13923037
1225.13923037
1225.13923037
1225.13923037
1225.13923037
1225.13923037
1225.13923037
1225.13923037
1225.13923037
1225.13923037
1225.13923037
1225.13923037
1225.13923037
1225.13923037
1225.13923037
1225.13923037
1225.13923037
1225.13923037
1225.13923037
1225.13923037
1225.13923037
1225.13923037
1225.13923037
1225.13923037
1225.13923037
1225.13923037
1225.13923037
1225.13923037
1225.13923037
1225.13923037
1225.13923037
1225.13923037
1225.13923037
1225.13923037
1225.13923037
1225.13923037
1225.13923037
1225.13923037
1225.13923037
1225.13923037
1225.13923037
1225.13923037
1225.13923037
1225.13923037
1225.13923037
1225.13923037
1225.13923037
1225.13923037
1225.13923037
1225.13923037
1225.13923037
1225.13923037
1225.13923037
1225.13923037
1225.13923037
1225.13923037
1225.13923037
1225.13923037
1225.13923037
1225.13923037
1225.13923037
1225.13923037
1225.13923037
1225.13923037
1225.13923037
1225.13923037
1225.13923037
1225.13923037
1225.13923037
1225.13923037
1225.13923037
1225.13923037
1225.13923037
1225.13923037
1225.13923037
1225.13923037
1225.13923037
1225.13923037
1225.13923037
1225.13923037
1225.13923037
1225.13923037
1225.13923037
1225.13923037
1225.13923037
1225.13923037
1225.13923037
1225.13923037
1225.13923037
1225.13923037
1225.13923037
1225.13923037
1225.13923037
1225.13923037
1225.13923037
1225.13923037
1225.13923037
1225.13923037
1225.13923037
1225.13923037
1225.13923037
1225.13923037
1225.13923037
1225.13923037
1225.13923037
1225.13923037
1225.13923037
1225.13923037
1225.13923037
1225.13923037
1225.13923037
1225.13923037
1225.13923037
1225.13923037
1225.13923037
1225.13923037
1225.13923037
1225.13923037
1225.13923037
1225.13923037
1225.13923037
1225.13923037
1225.13923037
1225.13923037
1225.13923037
1225.13923037
1225.13923037
1225.13923037
1225.13923037
1225.13923037
1225.13923037
1225.13923037
1225.13923037
1225.13923037
1225.13923037
1225.13923037
1225.13923037
1225.13923037
1225.13923037
1225.13923037
1225.13923037
1225.13923037
1225.13923037
1225.13923037
1225.13923037
1225.13923037
1225.13923037
1225.13923037
1225.13923037
1225.13923037
1225.13923037
1225.13923037
1225.13923037
1225.13923037
1225.13923037
1225.13923037
1225.13923037
