1566.95788551
1434.21365872
1425.14029844
1392.57052897
1392.57052897
1392.57052897
1392.57052897
1392.57052897
1391.99738757
1386.74042208
1360.48782737
1360.48782737
1341.45821191
1338.32272898
1338.32272898
1338.32272898
1338.32272898
1338.32272898
1288.01439331
1288.01439331
1286.813825
1286.813825
1272.99226622
1272.99226622
1272.99226622
1272.99226622
1272.9593358
1272.10541738
1270.3045529
1253.38662616
1253.38662616
1253.38662616
1253.38662616
1253.38662616
1253.38662616
1249.52060743
1247.28334577
1247.28334577
1247.28334577
1247.28334577
1247.28334577
1247.28334577
1246.76614343
1246.76614343
1245.54150992
1245.54150992
1245.54150992
1242.48093055
1242.48093055
1242.48093055
1242.48093055
1242.48093055
1242.48093055
1242.48093055
1242.48093055
1242.48093055
1242.48093055
1242.48093055
1242.48093055
1242.48093055
1242.48093055
1242.48093055
1242.48093055
1242.48093055
1242.48093055
1242.48093055
1242.48093055
1242.48093055
1242.48093055
1242.48093055
1242.48093055
1242.48093055
1242.48093055
1242.48093055
1242.48093055
1242.48093055
1242.48093055
1241.64294931
1241.64294931
1241.64294931
1241.64294931
1241.64294931
1241.64294931
1241.64294931
1241.64294931
1241.64294931
1241.64294931
1241.64294931
1241.64294931
1241.64294931
1241.64294931
1241.64294931
1241.64294931
1241.64294931
1241.64294931
1241.64294931
1241.64294931
1241.64294931
1241.64294931
1241.64294931
1241.64294931
1241.64294931
1241.64294931
1241.64294931
1241.64294931
1241.64294931
1241.64294931
1241.64294931
1241.64294931
1241.64294931
1241.64294931
1241.64294931
1241.64294931
1238.59319605
1238.59319605
1238.59319605
1238.59319605
1238.59319605
1238.59319605
1237.90085329
1234.03483456
1234.03483456
1234.03483456
1234.03483456
1234.03483456
1234.03483456
1234.03483456
1234.03483456
1234.03483456
1234.03483456
1234.03483456
1234.03483456
1234.03483456
1234.03483456
1234.03483456
1234.03483456
1234.03483456
1234.03483456
1234.03483456
1234.03483456
1234.03483456
1234.03483456
1234.03483456
1232.21182777
1232.21182777
1232.21182777
1232.21182777
1232.21182777
1232.21182777
1232.21182777
1232.21182777
1232.21182777
1232.21182777
1230.08327299
1230.08327299
1230.08327299
1230.08327299
1230.08327299
1230.08327299
1230.08327299
1230.08327299
1230.08327299
1230.08327299
1230.08327299
1230.08327299
1230.08327299
1230.08327299
1230.08327299
1230.08327299
1224.39424746
1224.39424746
1224.39424746
1224.39424746
1224.39424746
1224.39424746
1224.39424746
1224.39424746
1224.39424746
1224.39424746
1224.39424746
1224.39424746
1223.00680295
1223.00680295
1223.00680295
1223.00680295
1223.00680295
1223.00680295
1223.00680295
1223.00680295
1223.00680295
1223.00680295
1223.00680295
1223.00680295
1223.00680295
1223.00680295
1223.00680295
1223.00680295
1223.00680295
1223.00680295
1223.00680295
1223.00680295
1223.00680295
1223.00680295
1223.00680295
1223.00680295
1223.00680295
1223.00680295
1223.00680295
1223.00680295
1223.00680295
1223.00680295
1223.00680295
1223.00680295
1223.00680295
1223.00680295
1223.00680295
1223.00680295
1223.00680295
1223.00680295
1223.00680295
1223.00680295
1223.00680295
1223.00680295
1223.00680295
1223.00680295
1223.00680295
1223.00680295
1223.00680295
1223.00680295
1223.00680295
1223.00680295
1223.00680295
1223.00680295
1223.00680295
1223.00680295
1223.00680295
1223.00680295
1223.00680295
1223.00680295
1223.00680295
1223.00680295
1223.00680295
1223.00680295
1223.00680295
1223.00680295
1223.00680295
1223.00680295
1223.00680295
1223.00680295
1223.00680295
1223.00680295
1223.00680295
1223.00680295
1223.00680295
1223.00680295
1223.00680295
1223.00680295
1223.00680295
1223.00680295
1223.00680295
1223.00680295
1222.01604752
1222.01604752
1222.01604752
1222.01604752
1222.01604752
1222.01604752
1222.01604752
1222.01604752
1222.01604752
1222.01604752
1222.01604752
1222.01604752
1222.01604752
1222.01604752
1222.01604752
1222.01604752
1222.01604752
1222.01604752
1222.01604752
1222.01604752
1222.01604752
1222.01604752
1222.01604752
1222.01604752
1222.01604752
1222.01604752
1222.01604752
1222.01604752
1222.01604752
1222.01604752
1222.01604752
1222.01604752
1222.01604752
1222.01604752
1222.01604752
1222.01604752
1222.01604752
1222.01604752
1222.01604752
1222.01604752
1222.01604752
1222.01604752
1222.01604752
1222.01604752
1222.01604752
1222.01604752
1222.01604752
1222.01604752
1222.01604752
1222.01604752
1222.01604752
1222.01604752
1222.01604752
1222.01604752
1222.01604752
1222.01604752
1222.01604752
1222.01604752
1222.01604752
1222.01604752
1222.01604752
1222.01604752
1222.01604752
1222.01604752
1222.01604752
1222.01604752
1222.01604752
1222.01604752
1222.01604752
1222.01604752
1222.01604752
1222.01604752
1222.01604752
1222.01604752
1222.01604752
1222.01604752
1222.01604752
1222.01604752
1222.01604752
1222.01604752
1222.01604752
1222.01604752
1222.01604752
1222.01604752
1222.01604752
1222.01604752
1222.01604752
1222.01604752
1222.01604752
1222.01604752
1222.01604752
1222.01604752
1222.01604752
1222.01604752
1222.01604752
1222.01604752
1222.01604752
1222.01604752
1222.01604752
1222.01604752
1222.01604752
1222.01604752
1222.01604752
1222.01604752
1222.01604752
1222.01604752
1222.01604752
1222.01604752
1222.01604752
1222.01604752
1222.01604752
1222.01604752
1222.01604752
1222.01604752
1222.01604752
1222.01604752
1222.01604752
1222.01604752
1222.01604752
1222.01604752
1222.01604752
1222.01604752
1222.01604752
1222.01604752
1222.01604752
1222.01604752
1222.01604752
1222.01604752
1222.01604752
1222.01604752
1222.01604752
1222.01604752
1222.01604752
1222.01604752
1222.01604752
1222.01604752
1222.01604752
1222.01604752
1222.01604752
1222.01604752
1222.01604752
1222.01604752
1222.01604752
1222.01604752
1222.01604752
1222.01604752
1222.01604752
1222.01604752
1222.01604752
1222.01604752
1222.01604752
1222.01604752
1222.01604752
1222.01604752
1222.01604752
1222.01604752
1222.01604752
1222.01604752
1222.01604752
1222.01604752
1222.01604752
1222.01604752
1222.01604752
1222.01604752
1222.01604752
1222.01604752
1222.01604752
1222.01604752
1222.01604752
1222.01604752
1222.01604752
1222.01604752
1222.01604752
1222.01604752
1222.01604752
1222.01604752
1222.01604752
1222.01604752
1222.01604752
1222.01604752
1222.01604752
1222.01604752
1222.01604752
1222.01604752
1222.01604752
1222.01604752
1222.01604752
1222.01604752
1222.01604752
1222.01604752
1222.01604752
1222.01604752
1222.01604752
1222.01604752
1222.01604752
1222.01604752
1222.01604752
1222.01604752
1222.01604752
1222.01604752
1222.01604752
1222.01604752
1222.01604752
1222.01604752
1222.01604752
1222.01604752
1222.01604752
1222.01604752
1222.01604752
1222.01604752
1222.01604752
1222.01604752
1222.01604752
1222.01604752
1222.01604752
1222.01604752
1222.01604752
1222.01604752
1222.01604752
1222.01604752
1222.01604752
1222.01604752
1222.01604752
1222.01604752
1222.01604752
1222.01604752
1222.01604752
1222.01604752
1222.01604752
1222.01604752
1222.01604752
1222.01604752
1222.01604752
1222.01604752
1222.01604752
1222.01604752
1222.01604752
1222.01604752
1222.01604752
1222.01604752
1222.01604752
1222.01604752
1222.01604752
1222.01604752
1222.01604752
1222.01604752
1222.01604752
1222.01604752
1222.01604752
1222.01604752
1222.01604752
1222.01604752
1222.01604752
1222.01604752
1222.01604752
1222.01604752
1222.01604752
1222.01604752
1222.01604752
1222.01604752
1222.01604752
1222.01604752
1222.01604752
1222.01604752
1222.01604752
1222.01604752
1222.01604752
1222.01604752
1222.01604752
1222.01604752
1222.01604752
1222.01604752
1222.01604752
1222.01604752
1222.01604752
1222.01604752
1222.01604752
1222.01604752
1222.01604752
1222.01604752
1222.01604752
1222.01604752
1222.01604752
1222.01604752
1222.01604752
1222.01604752
1222.01604752
1222.01604752
1222.01604752
1222.01604752
1222.01604752
1222.01604752
1222.01604752
1222.01604752
1222.01604752
1222.01604752
1222.01604752
1222.01604752
1222.01604752
1222.01604752
1222.01604752
1222.01604752
1222.01604752
1222.01604752
1222.01604752
1222.01604752
1222.01604752
1222.01604752
1222.01604752
1222.01604752
1222.01604752
1222.01604752
1222.01604752
1222.01604752
1222.01604752
1222.01604752
1222.01604752
1222.01604752
1222.01604752
1222.01604752
1222.01604752
1222.01604752
1222.01604752
1222.01604752
1222.01604752
1222.01604752
1222.01604752
1222.01604752
1222.01604752
1222.01604752
1222.01604752
1222.01604752
1222.01604752
1222.01604752
1222.01604752
1222.01604752
1222.01604752
1222.01604752
1222.01604752
1222.01604752
1222.01604752
1222.01604752
1222.01604752
1222.01604752
1222.01604752
1222.01604752
1222.01604752
1222.01604752
1222.01604752
1222.01604752
1222.01604752
1222.01604752
1222.01604752
1222.01604752
1222.01604752
1222.01604752
1222.01604752
1222.01604752
1222.01604752
1222.01604752
1222.01604752
1222.01604752
1222.01604752
1222.01604752
1222.01604752
1222.01604752
1222.01604752
1222.01604752
1222.01604752
1222.01604752
1222.01604752
1222.01604752
1222.01604752
1222.01604752
1222.01604752
1222.01604752
1222.01604752
1222.01604752
1222.01604752
1222.01604752
1222.01604752
1222.01604752
1222.01604752
1222.01604752
1222.01604752
1222.01604752
1222.01604752
1222.01604752
1222.01604752
1222.01604752
1222.01604752
1222.01604752
1222.01604752
1222.01604752
1222.01604752
1222.01604752
1222.01604752
1222.01604752
1222.01604752
1222.01604752
1222.01604752
1222.01604752
1222.01604752
1222.01604752
1222.01604752
1222.01604752
1222.01604752
1222.01604752
1222.01604752
1222.01604752
1222.01604752
1222.01604752
1222.01604752
1222.01604752
1222.01604752
1222.01604752
1222.01604752
1222.01604752
1222.01604752
1222.01604752
1222.01604752
1222.01604752
1222.01604752
1222.01604752
1222.01604752
1222.01604752
1222.01604752
1222.01604752
1222.01604752
1222.01604752
1222.01604752
1222.01604752
1222.01604752
1222.01604752
1222.01604752
1222.01604752
1222.01604752
1222.01604752
1222.01604752
1222.01604752
1222.01604752
1222.01604752
1222.01604752
1222.01604752
1222.01604752
1222.01604752
1222.01604752
1222.01604752
1222.01604752
1222.01604752
1222.01604752
1222.01604752
1222.01604752
1222.01604752
1222.01604752
1222.01604752
1222.01604752
1222.01604752
1222.01604752
1222.01604752
1222.01604752
1222.01604752
1222.01604752
1222.01604752
1222.01604752
1222.01604752
1222.01604752
1222.01604752
1222.01604752
1222.01604752
1222.01604752
1222.01604752
1222.01604752
1222.01604752
1222.01604752
1222.01604752
1222.01604752
1222.01604752
1222.01604752
1222.01604752
1222.01604752
1222.01604752
1222.01604752
1222.01604752
1222.01604752
1222.01604752
1222.01604752
1222.01604752
1222.01604752
1222.01604752
1222.01604752
1222.01604752
1222.01604752
1222.01604752
1222.01604752
1222.01604752
1222.01604752
1222.01604752
1222.01604752
1222.01604752
1222.01604752
1222.01604752
1222.01604752
1222.01604752
1222.01604752
1222.01604752
1222.01604752
1222.01604752
1222.01604752
1222.01604752
1222.01604752
1222.01604752
1222.01604752
1222.01604752
1222.01604752
1222.01604752
1222.01604752
1222.01604752
1222.01604752
1222.01604752
1222.01604752
1222.01604752
1222.01604752
1222.01604752
1222.01604752
1222.01604752
1222.01604752
1222.01604752
1222.01604752
1222.01604752
1222.01604752
1222.01604752
1222.01604752
1222.01604752
1222.01604752
1222.01604752
1222.01604752
1222.01604752
1222.01604752
1222.01604752
1222.01604752
1222.01604752
1222.01604752
1222.01604752
1222.01604752
1222.01604752
1222.01604752
1222.01604752
1222.01604752
1222.01604752
1222.01604752
1222.01604752
1222.01604752
1222.01604752
1222.01604752
1222.01604752
1222.01604752
1222.01604752
1222.01604752
1222.01604752
1222.01604752
1222.01604752
1222.01604752
1222.01604752
1222.01604752
1222.01604752
1222.01604752
1222.01604752
1222.01604752
1222.01604752
1222.01604752
1222.01604752
1222.01604752
1222.01604752
1222.01604752
1222.01604752
1222.01604752
1222.01604752
1222.01604752
1222.01604752
1222.01604752
1222.01604752
1222.01604752
1222.01604752
1222.01604752
1222.01604752
1222.01604752
1222.01604752
1222.01604752
1222.01604752
1222.01604752
1222.01604752
1222.01604752
1222.01604752
1222.01604752
1222.01604752
1222.01604752
1222.01604752
1222.01604752
1222.01604752
1222.01604752
1222.01604752
1222.01604752
1222.01604752
1222.01604752
1222.01604752
1222.01604752
1222.01604752
1222.01604752
1222.01604752
1222.01604752
1222.01604752
1222.01604752
1222.01604752
1222.01604752
1222.01604752
1222.01604752
1222.01604752
1222.01604752
1222.01604752
1222.01604752
1222.01604752
1222.01604752
1222.01604752
1222.01604752
1222.01604752
1222.01604752
1222.01604752
1222.01604752
1222.01604752
1222.01604752
1222.01604752
1222.01604752
1222.01604752
1222.01604752
1222.01604752
1222.01604752
1222.01604752
1222.01604752
1222.01604752
1222.01604752
1222.01604752
1222.01604752
1222.01604752
1222.01604752
1222.01604752
1222.01604752
1222.01604752
1222.01604752
1222.01604752
1222.01604752
1222.01604752
1222.01604752
1222.01604752
1222.01604752
1222.01604752
1222.01604752
1222.01604752
1222.01604752
1222.01604752
1222.01604752
1222.01604752
1222.01604752
1222.01604752
1222.01604752
1222.01604752
1222.01604752
1222.01604752
1222.01604752
1222.01604752
1222.01604752
1222.01604752
1222.01604752
1222.01604752
1222.01604752
1222.01604752
1222.01604752
1222.01604752
1222.01604752
1222.01604752
1222.01604752
1222.01604752
1222.01604752
1222.01604752
1222.01604752
1222.01604752
1222.01604752
1222.01604752
1222.01604752
1222.01604752
1222.01604752
1222.01604752
1222.01604752
1222.01604752
1222.01604752
1222.01604752
1222.01604752
1222.01604752
1222.01604752
1222.01604752
1222.01604752
1222.01604752
1222.01604752
1222.01604752
1222.01604752
1222.01604752
1222.01604752
1222.01604752
1222.01604752
1222.01604752
1222.01604752
1222.01604752
1222.01604752
1222.01604752
1222.01604752
1222.01604752
1222.01604752
1222.01604752
1222.01604752
1222.01604752
1222.01604752
1222.01604752
1222.01604752
1222.01604752
1222.01604752
1222.01604752
1222.01604752
1222.01604752
1222.01604752
1222.01604752
1222.01604752
1222.01604752
1222.01604752
1222.01604752
1222.01604752
1222.01604752
1222.01604752
1222.01604752
1222.01604752
