13
51 -31.201 0.235 0.0 1000.0 0.0 0.0 0.0
1 -30.664 5.463 121.0 299.0 7.0 7.0 8.0
11 -42.615 -26.392 271.0 420.0 10.0 1.0 6.0
14 -52.039 6.567 226.0 377.0 23.0 2.0 4.0
20 -37.756 -33.325 414.0 572.0 4.0 46.0 25.0
22 -43.03 20.453 378.0 472.0 20.0 5.0 14.0
23 -35.297 -24.896 308.0 477.0 10.0 29.0 19.0
24 -54.755 14.368 329.0 444.0 4.0 2.0 14.0
29 -38.562 -3.705 375.0 467.0 10.0 24.0 13.0
37 -50.665 -23.126 443.0 564.0 22.0 21.0 15.0
38 -22.833 -9.814 207.0 348.0 22.0 17.0 13.0
39 -71.1 -18.616 457.0 588.0 18.0 16.0 15.0
42 -18.927 -23.73 459.0 598.0 23.0 9.0 24.0
46 -37.933 -21.613 115.0 232.0 10.0 32.0 21.0
