16
50 -36.118 49.097 0.0 1000.0 0.0 0.0 0.0
0 -29.73 64.136 399.0 525.0 2.0 9.0 12.0
3 -13.171 69.336 204.0 304.0 24.0 7.0 5.0
4 -67.413 68.323 317.0 458.0 1.0 5.0 12.0
7 -65.002 77.234 215.0 321.0 5.0 19.0 20.0
12 -76.672 99.341 108.0 266.0 2.0 15.0 9.0
13 -20.673 57.892 340.0 462.0 16.0 16.0 9.0
15 -41.376 50.824 446.0 604.0 18.0 25.0 25.0
16 -91.943 27.588 444.0 566.0 3.0 7.0 5.0
17 -65.118 30.212 434.0 557.0 15.0 32.0 17.0
18 18.597 96.716 319.0 460.0 13.0 3.0 3.0
19 -40.942 83.209 192.0 312.0 10.0 12.0 16.0
25 -49.329 33.374 269.0 377.0 2.0 1.0 6.0
27 -22.754 55.408 257.0 416.0 6.0 11.0 9.0
28 -56.622 73.34 198.0 294.0 8.0 11.0 20.0
32 -46.545 97.974 72.0 179.0 21.0 33.0 19.0
35 -26.404 29.529 321.0 500.0 13.0 1.0 10.0
