2403.21864072
2250.53435449
2250.53435449
2250.53435449
2250.53435449
2242.59027173
2225.97901161
2225.97901161
2070.09412844
2070.09412844
2070.09412844
2070.09412844
2070.09412844
2070.09412844
2070.09412844
2070.09412844
2070.09412844
2070.09412844
2070.09412844
2070.09412844
2065.57935936
2065.57935936
2065.57935936
2065.57935936
2065.57935936
2065.57935936
2065.57935936
2065.57935936
2065.57935936
2065.57935936
2065.57935936
2065.57935936
2065.57935936
2065.57935936
2065.57935936
2065.57935936
2025.6663068
2010.28709372
2010.28709372
2010.28709372
2010.28709372
2010.28709372
2010.28709372
2010.28709372
2010.28709372
2010.28709372
2010.28709372
1988.97420303
1988.97420303
1987.82646221
1987.82646221
1987.82646221
1987.82646221
1958.61509224
1958.61509224
1958.61509224
1954.03585217
1954.03585217
1954.03585217
1950.09161182
1950.09161182
1950.09161182
1945.51237176
1945.51237176
1945.51237176
1945.51237176
1945.51237176
1945.51237176
1945.51237176
1945.51237176
1945.51237176
1945.51237176
1945.51237176
1945.51237176
1945.51237176
1945.51237176
1945.51237176
1945.51237176
1945.51237176
1945.51237176
1945.51237176
1945.51237176
1945.51237176
1945.51237176
1945.51237176
1937.79015479
1937.79015479
1937.79015479
1937.79015479
1937.79015479
1937.79015479
1937.79015479
1937.79015479
1937.79015479
1937.79015479
1937.79015479
1937.79015479
1937.79015479
1937.79015479
1937.79015479
1937.79015479
1937.79015479
1937.79015479
1937.79015479
1937.79015479
1937.79015479
1937.79015479
1937.79015479
1937.79015479
1937.79015479
1937.79015479
1937.79015479
1937.79015479
1937.79015479
1937.79015479
1937.79015479
1937.79015479
1937.79015479
1937.79015479
1937.79015479
1937.79015479
1937.79015479
1937.79015479
1937.79015479
1937.79015479
1937.79015479
1937.79015479
1932.77055072
1932.77055072
1932.77055072
1932.77055072
1932.77055072
1932.77055072
1932.77055072
1932.77055072
1932.77055072
1932.77055072
1932.77055072
1932.77055072
1927.19969164
1927.19969164
1927.19969164
1927.19969164
1927.19969164
1927.19969164
1927.19969164
1927.19969164
1927.19969164
1927.19969164
1927.19969164
1927.19969164
1927.19969164
1927.19969164
1927.19969164
1927.19969164
1927.19969164
1927.19969164
1927.19969164
1927.19969164
1927.19969164
1927.19969164
1927.19969164
1927.19969164
1927.19969164
1927.19969164
1927.19969164
1927.19969164
1927.19969164
1927.19969164
1927.19969164
1927.19969164
1927.19969164
1927.19969164
1927.19969164
1927.19969164
1927.19969164
1927.19969164
1927.19969164
1927.19969164
1927.19969164
1927.19969164
1927.19969164
1927.19969164
1921.91420271
1921.91420271
1921.91420271
1921.91420271
1921.91420271
1915.61221135
1915.61221135
1915.61221135
1915.61221135
1915.61221135
1915.61221135
1915.61221135
1915.61221135
1915.61221135
1915.61221135
1906.4766966
1906.4766966
1906.4766966
1906.4766966
1906.4766966
1906.4766966
1906.4766966
1906.4766966
1906.4766966
1906.4766966
1906.4766966
1906.4766966
1906.4766966
1906.4766966
1906.4766966
1906.4766966
1906.4766966
1906.4766966
1906.4766966
1906.4766966
1906.4766966
1906.4766966
1906.4766966
1906.4766966
1906.4766966
1906.4766966
1906.4766966
1906.4766966
1906.4766966
1906.4766966
1906.4766966
1906.4766966
1906.4766966
1906.4766966
1906.4766966
1906.4766966
1906.4766966
1906.4766966
1906.4766966
1906.4766966
1906.4766966
1906.4766966
1906.4766966
1906.4766966
1906.4766966
1906.4766966
1906.4766966
1906.4766966
1906.4766966
1906.4766966
1906.4766966
1906.4766966
1906.4766966
1906.4766966
1906.4766966
1906.4766966
1906.4766966
1906.4766966
1906.4766966
1906.4766966
1906.4766966
1906.4766966
1906.4766966
1906.4766966
1906.4766966
1906.4766966
1906.4766966
1906.4766966
1906.4766966
1906.4766966
1906.4766966
1906.4766966
1906.4766966
1906.4766966
1906.4766966
1906.4766966
1906.4766966
1906.4766966
1906.4766966
1906.4766966
1906.4766966
1906.4766966
1906.4766966
1906.4766966
1906.4766966
1906.4766966
1906.4766966
1906.4766966
1906.4766966
1906.4766966
1906.4766966
1906.4766966
1906.4766966
1906.4766966
1906.4766966
1906.4766966
1906.4766966
1906.4766966
1906.4766966
1906.4766966
1906.4766966
1906.4766966
1906.4766966
1906.4766966
1906.4766966
1906.4766966
1906.4766966
1906.4766966
1906.4766966
1906.4766966
1906.4766966
1906.4766966
1906.4766966
1906.4766966
1906.4766966
1906.4766966
1906.4766966
1906.4766966
1906.4766966
1906.4766966
1906.4766966
1906.4766966
1906.4766966
1906.4766966
1906.4766966
1906.4766966
1906.4766966
1906.4766966
1906.4766966
1906.4766966
1906.4766966
1906.4766966
1906.4766966
1906.4766966
1906.4766966
1906.4766966
1906.4766966
1906.4766966
1906.4766966
1906.4766966
1906.4766966
1906.4766966
1906.4766966
1906.4766966
1906.4766966
1906.4766966
1906.4766966
1906.4766966
1906.4766966
1906.4766966
1906.4766966
1906.4766966
1906.4766966
1906.4766966
1906.4766966
1906.4766966
1906.4766966
1906.4766966
1906.4766966
1906.4766966
1906.4766966
1906.4766966
1906.4766966
1906.4766966
1906.4766966
1906.4766966
1906.4766966
1906.4766966
1906.4766966
1906.4766966
1906.4766966
1906.4766966
1906.4766966
1906.4766966
1906.4766966
1906.4766966
1906.4766966
1906.4766966
1906.4766966
1906.4766966
1906.4766966
1906.4766966
1906.4766966
1906.4766966
1906.4766966
1906.4766966
1906.4766966
1906.4766966
1906.4766966
1906.4766966
1905.28611941
1905.28611941
1905.28611941
1905.28611941
1905.28611941
1905.28611941
1905.28611941
1905.28611941
1905.28611941
1905.28611941
1905.28611941
1905.28611941
1905.28611941
1905.28611941
1905.28611941
1905.28611941
1905.28611941
1905.28611941
1905.28611941
1905.28611941
1905.28611941
1905.28611941
1905.28611941
1905.28611941
1905.28611941
1905.28611941
1905.28611941
1905.28611941
1905.28611941
1905.28611941
1905.28611941
1905.28611941
1905.28611941
1905.28611941
1905.28611941
1905.28611941
1905.28611941
1905.28611941
1905.28611941
1905.28611941
1905.28611941
1905.28611941
1905.28611941
1905.28611941
1905.28611941
1905.28611941
1905.28611941
1905.28611941
1905.28611941
1905.28611941
1905.28611941
1905.28611941
1905.28611941
1905.28611941
1905.28611941
1905.28611941
1905.28611941
1905.28611941
1905.28611941
1905.28611941
1905.28611941
1905.28611941
1905.28611941
1905.28611941
1905.28611941
1905.28611941
1905.28611941
1905.28611941
1905.28611941
1905.28611941
1905.28611941
1905.28611941
1905.28611941
1905.28611941
1905.28611941
1905.28611941
1905.28611941
1905.28611941
1905.28611941
1905.28611941
1905.28611941
1905.28611941
1905.28611941
1905.28611941
1905.28611941
1905.28611941
1905.28611941
1905.28611941
1905.28611941
1905.28611941
1905.28611941
1905.28611941
1905.28611941
1905.28611941
1905.28611941
1905.28611941
1905.28611941
1905.28611941
1905.28611941
1905.28611941
1905.28611941
1905.28611941
1905.28611941
1905.28611941
1905.28611941
1905.28611941
1905.28611941
1905.28611941
1905.28611941
1905.28611941
1905.28611941
1905.28611941
1905.28611941
1905.28611941
1905.28611941
1905.28611941
1905.28611941
1905.28611941
1905.28611941
1905.28611941
1905.28611941
1905.28611941
1905.28611941
1905.28611941
1905.28611941
1905.28611941
1905.28611941
1905.28611941
1905.28611941
1905.28611941
1905.28611941
1905.28611941
1905.28611941
1905.28611941
1905.28611941
1905.28611941
1905.28611941
1905.28611941
1905.28611941
1905.28611941
1905.28611941
1905.28611941
1905.28611941
1905.28611941
1905.28611941
1905.28611941
1905.28611941
1905.28611941
1905.28611941
1905.28611941
1905.28611941
1905.28611941
1905.28611941
1905.28611941
1905.28611941
1905.28611941
1905.28611941
1905.28611941
1905.28611941
1905.28611941
1905.28611941
1905.28611941
1905.28611941
1905.28611941
1905.28611941
1905.28611941
1905.28611941
1905.28611941
1905.28611941
1905.28611941
1905.28611941
1905.28611941
1905.28611941
1905.28611941
1905.28611941
1905.28611941
1905.28611941
1905.28611941
1905.28611941
1905.28611941
1905.28611941
1905.28611941
1905.28611941
1905.28611941
1905.28611941
1905.28611941
1905.28611941
1905.28611941
1905.28611941
1905.28611941
1905.28611941
1905.28611941
1905.28611941
1905.28611941
1905.28611941
1905.28611941
1905.28611941
1905.28611941
1905.28611941
1905.28611941
1905.28611941
1905.28611941
1905.28611941
1905.28611941
1905.28611941
1905.28611941
1905.28611941
1905.28611941
1905.28611941
1905.28611941
1905.28611941
1905.28611941
1905.28611941
1905.28611941
1905.28611941
1905.28611941
1905.28611941
1905.28611941
1905.28611941
1905.28611941
1905.28611941
1905.28611941
1905.28611941
1905.28611941
1905.28611941
1905.28611941
1905.28611941
1905.28611941
1905.28611941
1905.28611941
1905.28611941
1905.28611941
1905.28611941
1905.28611941
1905.28611941
1905.28611941
1905.28611941
1905.28611941
1905.28611941
1905.28611941
1905.28611941
1905.28611941
1905.28611941
1905.28611941
1905.28611941
1905.28611941
1905.28611941
1905.28611941
1905.28611941
1905.28611941
1905.28611941
1905.28611941
1905.28611941
1905.28611941
1905.28611941
1905.28611941
1905.28611941
1905.28611941
1905.28611941
1905.28611941
1905.28611941
1905.28611941
1905.28611941
1905.28611941
1905.28611941
1905.28611941
1905.28611941
1905.28611941
1905.28611941
1905.28611941
1905.28611941
1905.28611941
1905.28611941
1905.28611941
1905.28611941
1905.28611941
1905.28611941
1905.28611941
1905.28611941
1905.28611941
1905.28611941
1905.28611941
1905.28611941
1905.28611941
1905.28611941
1905.28611941
1905.28611941
1905.28611941
1905.28611941
1905.28611941
1905.28611941
1905.28611941
1905.28611941
1905.28611941
1905.28611941
1905.28611941
1905.28611941
1905.28611941
1905.28611941
1905.28611941
1905.28611941
1905.28611941
1905.28611941
1905.28611941
1905.28611941
1905.28611941
1905.28611941
1905.28611941
1905.28611941
1905.28611941
1905.28611941
1905.28611941
1905.28611941
1905.28611941
1905.28611941
1905.28611941
1905.28611941
1905.28611941
1905.28611941
1905.28611941
1905.28611941
1905.28611941
1905.28611941
1905.28611941
1905.28611941
1905.28611941
1905.28611941
1905.28611941
1905.28611941
1905.28611941
1905.28611941
1905.28611941
1905.28611941
1905.28611941
1905.28611941
1905.28611941
1905.28611941
1905.28611941
1905.28611941
1905.28611941
1905.28611941
1905.28611941
1905.28611941
1905.28611941
1905.28611941
1905.28611941
1905.28611941
1905.28611941
1905.28611941
1905.28611941
1905.28611941
1905.28611941
1905.28611941
1905.28611941
1905.28611941
1905.28611941
1905.28611941
1905.28611941
1905.28611941
1905.28611941
1905.28611941
1905.28611941
1905.28611941
1905.28611941
1905.28611941
1905.28611941
1905.28611941
1905.28611941
1905.28611941
1905.28611941
1905.28611941
1905.28611941
1905.28611941
1905.28611941
1905.28611941
1905.28611941
1905.28611941
1905.28611941
1905.28611941
1905.28611941
1905.28611941
1905.28611941
1905.28611941
1905.28611941
1905.28611941
1905.28611941
1905.28611941
1905.28611941
1905.28611941
1905.28611941
1905.28611941
1905.28611941
1905.28611941
1905.28611941
1905.28611941
1905.28611941
1905.28611941
1905.28611941
1905.28611941
1905.28611941
1905.28611941
1905.28611941
1905.28611941
1905.28611941
1905.28611941
1905.28611941
1905.28611941
1905.28611941
1905.28611941
1905.28611941
1905.28611941
1905.28611941
1905.28611941
1905.28611941
1905.28611941
1905.28611941
1905.28611941
1905.28611941
1905.28611941
1905.28611941
1905.28611941
1905.28611941
1905.28611941
1905.28611941
1905.28611941
1905.28611941
1905.28611941
1905.28611941
1905.28611941
1905.28611941
1905.28611941
1905.28611941
1905.28611941
1905.28611941
1905.28611941
1905.28611941
1905.28611941
1905.28611941
1905.28611941
1905.28611941
1905.28611941
1905.28611941
1905.28611941
1905.28611941
1905.28611941
1905.28611941
1905.28611941
1905.28611941
1905.28611941
1905.28611941
1905.28611941
1905.28611941
1905.28611941
1905.28611941
1905.28611941
1905.28611941
1905.28611941
1905.28611941
1905.28611941
1905.28611941
1905.28611941
1905.28611941
1905.28611941
1905.28611941
1905.28611941
1905.28611941
1905.28611941
1905.28611941
1905.28611941
1905.28611941
1905.28611941
1905.28611941
1905.28611941
1905.28611941
1905.28611941
1905.28611941
1905.28611941
1905.28611941
1905.28611941
1905.28611941
1905.28611941
1905.28611941
1905.28611941
1905.28611941
1905.28611941
1905.28611941
1905.28611941
1905.28611941
1905.28611941
1905.28611941
1905.28611941
1905.28611941
1905.28611941
1905.28611941
1905.28611941
1905.28611941
1905.28611941
1905.28611941
1905.28611941
1905.28611941
1905.28611941
1905.28611941
1905.28611941
1905.28611941
1905.28611941
1905.28611941
1905.28611941
1905.28611941
1905.28611941
1905.28611941
1905.28611941
1905.28611941
1905.28611941
1905.28611941
1905.28611941
1905.28611941
1905.28611941
1905.28611941
1905.28611941
1905.28611941
1905.28611941
1905.28611941
1905.28611941
1905.28611941
1905.28611941
1905.28611941
1905.28611941
1905.28611941
1905.28611941
1905.28611941
1905.28611941
1905.28611941
1905.28611941
1905.28611941
1905.28611941
1905.28611941
1905.28611941
1905.28611941
1905.28611941
1905.28611941
1905.28611941
1905.28611941
1905.28611941
1905.28611941
1905.28611941
1905.28611941
1905.28611941
1905.28611941
1905.28611941
1905.28611941
1905.28611941
1905.28611941
1905.28611941
1905.28611941
1905.28611941
1905.28611941
1905.28611941
1905.28611941
1905.28611941
1905.28611941
1905.28611941
1905.28611941
1905.28611941
1905.28611941
1905.28611941
1905.28611941
1905.28611941
1905.28611941
1905.28611941
1905.28611941
1905.28611941
1905.28611941
1905.28611941
1905.28611941
1905.28611941
1905.28611941
1905.28611941
1905.28611941
1905.28611941
1905.28611941
1905.28611941
1905.28611941
1905.28611941
1905.28611941
1905.28611941
1905.28611941
1905.28611941
1905.28611941
1905.28611941
1905.28611941
1905.28611941
1905.28611941
1905.28611941
1905.28611941
1905.28611941
1905.28611941
1905.28611941
1905.28611941
1905.28611941
1905.28611941
1905.28611941
1905.28611941
1905.28611941
1905.28611941
1905.28611941
1905.28611941
1905.28611941
1905.28611941
1905.28611941
1905.28611941
1905.28611941
1905.28611941
