2388.71897014
2314.24067762
2309.32103912
2263.85764173
2263.85764173
2160.44499469
2155.63412225
2155.63412225
2155.63412225
2155.63412225
2155.63412225
2108.46977232
2108.46977232
2108.46977232
2108.46977232
2108.46977232
2075.47654475
2075.47654475
2027.84001428
2015.4725724
2015.4725724
2015.4725724
2015.4725724
2015.4725724
2015.4725724
2015.4725724
2015.4725724
1985.50317806
1985.50317806
1985.50317806
1985.50317806
1985.50317806
1985.50317806
1985.50317806
1985.50317806
1985.50317806
1985.50317806
1984.47016439
1984.47016439
1969.21409096
1969.21409096
1959.38978719
1959.38978719
1959.38978719
1959.38978719
1959.38978719
1959.38978719
1959.38978719
1959.38978719
1959.38978719
1959.38978719
1942.17072132
1942.17072132
1942.17072132
1939.28306761
1939.28306761
1939.28306761
1939.28306761
1939.28306761
1939.28306761
1939.28306761
1939.28306761
1939.28306761
1939.28306761
1939.28306761
1939.28306761
1939.28306761
1939.28306761
1939.28306761
1939.28306761
1939.28306761
1939.28306761
1937.51106232
1937.51106232
1937.51106232
1937.51106232
1937.51106232
1937.51106232
1937.51106232
1937.51106232
1935.77409077
1935.77409077
1935.77409077
1935.77409077
1935.77409077
1935.77409077
1935.77409077
1935.77409077
1935.77409077
1935.77409077
1935.77409077
1935.77409077
1935.77409077
1935.77409077
1935.77409077
1935.77409077
1935.77409077
1935.77409077
1935.77409077
1935.77409077
1935.77409077
1881.96222469
1881.96222469
1881.96222469
1881.96222469
1881.96222469
1881.96222469
1881.96222469
1881.96222469
1881.96222469
1881.96222469
1881.96222469
1866.7991984
1866.7991984
1866.7991984
1866.7991984
1866.7991984
1866.7991984
1866.7991984
1847.50077637
1847.50077637
1847.50077637
1847.50077637
1847.50077637
1847.50077637
1839.44640398
1839.44640398
1839.44640398
1839.44640398
1839.44640398
1839.44640398
1839.44640398
1839.44640398
1839.44640398
1839.44640398
1839.44640398
1839.44640398
1839.44640398
1839.44640398
1839.44640398
1839.44640398
1839.44640398
1839.44640398
1839.44640398
1836.42026934
1836.42026934
1836.42026934
1836.42026934
1836.42026934
1830.26128839
1820.13820999
1820.13820999
1818.06950399
1818.06950399
1818.06950399
1818.06950399
1818.06950399
1818.06950399
1818.06950399
1818.06950399
1818.06950399
1818.06950399
1818.06950399
1818.06950399
1818.06950399
1818.06950399
1818.06950399
1818.06950399
1818.06950399
1817.84319966
1817.84319966
1817.84319966
1817.84319966
1817.84319966
1817.84319966
1817.84319966
1817.84319966
1817.84319966
1817.84319966
1817.84319966
1817.84319966
1817.84319966
1817.84319966
1811.64360466
1796.82572695
1796.82572695
1796.82572695
1796.82572695
1796.82572695
1796.82572695
1796.82572695
1796.82572695
1796.82572695
1796.82572695
1796.82572695
1796.82572695
1796.82572695
1796.82572695
1796.82572695
1796.82572695
1796.82572695
1796.82572695
1796.82572695
1796.82572695
1796.82572695
1796.82572695
1796.82572695
1796.82572695
1796.82572695
1796.82572695
1796.82572695
1796.82572695
1796.82572695
1796.82572695
1796.82572695
1796.82572695
1796.82572695
1796.82572695
1796.82572695
1796.82572695
1796.82572695
1796.82572695
1796.82572695
1796.82572695
1796.82572695
1796.82572695
1796.82572695
1796.82572695
1786.21137124
1786.21137124
1786.21137124
1786.21137124
1786.21137124
1786.21137124
1786.21137124
1786.21137124
1786.21137124
1786.21137124
1786.21137124
1786.21137124
1786.21137124
1786.21137124
1786.21137124
1786.21137124
1786.21137124
1786.21137124
1786.21137124
1786.21137124
1786.21137124
1786.21137124
1786.21137124
1786.21137124
1786.21137124
1786.21137124
1786.21137124
1786.21137124
1786.21137124
1786.21137124
1786.21137124
1786.21137124
1786.21137124
1786.21137124
1786.21137124
1786.21137124
1786.21137124
1786.21137124
1786.21137124
1786.21137124
1786.21137124
1786.21137124
1786.21137124
1786.21137124
1786.21137124
1786.21137124
1786.21137124
1786.21137124
1786.21137124
1786.21137124
1786.21137124
1786.21137124
1786.21137124
1786.21137124
1786.21137124
1786.21137124
1786.21137124
1786.21137124
1786.21137124
1786.21137124
1786.21137124
1786.21137124
1786.21137124
1786.21137124
1786.21137124
1786.21137124
1786.21137124
1786.21137124
1786.21137124
1786.21137124
1786.21137124
1786.21137124
1786.21137124
1786.21137124
1786.21137124
1786.21137124
1786.21137124
1786.21137124
1786.21137124
1786.21137124
1786.21137124
1786.21137124
1786.21137124
1786.21137124
1786.21137124
1786.21137124
1786.21137124
1786.21137124
1786.21137124
1786.21137124
1786.21137124
1786.21137124
1786.21137124
1786.21137124
1786.21137124
1786.21137124
1786.21137124
1786.21137124
1786.21137124
1786.21137124
1786.21137124
1785.55404889
1785.55404889
1785.55404889
1785.55404889
1785.55404889
1785.55404889
1785.55404889
1785.55404889
1785.55404889
1785.55404889
1785.55404889
1785.55404889
1785.55404889
1785.55404889
1785.55404889
1785.55404889
1785.55404889
1785.55404889
1785.55404889
1785.55404889
1785.55404889
1785.55404889
1785.55404889
1785.55404889
1785.55404889
1785.55404889
1785.55404889
1785.55404889
1785.55404889
1785.55404889
1785.55404889
1785.55404889
1785.55404889
1785.55404889
1785.55404889
1785.55404889
1785.55404889
1785.55404889
1785.55404889
1785.55404889
1785.55404889
1785.55404889
1785.55404889
1785.55404889
1785.55404889
1785.55404889
1785.55404889
1785.55404889
1785.55404889
1785.55404889
1785.55404889
1785.55404889
1785.55404889
1785.55404889
1785.55404889
1785.55404889
1785.55404889
1785.55404889
1785.55404889
1785.55404889
1785.55404889
1785.55404889
1785.55404889
1785.55404889
1785.55404889
1785.55404889
1785.55404889
1785.55404889
1785.55404889
1785.55404889
1785.55404889
1785.55404889
1785.55404889
1785.55404889
1785.55404889
1785.55404889
1785.55404889
1785.55404889
1785.55404889
1785.55404889
1785.55404889
1785.55404889
1785.55404889
1785.55404889
1785.55404889
1785.55404889
1785.55404889
1785.55404889
1785.55404889
1785.55404889
1785.55404889
1785.55404889
1785.55404889
1785.55404889
1785.55404889
1785.55404889
1785.55404889
1785.55404889
1785.55404889
1785.55404889
1785.55404889
1785.55404889
1785.55404889
1785.55404889
1785.55404889
1785.55404889
1785.55404889
1785.55404889
1785.55404889
1785.55404889
1785.55404889
1785.55404889
1785.55404889
1785.55404889
1785.55404889
1785.55404889
1785.55404889
1785.55404889
1785.55404889
1785.55404889
1785.55404889
1785.55404889
1785.55404889
1785.55404889
1785.55404889
1785.55404889
1785.55404889
1785.55404889
1784.38578727
1784.38578727
1784.38578727
1784.38578727
1784.38578727
1784.38578727
1784.38578727
1784.38578727
1784.38578727
1784.38578727
1784.38578727
1784.38578727
1784.38578727
1784.38578727
1784.38578727
1784.38578727
1779.80538911
1779.80538911
1779.06117354
1779.06117354
1779.06117354
1779.06117354
1773.77143156
1773.77143156
1773.77143156
1773.77143156
1773.77143156
1773.77143156
1773.77143156
1773.77143156
1773.77143156
1773.77143156
1773.77143156
1773.77143156
1773.77143156
1773.77143156
1773.77143156
1773.77143156
1773.77143156
1773.77143156
1773.77143156
1773.77143156
1773.77143156
1773.77143156
1773.77143156
1773.77143156
1773.77143156
1773.77143156
1773.77143156
1773.77143156
1773.77143156
1773.77143156
1773.77143156
1773.77143156
1773.77143156
1773.77143156
1773.77143156
1773.77143156
1773.77143156
1773.77143156
1773.77143156
1773.77143156
1773.77143156
1773.77143156
1773.77143156
1773.77143156
1773.77143156
1773.77143156
1773.77143156
1773.77143156
1773.77143156
1773.77143156
1773.77143156
1773.77143156
1773.77143156
1773.77143156
1773.77143156
1773.77143156
1773.77143156
1773.77143156
1773.77143156
1773.77143156
1773.77143156
1773.77143156
1773.77143156
1773.77143156
1773.77143156
1773.77143156
1773.77143156
1773.77143156
1773.77143156
1773.77143156
1773.77143156
1773.77143156
1773.77143156
1773.77143156
1773.77143156
1773.77143156
1773.77143156
1773.77143156
1773.77143156
1773.77143156
1773.77143156
1773.77143156
1773.77143156
1773.77143156
1773.77143156
1773.77143156
1773.77143156
1773.77143156
1773.77143156
1773.77143156
1773.77143156
1773.77143156
1773.77143156
1773.77143156
1773.77143156
1773.77143156
1773.77143156
1773.77143156
1773.77143156
1773.77143156
1773.77143156
1773.77143156
1773.77143156
1773.77143156
1773.77143156
1773.77143156
1773.77143156
1773.77143156
1773.77143156
1773.77143156
1773.77143156
1773.77143156
1773.77143156
1773.77143156
1773.77143156
1773.77143156
1773.77143156
1773.77143156
1773.77143156
1773.77143156
1773.77143156
1773.77143156
1773.77143156
1773.77143156
1773.77143156
1773.77143156
1773.77143156
1773.77143156
1773.77143156
1773.77143156
1773.77143156
1773.77143156
1773.77143156
1773.77143156
1773.77143156
1773.77143156
1773.77143156
1773.77143156
1773.77143156
1773.77143156
1773.77143156
1773.77143156
1773.77143156
1773.77143156
1773.77143156
1773.77143156
1773.77143156
1773.77143156
1773.77143156
1773.77143156
1773.77143156
1773.77143156
1773.77143156
1773.77143156
1773.77143156
1773.77143156
1773.77143156
1773.77143156
1773.77143156
1773.77143156
1773.77143156
1773.77143156
1773.77143156
1773.77143156
1773.77143156
1773.77143156
1773.77143156
1773.77143156
1773.77143156
1773.77143156
1773.77143156
1773.77143156
1773.77143156
1773.77143156
1773.77143156
1773.77143156
1773.77143156
1773.77143156
1773.77143156
1773.77143156
1773.77143156
1773.77143156
1773.77143156
1773.77143156
1773.77143156
1773.77143156
1773.77143156
1773.77143156
1773.77143156
1773.77143156
1773.77143156
1773.77143156
1773.77143156
1773.77143156
1773.77143156
1773.77143156
1773.77143156
1773.77143156
1773.77143156
1773.77143156
1773.77143156
1773.77143156
1773.77143156
1773.77143156
1773.77143156
1773.77143156
1773.77143156
1773.77143156
1773.77143156
1773.77143156
1773.77143156
1773.77143156
1773.77143156
1773.77143156
1773.77143156
1773.77143156
1773.77143156
1773.77143156
1773.77143156
1773.77143156
1773.77143156
1773.77143156
1773.77143156
1773.77143156
1773.77143156
1773.77143156
1773.77143156
1773.77143156
1773.77143156
1773.77143156
1773.77143156
1773.77143156
1773.77143156
1773.77143156
1773.77143156
1773.77143156
1773.77143156
1773.77143156
1773.77143156
1773.77143156
1773.77143156
1773.77143156
1773.77143156
1773.77143156
1773.77143156
1773.77143156
1773.77143156
1773.77143156
1773.77143156
1773.77143156
1773.77143156
1773.77143156
1773.77143156
1773.77143156
1773.77143156
1773.77143156
1773.77143156
1773.77143156
1773.77143156
1773.77143156
1773.77143156
1773.77143156
1773.77143156
1773.77143156
1773.77143156
1773.77143156
1773.77143156
1773.77143156
1773.77143156
1773.77143156
1773.77143156
1773.77143156
1773.77143156
1773.77143156
1773.77143156
1773.77143156
1773.77143156
1773.77143156
1773.77143156
1773.77143156
1773.77143156
1773.77143156
1773.77143156
1773.77143156
1773.77143156
1773.77143156
1773.77143156
1773.77143156
1773.77143156
1773.77143156
1773.77143156
1773.77143156
1773.77143156
1773.77143156
1773.77143156
1773.77143156
1773.77143156
1773.77143156
1773.77143156
1773.77143156
1773.77143156
1773.77143156
1773.77143156
1773.77143156
1773.77143156
1773.77143156
1773.77143156
1773.77143156
1773.77143156
1773.77143156
1773.77143156
1773.77143156
1773.77143156
1773.77143156
1773.77143156
1773.77143156
1773.77143156
1773.77143156
1773.77143156
1773.77143156
1773.77143156
1773.77143156
1773.77143156
1773.77143156
1773.77143156
1773.77143156
1773.77143156
1773.77143156
1773.77143156
1773.77143156
1773.77143156
1773.77143156
1773.77143156
1773.77143156
1773.77143156
1773.77143156
1773.77143156
1773.77143156
1773.77143156
1773.77143156
1773.77143156
1773.77143156
1773.77143156
1773.77143156
1773.77143156
1773.77143156
1773.77143156
1773.77143156
1773.77143156
1773.77143156
1773.77143156
1773.77143156
1773.77143156
1773.77143156
1773.77143156
1773.77143156
1773.77143156
1773.77143156
1773.77143156
1773.77143156
1773.77143156
1773.77143156
1773.77143156
1773.77143156
1773.77143156
1773.77143156
1773.77143156
1773.77143156
1773.77143156
1773.77143156
1773.77143156
1773.77143156
1773.77143156
1773.77143156
1773.77143156
1773.77143156
1773.77143156
1773.77143156
1773.77143156
1773.77143156
1773.77143156
1773.77143156
1773.77143156
1773.77143156
1773.77143156
1773.77143156
1773.77143156
1773.77143156
1773.77143156
1773.77143156
1773.77143156
1773.77143156
1773.77143156
1773.77143156
1773.77143156
1773.77143156
1773.77143156
1773.77143156
1773.77143156
1773.77143156
1773.77143156
1773.77143156
1773.77143156
1773.77143156
1773.77143156
1773.77143156
1773.77143156
1773.77143156
1773.77143156
1773.77143156
1773.77143156
1773.77143156
1773.77143156
1773.77143156
1773.77143156
1773.77143156
1773.77143156
1773.77143156
1773.77143156
1773.77143156
1773.77143156
1773.77143156
1773.77143156
1773.77143156
1773.77143156
1773.77143156
1773.77143156
1773.77143156
1773.77143156
1773.77143156
1773.77143156
1773.77143156
1773.77143156
1773.77143156
1773.77143156
1773.77143156
1773.77143156
1773.77143156
1773.77143156
1773.77143156
1773.77143156
1773.77143156
1773.77143156
1773.77143156
1773.77143156
1773.77143156
1773.77143156
1773.77143156
1773.77143156
1773.77143156
1773.77143156
1773.77143156
1773.77143156
1773.77143156
1773.77143156
1773.77143156
1773.77143156
1773.77143156
1773.77143156
1773.77143156
1773.77143156
1773.77143156
1773.77143156
1773.77143156
1773.77143156
1773.77143156
1773.77143156
1773.77143156
1773.77143156
1773.77143156
1773.77143156
1773.77143156
1773.77143156
1773.77143156
1773.77143156
1773.77143156
1773.77143156
1773.77143156
1773.77143156
1773.77143156
1773.77143156
1773.77143156
1773.77143156
1773.77143156
1773.77143156
1773.77143156
1773.77143156
1773.77143156
1773.77143156
1773.77143156
1773.77143156
1773.77143156
1773.77143156
1773.77143156
1773.77143156
1773.77143156
1773.77143156
1773.77143156
1773.77143156
1773.77143156
1773.77143156
1773.77143156
1773.77143156
1773.77143156
1773.77143156
1773.77143156
1773.77143156
1773.77143156
1773.77143156
1773.77143156
1773.77143156
1773.77143156
1773.77143156
1773.77143156
1773.77143156
1773.77143156
1773.77143156
1773.77143156
1773.77143156
1773.77143156
1773.77143156
