2308.89331538
2232.31289134
2232.31289134
2232.31289134
2232.31289134
2108.55149699
2052.90469509
2052.90469509
2052.90469509
2052.90469509
2052.90469509
2052.90469509
2052.90469509
2052.90469509
2052.90469509
2052.90469509
2052.90469509
2052.90469509
2052.90469509
2052.90469509
1994.84812333
1994.84812333
1994.84812333
1994.84812333
1994.84812333
1987.20550044
1987.20550044
1987.20550044
1976.68682272
1976.68682272
1976.68682272
1975.19880516
1935.42824507
1935.42824507
1935.42824507
1935.42824507
1935.42824507
1923.52546922
1918.61250562
1918.61250562
1918.61250562
1918.61250562
1918.61250562
1911.66441351
1911.66441351
1883.00756597
1883.00756597
1883.00756597
1883.00756597
1883.00756597
1862.19655124
1862.19655124
1862.19655124
1848.81638618
1848.81638618
1848.81638618
1848.81638618
1848.81638618
1846.60583179
1846.60583179
1846.60583179
1846.60583179
1842.91865842
1842.91865842
1842.91865842
1842.91865842
1842.91865842
1842.91865842
1842.91865842
1841.51891728
1841.51891728
1841.51891728
1830.4254919
1802.03493231
1802.03493231
1802.03493231
1802.03493231
1802.03493231
1802.03493231
1802.03493231
1802.03493231
1802.03493231
1802.03493231
1802.03493231
1802.03493231
1802.03493231
1802.03493231
1802.03493231
1802.03493231
1802.03493231
1802.03493231
1802.03493231
1802.03493231
1802.03493231
1802.03493231
1802.03493231
1802.03493231
1802.03493231
1802.03493231
1802.03493231
1802.03493231
1802.03493231
1802.03493231
1802.03493231
1802.03493231
1802.03493231
1802.03493231
1802.03493231
1802.03493231
1802.03493231
1802.03493231
1802.03493231
1802.03493231
1802.03493231
1802.03493231
1802.03493231
1802.03493231
1802.03493231
1802.03493231
1802.03493231
1802.03493231
1802.03493231
1802.03493231
1802.03493231
1802.03493231
1802.03493231
1802.03493231
1802.03493231
1802.03493231
1802.03493231
1802.03493231
1802.03493231
1802.03493231
1802.03493231
1802.03493231
1802.03493231
1802.03493231
1802.03493231
1802.03493231
1802.03493231
1802.03493231
1802.03493231
1802.03493231
1802.03493231
1802.03493231
1802.03493231
1802.03493231
1802.03493231
1802.03493231
1802.03493231
1802.03493231
1802.03493231
1802.03493231
1802.03493231
1802.03493231
1802.03493231
1802.03493231
1802.03493231
1802.03493231
1802.03493231
1802.03493231
1802.03493231
1802.03493231
1802.03493231
1797.46454212
1797.46454212
1797.46454212
1797.46454212
1797.46454212
1797.46454212
1797.46454212
1797.46454212
1795.46454212
1795.46454212
1795.46454212
1795.46454212
1795.46454212
1795.46454212
1795.46454212
1795.46454212
1795.46454212
1791.0348573
1791.0348573
1791.0348573
1791.0348573
1791.0348573
1791.0348573
1791.0348573
1791.0348573
1791.0348573
1791.0348573
1791.0348573
1791.0348573
1791.0348573
1791.0348573
1791.0348573
1786.86788759
1785.58440049
1785.58440049
1785.58440049
1785.58440049
1785.58440049
1785.58440049
1785.58440049
1785.58440049
1785.58440049
1785.58440049
1785.58440049
1781.15471568
1781.15471568
1781.15471568
1781.15471568
1781.15471568
1781.15471568
1781.15471568
1781.15471568
1781.15471568
1781.15471568
1781.15471568
1781.15471568
1781.15471568
1781.15471568
1781.15471568
1781.15471568
1781.15471568
1781.15471568
1781.15471568
1781.15471568
1781.15471568
1781.15471568
1781.15471568
1781.15471568
1781.15471568
1781.15471568
1781.15471568
1781.15471568
1781.15471568
1781.15471568
1781.15471568
1781.15471568
1781.15471568
1781.15471568
1781.15471568
1781.15471568
1781.15471568
1781.15471568
1781.15471568
1781.15471568
1781.15471568
1781.15471568
1781.15471568
1781.15471568
1781.15471568
1781.15471568
1781.15471568
1781.15471568
1781.15471568
1781.15471568
1781.15471568
1781.15471568
1781.15471568
1781.15471568
1781.15471568
1781.15471568
1781.15471568
1781.15471568
1781.15471568
1781.15471568
1781.15471568
1781.15471568
1781.15471568
1781.15471568
1781.15471568
1781.15471568
1781.15471568
1781.15471568
1781.15471568
1781.15471568
1781.15471568
1781.15471568
1781.15471568
1781.15471568
1781.15471568
1781.15471568
1781.15471568
1781.15471568
1781.15471568
1781.15471568
1781.15471568
1781.15471568
1781.15471568
1781.15471568
1781.15471568
1781.15471568
1781.15471568
1781.15471568
1781.15471568
1781.15471568
1781.15471568
1781.15471568
1781.15471568
1781.15471568
1781.15471568
1781.15471568
1781.15471568
1781.15471568
1781.15471568
1781.15471568
1781.15471568
1781.15471568
1781.15471568
1781.15471568
1781.15471568
1781.15471568
1781.15471568
1781.15471568
1781.15471568
1781.15471568
1781.15471568
1781.15471568
1781.15471568
1781.15471568
1781.15471568
1781.15471568
1781.15471568
1781.15471568
1781.15471568
1781.15471568
1781.15471568
1781.15471568
1781.15471568
1781.15471568
1781.15471568
1781.15471568
1781.15471568
1781.15471568
1781.15471568
1781.15471568
1781.15471568
1781.15471568
1781.15471568
1781.15471568
1781.15471568
1781.15471568
1781.15471568
1781.15471568
1781.15471568
1781.15471568
1781.15471568
1781.15471568
1781.15471568
1781.15471568
1781.15471568
1781.15471568
1781.15471568
1781.15471568
1781.15471568
1781.15471568
1781.15471568
1781.15471568
1781.15471568
1781.15471568
1781.15471568
1781.15471568
1781.15471568
1781.15471568
1781.15471568
1781.15471568
1781.15471568
1781.15471568
1781.15471568
1781.15471568
1781.15471568
1781.15471568
1781.15471568
1781.15471568
1781.15471568
1781.15471568
1781.15471568
1781.15471568
1781.15471568
1781.15471568
1781.15471568
1781.15471568
1781.15471568
1781.15471568
1781.15471568
1781.15471568
1781.15471568
1781.15471568
1781.15471568
1781.15471568
1781.15471568
1781.15471568
1781.15471568
1781.15471568
1781.15471568
1781.15471568
1781.15471568
1781.15471568
1781.15471568
1781.15471568
1781.15471568
1781.15471568
1781.15471568
1781.15471568
1781.15471568
1781.15471568
1781.15471568
1781.15471568
1781.15471568
1781.15471568
1781.15471568
1781.15471568
1781.15471568
1781.15471568
1781.15471568
1781.15471568
1781.15471568
1781.15471568
1781.15471568
1781.15471568
1781.15471568
1781.15471568
1781.15471568
1781.15471568
1781.15471568
1781.15471568
1781.15471568
1781.15471568
1781.15471568
1781.15471568
1781.15471568
1781.15471568
1781.15471568
1781.15471568
1781.15471568
1781.15471568
1781.15471568
1781.15471568
1781.15471568
1781.15471568
1781.15471568
1781.15471568
1781.15471568
1781.15471568
1781.15471568
1781.15471568
1781.15471568
1781.15471568
1781.15471568
1781.15471568
1781.15471568
1781.15471568
1781.15471568
1781.15471568
1781.15471568
1781.15471568
1781.15471568
1781.15471568
1781.15471568
1781.15471568
1781.15471568
1781.15471568
1781.15471568
1781.15471568
1781.15471568
1781.15471568
1781.15471568
1781.15471568
1781.15471568
1781.15471568
1781.15471568
1781.15471568
1781.15471568
1781.15471568
1781.15471568
1781.15471568
1781.15471568
1781.15471568
1781.15471568
1781.15471568
1781.15471568
1781.15471568
1781.15471568
1781.15471568
1781.15471568
1781.15471568
1781.15471568
1781.15471568
1781.15471568
1781.15471568
1781.15471568
1781.15471568
1781.15471568
1781.15471568
1781.15471568
1781.15471568
1781.15471568
1781.15471568
1781.15471568
1781.15471568
1781.15471568
1781.15471568
1781.15471568
1781.15471568
1781.15471568
1781.15471568
1781.15471568
1781.15471568
1781.15471568
1781.15471568
1781.15471568
1781.15471568
1781.15471568
1781.15471568
1781.15471568
1781.15471568
1781.15471568
1781.15471568
1781.15471568
1781.15471568
1781.15471568
1781.15471568
1781.15471568
1781.15471568
1781.15471568
1781.15471568
1781.15471568
1781.15471568
1781.15471568
1781.15471568
1781.15471568
1781.15471568
1781.15471568
1781.15471568
1781.15471568
1781.15471568
1781.15471568
1781.15471568
1781.15471568
1781.15471568
1781.15471568
1781.15471568
1781.15471568
1781.15471568
1781.15471568
1781.15471568
1781.15471568
1781.15471568
1781.15471568
1781.15471568
1781.15471568
1781.15471568
1781.15471568
1781.15471568
1781.15471568
1781.15471568
1781.15471568
1781.15471568
1781.15471568
1781.15471568
1781.15471568
1781.15471568
1781.15471568
1781.15471568
1781.15471568
1781.15471568
1781.15471568
1781.15471568
1781.15471568
1781.15471568
1781.15471568
1781.15471568
1781.15471568
1781.15471568
1781.15471568
1781.15471568
1781.15471568
1781.15471568
1781.15471568
1781.15471568
1781.15471568
1781.15471568
1781.15471568
1781.15471568
1781.15471568
1781.15471568
1781.15471568
1781.15471568
1781.15471568
1781.15471568
1781.15471568
1781.15471568
1781.15471568
1781.15471568
1781.15471568
1781.15471568
1781.15471568
1781.15471568
1781.15471568
1781.15471568
1781.15471568
1781.15471568
1781.15471568
1781.15471568
1781.15471568
1781.15471568
1781.15471568
1781.15471568
1781.15471568
1781.15471568
1781.15471568
1781.15471568
1781.15471568
1781.15471568
1781.15471568
1781.15471568
1781.15471568
1781.15471568
1781.15471568
1781.15471568
1781.15471568
1781.15471568
1781.15471568
1781.15471568
1781.15471568
1781.15471568
1781.15471568
1781.15471568
1781.15471568
1781.15471568
1781.15471568
1781.15471568
1781.15471568
1781.15471568
1781.15471568
1781.15471568
1781.15471568
1781.15471568
1781.15471568
1781.15471568
1781.15471568
1781.15471568
1781.15471568
1781.15471568
1781.15471568
1781.15471568
1781.15471568
1781.15471568
1781.15471568
1781.15471568
1781.15471568
1781.15471568
1781.15471568
1781.15471568
1781.15471568
1781.15471568
1781.15471568
1781.15471568
1781.15471568
1781.15471568
1781.15471568
1781.15471568
1781.15471568
1781.15471568
1781.15471568
1781.15471568
1781.15471568
1781.15471568
1781.15471568
1781.15471568
1781.15471568
1781.15471568
1781.15471568
1781.15471568
1781.15471568
1781.15471568
1781.15471568
1781.15471568
1781.15471568
1781.15471568
1781.15471568
1781.15471568
1781.15471568
1781.15471568
1781.15471568
1781.15471568
1781.15471568
1781.15471568
1781.15471568
1781.15471568
1781.15471568
1781.15471568
1781.15471568
1781.15471568
1781.15471568
1781.15471568
1781.15471568
1781.15471568
1781.15471568
1781.15471568
1781.15471568
1781.15471568
1781.15471568
1781.15471568
1781.15471568
1781.15471568
1781.15471568
1781.15471568
1781.15471568
1781.15471568
1781.15471568
1781.15471568
1781.15471568
1781.15471568
1781.15471568
1781.15471568
1781.15471568
1781.15471568
1781.15471568
1781.15471568
1781.15471568
1781.15471568
1781.15471568
1781.15471568
1781.15471568
1781.15471568
1781.15471568
1781.15471568
1781.15471568
1781.15471568
1781.15471568
1781.15471568
1781.15471568
1781.15471568
1781.15471568
1781.15471568
1781.15471568
1781.15471568
1781.15471568
1781.15471568
1781.15471568
1781.15471568
1781.15471568
1781.15471568
1781.15471568
1781.15471568
1781.15471568
1781.15471568
1781.15471568
1781.15471568
1781.15471568
1781.15471568
1781.15471568
1781.15471568
1781.15471568
1781.15471568
1781.15471568
1781.15471568
1781.15471568
1781.15471568
1781.15471568
1781.15471568
1781.15471568
1781.15471568
1781.15471568
1781.15471568
1781.15471568
1781.15471568
1781.15471568
1781.15471568
1781.15471568
1781.15471568
1781.15471568
1781.15471568
1781.15471568
1781.15471568
1781.15471568
1781.15471568
1781.15471568
1781.15471568
1781.15471568
1781.15471568
1781.15471568
1781.15471568
1781.15471568
1781.15471568
1781.15471568
1781.15471568
1781.15471568
1781.15471568
1781.15471568
1781.15471568
1781.15471568
1781.15471568
1781.15471568
1781.15471568
1781.15471568
1781.15471568
1781.15471568
1781.15471568
1781.15471568
1781.15471568
1781.15471568
1781.15471568
1781.15471568
1781.15471568
1781.15471568
1781.15471568
1781.15471568
1781.15471568
1781.15471568
1781.15471568
1781.15471568
1781.15471568
1781.15471568
1781.15471568
1781.15471568
1781.15471568
1781.15471568
1781.15471568
1781.15471568
1781.15471568
1781.15471568
1781.15471568
1781.15471568
1781.15471568
1781.15471568
1781.15471568
1781.15471568
1781.15471568
1781.15471568
1781.15471568
1781.15471568
1781.15471568
1781.15471568
1781.15471568
1781.15471568
1781.15471568
1781.15471568
1781.15471568
1781.15471568
1781.15471568
1781.15471568
1781.15471568
1781.15471568
1781.15471568
1781.15471568
1781.15471568
1781.15471568
1781.15471568
1781.15471568
1781.15471568
1781.15471568
1781.15471568
1781.15471568
1781.15471568
1781.15471568
1781.15471568
1781.15471568
1781.15471568
1781.15471568
1781.15471568
1781.15471568
1781.15471568
1781.15471568
1781.15471568
1781.15471568
1781.15471568
1781.15471568
1781.15471568
1781.15471568
1781.15471568
1781.15471568
1781.15471568
1781.15471568
1781.15471568
1781.15471568
1781.15471568
1781.15471568
1781.15471568
1781.15471568
1781.15471568
1781.15471568
1781.15471568
1781.15471568
1781.15471568
1781.15471568
1781.15471568
1781.15471568
1781.15471568
1781.15471568
1781.15471568
1781.15471568
1781.15471568
1781.15471568
1781.15471568
1781.15471568
1781.15471568
1781.15471568
1781.15471568
1781.15471568
1781.15471568
1781.15471568
1781.15471568
1781.15471568
1781.15471568
1781.15471568
1781.15471568
1781.15471568
1781.15471568
1781.15471568
1781.15471568
1781.15471568
1781.15471568
1781.15471568
1781.15471568
1781.15471568
1781.15471568
1781.15471568
1781.15471568
1781.15471568
1781.15471568
1781.15471568
1781.15471568
1781.15471568
1781.15471568
1781.15471568
1781.15471568
1781.15471568
1781.15471568
1781.15471568
1781.15471568
1781.15471568
1781.15471568
1781.15471568
1781.15471568
1781.15471568
1781.15471568
1781.15471568
1781.15471568
1781.15471568
1781.15471568
1781.15471568
1781.15471568
1781.15471568
1781.15471568
1781.15471568
1781.15471568
1781.15471568
1781.15471568
1781.15471568
1781.15471568
1781.15471568
1781.15471568
1781.15471568
1781.15471568
1781.15471568
1781.15471568
1781.15471568
1781.15471568
1781.15471568
1781.15471568
1781.15471568
1781.15471568
1781.15471568
1781.15471568
1781.15471568
1781.15471568
1781.15471568
1781.15471568
1781.15471568
1781.15471568
1781.15471568
1781.15471568
1781.15471568
1781.15471568
1781.15471568
1781.15471568
1781.15471568
1781.15471568
1781.15471568
1781.15471568
1781.15471568
1781.15471568
1781.15471568
1781.15471568
1781.15471568
1781.15471568
1781.15471568
1781.15471568
1781.15471568
1781.15471568
1781.15471568
1781.15471568
1781.15471568
1781.15471568
1781.15471568
1781.15471568
