2421.60465964
2385.54987853
2384.94192075
2299.1758714
2299.1758714
2207.22747799
2207.22747799
2207.22747799
2207.22747799
2207.22747799
2207.22747799
2207.22747799
2192.11314009
2192.11314009
2192.11314009
2192.11314009
2192.11314009
2156.54861302
2119.94251389
2119.94251389
2067.4784718
2067.4784718
2067.4784718
2067.4784718
2067.4784718
2067.4784718
2031.84502622
2031.84502622
2031.84502622
2031.84502622
2026.13297888
2026.13297888
2023.0394223
1993.10869623
1993.10869623
1993.10869623
1993.10869623
1993.10869623
1993.10869623
1993.10869623
1972.76704485
1972.76704485
1957.23352433
1957.23352433
1957.23352433
1957.23352433
1957.23352433
1946.63123675
1946.63123675
1946.63123675
1943.54056681
1943.54056681
1943.54056681
1899.57879507
1899.57879507
1888.54038144
1888.54038144
1888.54038144
1888.54038144
1867.77144201
1867.77144201
1867.77144201
1867.77144201
1867.77144201
1867.77144201
1867.77144201
1867.77144201
1867.77144201
1867.77144201
1867.77144201
1867.77144201
1867.77144201
1867.77144201
1867.77144201
1867.77144201
1867.77144201
1867.77144201
1867.77144201
1867.77144201
1867.77144201
1867.77144201
1867.62146744
1867.62146744
1867.62146744
1860.03367249
1860.03367249
1860.03367249
1860.03367249
1860.03367249
1860.03367249
1860.03367249
1860.03367249
1860.03367249
1860.03367249
1860.03367249
1860.03367249
1860.03367249
1860.03367249
1860.03367249
1860.03367249
1860.03367249
1860.03367249
1860.03367249
1860.03367249
1860.03367249
1860.03367249
1860.03367249
1860.03367249
1860.03367249
1860.03367249
1860.03367249
1860.03367249
1860.03367249
1860.03367249
1860.03367249
1860.03367249
1860.03367249
1860.03367249
1860.03367249
1860.03367249
1860.03367249
1860.03367249
1860.03367249
1860.03367249
1860.03367249
1860.03367249
1860.03367249
1860.03367249
1860.03367249
1860.03367249
1860.03367249
1860.03367249
1860.03367249
1860.03367249
1860.03367249
1860.03367249
1860.03367249
1860.03367249
1860.03367249
1860.03367249
1860.03367249
1860.03367249
1860.03367249
1860.03367249
1860.03367249
1860.03367249
1860.03367249
1860.03367249
1860.03367249
1860.03367249
1860.03367249
1860.03367249
1860.03367249
1860.03367249
1860.03367249
1860.03367249
1860.03367249
1860.03367249
1860.03367249
1860.03367249
1860.03367249
1852.96869151
1852.96869151
1852.96869151
1852.96869151
1852.96869151
1852.96869151
1852.96869151
1852.96869151
1852.96869151
1852.96869151
1852.96869151
1852.96869151
1852.96869151
1852.96869151
1852.96869151
1852.96869151
1852.96869151
1852.96869151
1852.96869151
1852.96869151
1852.96869151
1852.96869151
1852.96869151
1852.96869151
1852.96869151
1852.96869151
1852.96869151
1852.96869151
1852.96869151
1852.96869151
1852.96869151
1852.96869151
1852.96869151
1852.96869151
1852.96869151
1852.96869151
1852.96869151
1852.96869151
1852.96869151
1852.96869151
1852.96869151
1852.96869151
1852.96869151
1852.96869151
1852.96869151
1852.96869151
1852.96869151
1852.96869151
1852.96869151
1852.96869151
1852.96869151
1852.96869151
1852.96869151
1852.96869151
1852.96869151
1852.96869151
1852.96869151
1852.96869151
1852.96869151
1852.96869151
1852.96869151
1852.96869151
1852.96869151
1852.96869151
1852.96869151
1852.96869151
1852.96869151
1852.96869151
1852.96869151
1852.96869151
1852.96869151
1852.96869151
1852.96869151
1852.96869151
1852.96869151
1852.96869151
1852.96869151
1852.96869151
1852.96869151
1852.96869151
1852.96869151
1852.96869151
1852.96869151
1852.96869151
1852.96869151
1852.96869151
1852.96869151
1852.96869151
1852.96869151
1852.96869151
1852.96869151
1852.96869151
1852.96869151
1852.96869151
1852.96869151
1852.96869151
1852.96869151
1852.96869151
1852.96869151
1852.96869151
1852.96869151
1852.96869151
1852.96869151
1852.96869151
1852.96869151
1852.96869151
1852.96869151
1852.96869151
1852.96869151
1852.96869151
1852.96869151
1852.96869151
1852.96869151
1852.96869151
1852.96869151
1852.96869151
1852.96869151
1852.96869151
1852.96869151
1852.96869151
1852.96869151
1852.96869151
1852.96869151
1852.96869151
1852.96869151
1852.96869151
1852.96869151
1852.96869151
1852.96869151
1852.96869151
1852.96869151
1852.96869151
1852.96869151
1852.96869151
1852.96869151
1852.96869151
1852.96869151
1852.96869151
1852.96869151
1852.96869151
1852.96869151
1852.96869151
1852.96869151
1852.96869151
1852.96869151
1852.96869151
1852.96869151
1852.96869151
1852.96869151
1852.96869151
1852.96869151
1852.96869151
1852.96869151
1852.96869151
1852.96869151
1852.96869151
1852.96869151
1852.96869151
1852.96869151
1852.96869151
1852.96869151
1852.96869151
1852.96869151
1852.96869151
1852.96869151
1852.96869151
1852.96869151
1852.96869151
1852.96869151
1852.96869151
1852.96869151
1852.96869151
1852.96869151
1852.96869151
1852.96869151
1852.96869151
1852.96869151
1852.96869151
1852.96869151
1852.96869151
1852.96869151
1852.96869151
1852.96869151
1852.96869151
1852.96869151
1852.96869151
1852.96869151
1852.96869151
1852.96869151
1852.96869151
1852.96869151
1852.96869151
1852.96869151
1852.96869151
1852.96869151
1852.96869151
1852.96869151
1852.96869151
1852.96869151
1852.96869151
1852.96869151
1852.96869151
1852.96869151
1852.96869151
1852.96869151
1852.96869151
1852.96869151
1852.96869151
1852.96869151
1852.96869151
1852.96869151
1852.96869151
1852.96869151
1852.96869151
1852.96869151
1852.96869151
1852.96869151
1852.96869151
1852.96869151
1852.96869151
1852.96869151
1852.96869151
1852.96869151
1852.96869151
1852.96869151
1852.96869151
1852.96869151
1852.96869151
1852.96869151
1852.96869151
1852.96869151
1852.96869151
1852.96869151
1852.96869151
1852.96869151
1852.96869151
1852.96869151
1852.96869151
1852.96869151
1852.96869151
1852.96869151
1852.96869151
1852.96869151
1852.96869151
1852.96869151
1852.96869151
1852.96869151
1852.96869151
1852.96869151
1852.96869151
1852.96869151
1852.96869151
1852.96869151
1852.96869151
1852.96869151
1852.96869151
1852.96869151
1852.96869151
1852.96869151
1852.96869151
1852.96869151
1852.96869151
1852.96869151
1852.96869151
1852.96869151
1852.96869151
1852.96869151
1852.96869151
1852.96869151
1852.96869151
1852.96869151
1852.96869151
1852.96869151
1852.96869151
1852.96869151
1852.96869151
1852.96869151
1852.96869151
1852.96869151
1852.96869151
1852.96869151
1852.96869151
1852.96869151
1852.96869151
1852.96869151
1852.96869151
1852.96869151
1852.96869151
1852.96869151
1852.96869151
1852.96869151
1852.96869151
1852.96869151
1852.96869151
1852.96869151
1852.96869151
1852.96869151
1852.96869151
1852.96869151
1852.96869151
1852.96869151
1852.96869151
1852.96869151
1852.96869151
1852.96869151
1852.96869151
1852.96869151
1852.96869151
1852.96869151
1852.96869151
1852.96869151
1852.96869151
1852.96869151
1852.96869151
1852.96869151
1852.96869151
1852.96869151
1852.96869151
1852.96869151
1852.96869151
1852.96869151
1852.96869151
1852.96869151
1852.96869151
1852.96869151
1852.96869151
1852.96869151
1852.96869151
1852.96869151
1852.96869151
1852.96869151
1852.96869151
1852.96869151
1852.96869151
1852.96869151
1852.96869151
1852.96869151
1852.96869151
1852.96869151
1852.96869151
1852.96869151
1852.96869151
1852.96869151
1852.96869151
1852.96869151
1852.96869151
1852.96869151
1852.96869151
1852.96869151
1852.96869151
1852.96869151
1852.96869151
1852.96869151
1852.96869151
1852.96869151
1852.96869151
1852.96869151
1852.96869151
1852.96869151
1852.96869151
1852.96869151
1852.96869151
1852.96869151
1852.96869151
1852.96869151
1852.96869151
1852.96869151
1852.96869151
1852.96869151
1852.96869151
1852.96869151
1852.96869151
1852.96869151
1852.96869151
1852.96869151
1852.96869151
1852.96869151
1852.96869151
1852.96869151
1852.96869151
1852.96869151
1852.96869151
1852.96869151
1852.96869151
1852.96869151
1852.96869151
1852.96869151
1852.96869151
1852.96869151
1852.96869151
1852.96869151
1852.96869151
1852.96869151
1852.96869151
1852.96869151
1852.96869151
1852.96869151
1852.96869151
1852.96869151
1852.96869151
1852.96869151
1852.96869151
1852.96869151
1852.96869151
1852.96869151
1852.96869151
1852.96869151
1852.96869151
1852.96869151
1852.96869151
1852.96869151
1852.96869151
1852.96869151
1852.96869151
1852.96869151
1852.96869151
1852.96869151
1852.96869151
1852.96869151
1852.96869151
1852.96869151
1852.96869151
1852.96869151
1852.96869151
1852.96869151
1852.96869151
1852.96869151
1852.96869151
1852.96869151
1852.96869151
1852.96869151
1852.96869151
1852.96869151
1852.96869151
1852.96869151
1852.96869151
1852.96869151
1852.96869151
1852.96869151
1852.96869151
1852.96869151
1852.96869151
1852.96869151
1852.96869151
1852.96869151
1852.96869151
1852.96869151
1852.96869151
1852.96869151
1852.96869151
1852.96869151
1852.96869151
1852.96869151
1852.96869151
1852.96869151
1852.96869151
1852.96869151
1852.96869151
1852.96869151
1852.96869151
1852.96869151
1852.96869151
1852.96869151
1852.96869151
1852.96869151
1852.96869151
1852.96869151
1852.96869151
1852.96869151
1852.96869151
1852.96869151
1852.96869151
1852.96869151
1852.96869151
1852.96869151
1852.96869151
1852.96869151
1852.96869151
1852.96869151
1852.96869151
1852.96869151
1852.96869151
1852.96869151
1852.96869151
1852.96869151
1852.96869151
1852.96869151
1852.96869151
1852.96869151
1852.96869151
1852.96869151
1852.96869151
1852.96869151
1852.96869151
1852.96869151
1852.96869151
1852.96869151
1852.96869151
1852.96869151
1852.96869151
1852.96869151
1852.96869151
1852.96869151
1852.96869151
1852.96869151
1852.96869151
1852.96869151
1852.96869151
1852.96869151
1852.96869151
1852.96869151
1852.96869151
1852.96869151
1852.96869151
1852.96869151
1852.96869151
1852.96869151
1852.96869151
1852.96869151
1852.96869151
1852.96869151
1852.96869151
1852.96869151
1852.96869151
1852.96869151
1852.96869151
1852.96869151
1852.96869151
1852.96869151
1852.96869151
1852.96869151
1852.96869151
1852.96869151
1852.96869151
1852.96869151
1852.96869151
1852.96869151
1852.96869151
1852.96869151
1852.96869151
1852.96869151
1852.96869151
1852.96869151
1852.96869151
1852.96869151
1852.96869151
1852.96869151
1852.96869151
1852.96869151
1852.96869151
1852.96869151
1852.96869151
1852.96869151
1852.96869151
1852.96869151
1852.96869151
1852.96869151
1852.96869151
1852.96869151
1852.96869151
1852.96869151
1852.96869151
1852.96869151
1852.96869151
1852.96869151
1852.96869151
1852.96869151
1852.96869151
1852.96869151
1852.96869151
1852.96869151
1852.96869151
1852.96869151
1852.96869151
1852.96869151
1852.96869151
1852.96869151
1852.96869151
1852.96869151
1852.96869151
1852.96869151
1852.96869151
1852.96869151
1852.96869151
1852.96869151
1852.96869151
1852.96869151
1852.96869151
1852.96869151
1852.96869151
1852.96869151
1852.96869151
1852.96869151
1852.96869151
1852.96869151
1852.96869151
1852.96869151
1852.96869151
1852.96869151
1852.96869151
1852.96869151
1852.96869151
1852.96869151
1852.96869151
1852.96869151
1852.96869151
1852.96869151
1852.96869151
1852.96869151
1852.96869151
1852.96869151
1852.96869151
1852.96869151
1852.96869151
1852.96869151
1852.96869151
1852.96869151
1852.96869151
1852.96869151
1852.96869151
1852.96869151
1852.96869151
1852.96869151
1852.96869151
1852.96869151
1852.96869151
1852.96869151
1852.96869151
1852.96869151
1852.96869151
1852.96869151
1852.96869151
1852.96869151
1852.96869151
1852.96869151
1852.96869151
1852.96869151
1852.96869151
1852.96869151
1852.96869151
1852.96869151
1852.96869151
1852.96869151
1852.96869151
1852.96869151
1852.96869151
1852.96869151
1852.96869151
1852.96869151
1852.96869151
1852.96869151
1852.96869151
1852.96869151
1852.96869151
1852.96869151
1852.96869151
1852.96869151
1852.96869151
1852.96869151
1852.96869151
1852.96869151
1852.96869151
1852.96869151
1852.96869151
1852.96869151
1852.96869151
1852.96869151
1852.96869151
1852.96869151
1852.96869151
1852.96869151
1852.96869151
1852.96869151
1852.96869151
1852.96869151
1852.96869151
1852.96869151
1852.96869151
1852.96869151
1852.96869151
1852.96869151
1852.96869151
1852.96869151
1852.96869151
1852.96869151
1852.96869151
1852.96869151
1852.96869151
1852.96869151
1852.96869151
1852.96869151
1852.96869151
1852.96869151
1852.96869151
1852.96869151
1852.96869151
1852.96869151
1852.96869151
1852.96869151
1852.96869151
1852.96869151
1852.96869151
1852.96869151
1852.96869151
1852.96869151
1852.96869151
1852.96869151
1852.96869151
1852.96869151
1852.96869151
1852.96869151
1852.96869151
1852.96869151
1852.96869151
1852.96869151
1852.96869151
1852.96869151
1852.96869151
1852.96869151
1852.96869151
1852.96869151
1852.96869151
1852.96869151
1852.96869151
1852.96869151
1852.96869151
1852.96869151
1852.96869151
1852.96869151
1852.96869151
1852.96869151
1852.96869151
1852.96869151
1852.96869151
1852.96869151
1852.96869151
1852.96869151
1852.96869151
1852.96869151
1852.96869151
1852.96869151
1852.96869151
1852.96869151
1852.96869151
1852.96869151
1852.96869151
1852.96869151
1852.96869151
1852.96869151
1852.96869151
1852.96869151
1852.96869151
1852.96869151
1852.96869151
1852.96869151
1852.96869151
1852.96869151
1852.96869151
1852.96869151
1852.96869151
1852.96869151
1852.96869151
1852.96869151
1852.96869151
1852.96869151
1852.96869151
1852.96869151
1852.96869151
1852.96869151
1852.96869151
1852.96869151
1852.96869151
1852.96869151
1852.96869151
1852.96869151
1852.96869151
1852.96869151
1852.96869151
1852.96869151
1852.96869151
1852.96869151
1852.96869151
1852.96869151
1852.96869151
1852.96869151
1852.96869151
1852.96869151
1852.96869151
1852.96869151
1852.96869151
1852.96869151
1852.96869151
1852.96869151
1852.96869151
1852.96869151
1852.96869151
1852.96869151
1852.96869151
1852.96869151
1852.96869151
1852.96869151
1852.96869151
1852.96869151
1852.96869151
1852.96869151
1852.96869151
1852.96869151
1852.96869151
1852.96869151
1852.96869151
1852.96869151
1852.96869151
1852.96869151
1852.96869151
1852.96869151
1852.96869151
1852.96869151
1852.96869151
1852.96869151
1852.96869151
1852.96869151
1852.96869151
1852.96869151
1852.96869151
1852.96869151
1852.96869151
1852.96869151
1852.96869151
1852.96869151
1852.96869151
1852.96869151
1852.96869151
1852.96869151
1852.96869151
1852.96869151
1852.96869151
1852.96869151
1852.96869151
1852.96869151
