2375.8346112
2342.00276833
2342.00276833
2297.31873443
2292.08658779
2292.08658779
2285.50442514
2285.50442514
2187.42248517
2141.80203115
2141.80203115
2094.33860985
2094.33860985
2094.33860985
2094.33860985
2094.33860985
2094.33860985
2094.33860985
2026.97749413
2026.97749413
2022.89466314
2022.89466314
2022.89466314
1932.15849638
1932.15849638
1932.15849638
1932.15849638
1932.15849638
1932.15849638
1932.15849638
1932.15849638
1932.15849638
1932.15849638
1912.79406081
1912.79406081
1912.79406081
1912.79406081
1912.79406081
1909.13360161
1909.13360161
1909.13360161
1909.13360161
1909.13360161
1909.13360161
1909.13360161
1909.13360161
1909.13360161
1909.13360161
1909.13360161
1907.79818291
1907.79818291
1907.79818291
1907.79818291
1907.79818291
1907.79818291
1907.79818291
1907.79818291
1907.79818291
1907.79818291
1907.79818291
1907.79818291
1907.79818291
1907.79818291
1907.79818291
1907.79818291
1907.79818291
1907.79818291
1907.79818291
1907.79818291
1907.79818291
1907.79818291
1907.79818291
1907.79818291
1907.47694145
1907.47694145
1907.47694145
1907.47694145
1907.47694145
1907.47694145
1907.47694145
1907.47694145
1907.47694145
1907.47694145
1907.47694145
1907.47694145
1907.47694145
1896.95618196
1896.95618196
1896.95618196
1896.95618196
1896.95618196
1896.95618196
1896.95618196
1896.95618196
1896.95618196
1896.95618196
1896.95618196
1896.95618196
1896.95618196
1896.95618196
1896.95618196
1896.95618196
1896.95618196
1879.89110183
1879.89110183
1879.89110183
1879.89110183
1879.89110183
1879.89110183
1879.89110183
1879.89110183
1879.89110183
1879.89110183
1879.89110183
1879.89110183
1879.89110183
1879.89110183
1879.89110183
1879.89110183
1838.20568267
1838.20568267
1838.20568267
1838.20568267
1838.20568267
1838.20568267
1838.20568267
1838.20568267
1838.20568267
1838.20568267
1838.20568267
1838.20568267
1838.20568267
1838.20568267
1838.20568267
1838.20568267
1838.20568267
1838.20568267
1838.20568267
1838.20568267
1838.20568267
1838.20568267
1838.20568267
1838.20568267
1838.20568267
1838.20568267
1838.20568267
1838.20568267
1838.20568267
1838.20568267
1838.20568267
1838.20568267
1838.20568267
1838.20568267
1838.20568267
1838.20568267
1838.20568267
1838.20568267
1838.20568267
1838.20568267
1838.20568267
1838.20568267
1838.20568267
1837.14266945
1837.14266945
1837.14266945
1837.14266945
1837.14266945
1837.14266945
1837.14266945
1837.14266945
1837.14266945
1837.14266945
1837.14266945
1837.14266945
1837.14266945
1837.14266945
1837.14266945
1837.14266945
1837.14266945
1837.14266945
1837.14266945
1837.14266945
1837.14266945
1837.14266945
1837.14266945
1837.14266945
1837.14266945
1837.14266945
1837.14266945
1837.14266945
1837.14266945
1837.14266945
1837.14266945
1837.14266945
1837.14266945
1837.14266945
1837.14266945
1837.14266945
1837.14266945
1837.14266945
1837.14266945
1837.14266945
1837.14266945
1837.14266945
1837.14266945
1837.14266945
1837.14266945
1837.14266945
1837.14266945
1837.14266945
1837.14266945
1837.14266945
1828.52873706
1828.52873706
1828.52873706
1828.52873706
1828.52873706
1828.52873706
1828.52873706
1828.52873706
1827.05424867
1827.05424867
1827.05424867
1827.05424867
1827.05424867
1827.05424867
1827.05424867
1827.05424867
1827.05424867
1827.05424867
1827.05424867
1827.05424867
1827.05424867
1827.05424867
1827.05424867
1827.05424867
1827.05424867
1827.05424867
1827.05424867
1827.05424867
1827.05424867
1827.05424867
1809.07992144
1809.07992144
1809.07992144
1809.07992144
1809.07992144
1809.07992144
1809.07992144
1809.07992144
1809.07992144
1809.07992144
1809.07992144
1809.07992144
1809.07992144
1809.07992144
1809.07992144
1809.07992144
1809.07992144
1809.07992144
1809.07992144
1809.07992144
1809.07992144
1809.07992144
1809.07992144
1809.07992144
1809.07992144
1809.07992144
1809.07992144
1809.07992144
1809.07992144
1809.07992144
1809.07992144
1809.07992144
1809.07992144
1809.07992144
1809.07992144
1809.07992144
1809.07992144
1809.07992144
1809.07992144
1809.07992144
1809.07992144
1809.07992144
1809.07992144
1809.07992144
1809.07992144
1809.07992144
1809.07992144
1809.07992144
1809.07992144
1809.07992144
1809.07992144
1809.07992144
1809.07992144
1809.07992144
1809.07992144
1809.07992144
1809.07992144
1809.07992144
1809.07992144
1809.07992144
1809.07992144
1809.07992144
1809.07992144
1809.07992144
1809.07992144
1809.07992144
1798.46556573
1798.46556573
1798.46556573
1798.46556573
1798.46556573
1798.46556573
1798.46556573
1798.46556573
1798.46556573
1798.46556573
1798.46556573
1798.46556573
1798.46556573
1798.46556573
1798.46556573
1798.46556573
1798.46556573
1798.46556573
1798.46556573
1798.46556573
1798.46556573
1798.46556573
1798.46556573
1798.46556573
1798.46556573
1798.46556573
1798.46556573
1798.46556573
1798.46556573
1798.46556573
1798.46556573
1798.46556573
1798.46556573
1798.46556573
1798.46556573
1798.46556573
1798.46556573
1798.46556573
1798.46556573
1798.46556573
1798.46556573
1798.46556573
1798.46556573
1798.46556573
1798.46556573
1798.46556573
1798.46556573
1798.46556573
1798.46556573
1798.46556573
1798.46556573
1798.46556573
1798.46556573
1798.46556573
1798.46556573
1798.46556573
1798.46556573
1798.46556573
1798.46556573
1798.46556573
1798.46556573
1798.46556573
1798.46556573
1798.46556573
1798.46556573
1798.46556573
1798.46556573
1798.46556573
1798.46556573
1798.46556573
1798.46556573
1798.46556573
1798.46556573
1798.46556573
1798.46556573
1798.46556573
1798.46556573
1798.46556573
1798.46556573
1798.46556573
1798.46556573
1798.46556573
1798.46556573
1798.46556573
1798.46556573
1798.46556573
1798.46556573
1798.46556573
1798.46556573
1798.46556573
1798.46556573
1798.05269902
1798.05269902
1798.05269902
1798.05269902
1798.05269902
1798.05269902
1798.05269902
1798.05269902
1798.05269902
1798.05269902
1798.05269902
1798.05269902
1798.05269902
1798.05269902
1798.05269902
1798.05269902
1798.05269902
1798.05269902
1798.05269902
1798.05269902
1798.05269902
1798.05269902
1798.05269902
1798.05269902
1798.05269902
1798.05269902
1798.05269902
1798.05269902
1798.05269902
1798.05269902
1798.05269902
1798.05269902
1798.05269902
1798.05269902
1798.05269902
1798.05269902
1798.05269902
1798.05269902
1798.05269902
1798.05269902
1798.05269902
1798.05269902
1798.05269902
1798.05269902
1798.05269902
1798.05269902
1798.05269902
1798.05269902
1798.05269902
1798.05269902
1798.05269902
1798.05269902
1798.05269902
1798.05269902
1798.05269902
1798.05269902
1798.05269902
1798.05269902
1798.05269902
1798.05269902
1798.05269902
1798.05269902
1798.05269902
1798.05269902
1798.05269902
1798.05269902
1798.05269902
1798.05269902
1798.05269902
1798.05269902
1798.05269902
1798.05269902
1798.05269902
1798.05269902
1798.05269902
1798.05269902
1798.05269902
1798.05269902
1798.05269902
1798.05269902
1798.05269902
1798.05269902
1798.05269902
1798.05269902
1798.05269902
1798.05269902
1798.05269902
1798.05269902
1798.05269902
1798.05269902
1798.05269902
1798.05269902
1798.05269902
1798.05269902
1798.05269902
1798.05269902
1798.05269902
1798.05269902
1798.05269902
1798.05269902
1798.05269902
1798.05269902
1798.05269902
1798.05269902
1798.05269902
1798.05269902
1798.05269902
1798.05269902
1798.05269902
1798.05269902
1798.05269902
1798.05269902
1798.05269902
1798.05269902
1798.05269902
1798.05269902
1798.05269902
1798.05269902
1798.05269902
1798.05269902
1798.05269902
1798.05269902
1798.05269902
1798.05269902
1798.05269902
1798.05269902
1798.05269902
1798.05269902
1798.05269902
1798.05269902
1798.05269902
1798.05269902
1798.05269902
1798.05269902
1798.05269902
1798.05269902
1798.05269902
1798.05269902
1798.05269902
1798.05269902
1798.05269902
1798.05269902
1798.05269902
1798.05269902
1798.05269902
1798.05269902
1798.05269902
1798.05269902
1798.05269902
1798.05269902
1798.05269902
1798.05269902
1798.05269902
1798.05269902
1798.05269902
1798.05269902
1798.05269902
1798.05269902
1798.05269902
1798.05269902
1798.05269902
1798.05269902
1798.05269902
1798.05269902
1798.05269902
1798.05269902
1798.05269902
1798.05269902
1798.05269902
1798.05269902
1798.05269902
1798.05269902
1798.05269902
1798.05269902
1798.05269902
1798.05269902
1798.05269902
1798.05269902
1798.05269902
1798.05269902
1798.05269902
1798.05269902
1798.05269902
1798.05269902
1798.05269902
1798.05269902
1798.05269902
1798.05269902
1798.05269902
1798.05269902
1798.05269902
1798.05269902
1798.05269902
1798.05269902
1798.05269902
1798.05269902
1798.05269902
1798.05269902
1798.05269902
1798.05269902
1798.05269902
1798.05269902
1798.05269902
1798.05269902
1798.05269902
1798.05269902
1798.05269902
1798.05269902
1798.05269902
1798.05269902
1798.05269902
1798.05269902
1798.05269902
1798.05269902
1798.05269902
1798.05269902
1798.05269902
1798.05269902
1798.05269902
1798.05269902
1798.05269902
1798.05269902
1798.05269902
1798.05269902
1798.05269902
1798.05269902
1798.05269902
1798.05269902
1798.05269902
1798.05269902
1798.05269902
1798.05269902
1798.05269902
1798.05269902
1798.05269902
1798.05269902
1798.05269902
1798.05269902
1798.05269902
1798.05269902
1798.05269902
1798.05269902
1798.05269902
1798.05269902
1798.05269902
1798.05269902
1798.05269902
1798.05269902
1798.05269902
1798.05269902
1798.05269902
1798.05269902
1798.05269902
1798.05269902
1798.05269902
1798.05269902
1798.05269902
1798.05269902
1798.05269902
1798.05269902
1798.05269902
1798.05269902
1798.05269902
1798.05269902
1798.05269902
1798.05269902
1798.05269902
1798.05269902
1798.05269902
1798.05269902
1798.05269902
1798.05269902
1798.05269902
1798.05269902
1798.05269902
1798.05269902
1798.05269902
1798.05269902
1798.05269902
1798.05269902
1798.05269902
1798.05269902
1798.05269902
1798.05269902
1798.05269902
1798.05269902
1798.05269902
1798.05269902
1798.05269902
1798.05269902
1798.05269902
1798.05269902
1798.05269902
1798.05269902
1798.05269902
1798.05269902
1798.05269902
1798.05269902
1798.05269902
1798.05269902
1798.05269902
1798.05269902
1798.05269902
1798.05269902
1798.05269902
1798.05269902
1798.05269902
1798.05269902
1798.05269902
1798.05269902
1798.05269902
1798.05269902
1798.05269902
1798.05269902
1798.05269902
1798.05269902
1798.05269902
1798.05269902
1798.05269902
1798.05269902
1798.05269902
1798.05269902
1798.05269902
1798.05269902
1798.05269902
1798.05269902
1798.05269902
1798.05269902
1798.05269902
1798.05269902
1798.05269902
1798.05269902
1798.05269902
1798.05269902
1798.05269902
1798.05269902
1798.05269902
1798.05269902
1798.05269902
1798.05269902
1798.05269902
1798.05269902
1798.05269902
1798.05269902
1798.05269902
1798.05269902
1798.05269902
1798.05269902
1798.05269902
1798.05269902
1798.05269902
1798.05269902
1798.05269902
1798.05269902
1798.05269902
1798.05269902
1798.05269902
1798.05269902
1798.05269902
1798.05269902
1798.05269902
1798.05269902
1798.05269902
1798.05269902
1798.05269902
1798.05269902
1798.05269902
1798.05269902
1798.05269902
1798.05269902
1798.05269902
1798.05269902
1798.05269902
1798.05269902
1798.05269902
1798.05269902
1798.05269902
1798.05269902
1798.05269902
1798.05269902
1798.05269902
1798.05269902
1798.05269902
1798.05269902
1798.05269902
1798.05269902
1798.05269902
1798.05269902
1798.05269902
1798.05269902
1798.05269902
1798.05269902
1798.05269902
1798.05269902
1798.05269902
1798.05269902
1798.05269902
1798.05269902
1798.05269902
1798.05269902
1798.05269902
1798.05269902
1798.05269902
1798.05269902
1798.05269902
1798.05269902
1798.05269902
1798.05269902
1798.05269902
1798.05269902
1798.05269902
1798.05269902
1798.05269902
1798.05269902
1798.05269902
1798.05269902
1798.05269902
1798.05269902
1798.05269902
1798.05269902
1798.05269902
1798.05269902
1798.05269902
1798.05269902
1798.05269902
1798.05269902
1798.05269902
1798.05269902
1798.05269902
1798.05269902
1798.05269902
1798.05269902
1798.05269902
1798.05269902
1798.05269902
1798.05269902
1798.05269902
1798.05269902
1798.05269902
1798.05269902
1798.05269902
1798.05269902
1798.05269902
1798.05269902
1798.05269902
1798.05269902
1798.05269902
1798.05269902
1798.05269902
1798.05269902
1798.05269902
1798.05269902
1798.05269902
1798.05269902
1798.05269902
1798.05269902
1798.05269902
1798.05269902
1798.05269902
1798.05269902
1798.05269902
1798.05269902
1798.05269902
1798.05269902
1798.05269902
1798.05269902
1798.05269902
1798.05269902
1798.05269902
1798.05269902
1798.05269902
1798.05269902
1798.05269902
1798.05269902
1798.05269902
1798.05269902
1798.05269902
1798.05269902
1798.05269902
1798.05269902
1798.05269902
1798.05269902
1798.05269902
1798.05269902
1798.05269902
1798.05269902
1798.05269902
1798.05269902
1798.05269902
1798.05269902
1798.05269902
1798.05269902
1798.05269902
1798.05269902
1798.05269902
1798.05269902
1798.05269902
1798.05269902
1798.05269902
1798.05269902
1798.05269902
1798.05269902
1798.05269902
1798.05269902
1798.05269902
1798.05269902
1798.05269902
1798.05269902
1798.05269902
1798.05269902
1798.05269902
1798.05269902
1798.05269902
1798.05269902
1798.05269902
1798.05269902
1798.05269902
1798.05269902
1798.05269902
1798.05269902
1798.05269902
1798.05269902
1798.05269902
1798.05269902
1798.05269902
1798.05269902
1798.05269902
1798.05269902
1798.05269902
1798.05269902
1798.05269902
1798.05269902
1798.05269902
1798.05269902
1798.05269902
1798.05269902
1798.05269902
1798.05269902
1798.05269902
1798.05269902
1798.05269902
1798.05269902
1798.05269902
1798.05269902
1798.05269902
1798.05269902
1798.05269902
1798.05269902
1798.05269902
1798.05269902
1798.05269902
1798.05269902
1798.05269902
1798.05269902
1798.05269902
1798.05269902
1798.05269902
1798.05269902
1798.05269902
1798.05269902
1798.05269902
1798.05269902
1798.05269902
1798.05269902
1798.05269902
1798.05269902
1798.05269902
1798.05269902
1798.05269902
1798.05269902
1798.05269902
1798.05269902
1798.05269902
1798.05269902
1798.05269902
1798.05269902
1798.05269902
1798.05269902
1798.05269902
1798.05269902
1798.05269902
1798.05269902
1798.05269902
1798.05269902
1798.05269902
1798.05269902
1798.05269902
1798.05269902
1798.05269902
1798.05269902
1798.05269902
1798.05269902
1798.05269902
1798.05269902
1798.05269902
1798.05269902
1798.05269902
1798.05269902
1798.05269902
1798.05269902
1798.05269902
