2400.94550787
2272.57076908
2234.28272679
2234.28272679
2140.93934885
2140.93934885
2140.93934885
2067.33052346
2067.33052346
2067.33052346
2067.33052346
2067.33052346
2067.33052346
2067.33052346
2067.33052346
2062.99566647
2062.99566647
2062.99566647
2062.99566647
2062.99566647
2020.61681747
2020.61681747
2014.73133056
1983.94257839
1936.63826962
1936.63826962
1931.80393152
1877.54710381
1877.54710381
1877.54710381
1877.54710381
1877.54710381
1877.54710381
1877.54710381
1877.54710381
1877.54710381
1877.54710381
1876.0795687
1876.0795687
1870.72199972
1870.72199972
1870.72199972
1870.72199972
1870.72199972
1870.72199972
1870.72199972
1860.22069151
1844.44332223
1844.44332223
1844.44332223
1834.81668118
1834.81668118
1834.81668118
1834.81668118
1834.81668118
1834.81668118
1834.81668118
1834.81668118
1834.81668118
1834.81668118
1834.81668118
1828.44957124
1828.44957124
1828.44957124
1828.44957124
1828.44957124
1828.44957124
1828.44957124
1828.44957124
1828.44957124
1828.44957124
1828.44957124
1828.44957124
1828.44957124
1828.44957124
1828.44957124
1828.44957124
1828.44957124
1828.44957124
1823.07924177
1823.07924177
1823.07924177
1823.07924177
1823.07924177
1823.07924177
1823.07924177
1823.07924177
1818.08614116
1818.08614116
1818.08614116
1818.08614116
1818.08614116
1818.08614116
1818.08614116
1818.08614116
1818.08614116
1818.08614116
1810.8727333
1810.8727333
1810.8727333
1810.8727333
1810.8727333
1810.8727333
1810.8727333
1810.8727333
1810.8727333
1810.8727333
1810.8727333
1810.8727333
1810.8727333
1810.8727333
1810.8727333
1810.8727333
1810.8727333
1810.8727333
1810.8727333
1810.8727333
1810.8727333
1810.8727333
1810.8727333
1810.8727333
1810.8727333
1810.8727333
1810.8727333
1810.8727333
1810.8727333
1810.8727333
1810.8727333
1810.8727333
1810.8727333
1810.8727333
1810.8727333
1810.8727333
1810.8727333
1810.8727333
1810.8727333
1810.8727333
1810.8727333
1810.8727333
1810.8727333
1810.8727333
1809.52779122
1809.52779122
1804.05285314
1804.05285314
1804.05285314
1799.64858044
1796.83944528
1796.83944528
1796.83944528
1796.83944528
1796.83944528
1796.83944528
1796.83944528
1796.83944528
1796.83944528
1796.83944528
1796.83944528
1796.83944528
1796.83944528
1796.83944528
1796.83944528
1796.83944528
1796.83944528
1796.83944528
1796.83944528
1796.83944528
1796.83944528
1796.83944528
1796.83944528
1796.83944528
1796.83944528
1796.83944528
1796.83944528
1796.83944528
1796.83944528
1796.83944528
1796.83944528
1796.83944528
1796.83944528
1796.83944528
1796.83944528
1796.83944528
1796.83944528
1796.83944528
1796.83944528
1796.83944528
1796.83944528
1796.83944528
1796.83944528
1796.83944528
1796.83944528
1796.83944528
1796.83944528
1796.83944528
1796.83944528
1796.83944528
1796.83944528
1796.83944528
1796.83944528
1796.83944528
1796.83944528
1796.83944528
1796.83944528
1796.83944528
1796.83944528
1796.83944528
1796.83944528
1796.83944528
1796.83944528
1796.83944528
1796.83944528
1796.83944528
1796.83944528
1796.83944528
1796.83944528
1796.83944528
1796.83944528
1796.83944528
1796.83944528
1796.83944528
1796.83944528
1796.83944528
1796.83944528
1796.83944528
1796.83944528
1796.83944528
1796.83944528
1796.83944528
1796.83944528
1796.83944528
1796.83944528
1796.83944528
1796.83944528
1796.83944528
1796.83944528
1796.83944528
1796.83944528
1795.54315821
1795.21035109
1795.21035109
1795.21035109
1795.21035109
1795.21035109
1795.21035109
1795.21035109
1795.21035109
1795.21035109
1795.21035109
1789.70971525
1789.70971525
1789.70971525
1786.90058009
1786.90058009
1786.90058009
1786.90058009
1786.90058009
1786.90058009
1786.90058009
1786.90058009
1786.90058009
1786.90058009
1786.90058009
1786.90058009
1786.90058009
1786.90058009
1786.90058009
1786.90058009
1786.90058009
1786.90058009
1786.90058009
1786.90058009
1786.90058009
1786.90058009
1786.90058009
1786.90058009
1786.90058009
1786.90058009
1786.90058009
1786.90058009
1786.90058009
1786.90058009
1786.90058009
1786.90058009
1786.90058009
1786.90058009
1786.90058009
1786.90058009
1786.90058009
1786.90058009
1786.90058009
1786.90058009
1786.90058009
1786.90058009
1786.90058009
1786.90058009
1786.90058009
1786.90058009
1786.90058009
1786.90058009
1786.90058009
1786.90058009
1786.90058009
1786.90058009
1786.90058009
1786.90058009
1786.90058009
1786.90058009
1786.90058009
1786.90058009
1786.90058009
1781.86934848
1781.53654136
1781.53654136
1781.53654136
1781.53654136
1781.53654136
1781.53654136
1781.53654136
1781.53654136
1781.53654136
1781.53654136
1781.53654136
1781.53654136
1781.53654136
1781.53654136
1781.53654136
1781.53654136
1781.53654136
1781.53654136
1781.53654136
1781.53654136
1781.53654136
1781.53654136
1781.53654136
1781.53654136
1781.53654136
1781.53654136
1781.53654136
1781.53654136
1781.53654136
1781.53654136
1781.53654136
1781.53654136
1781.53654136
1781.53654136
1781.53654136
1781.53654136
1781.53654136
1781.53654136
1781.53654136
1781.53654136
1781.53654136
1781.53654136
1779.40416332
1779.40416332
1779.40416332
1779.40416332
1779.40416332
1779.40416332
1779.40416332
1779.40416332
1776.59502815
1776.59502815
1776.59502815
1776.59502815
1776.59502815
1776.59502815
1776.59502815
1776.59502815
1776.59502815
1776.59502815
1776.59502815
1776.59502815
1776.59502815
1776.59502815
1776.59502815
1776.59502815
1776.59502815
1776.59502815
1776.59502815
1776.59502815
1776.59502815
1776.59502815
1776.59502815
1776.59502815
1776.59502815
1776.59502815
1776.59502815
1776.59502815
1776.59502815
1776.59502815
1776.59502815
1776.59502815
1776.59502815
1776.59502815
1776.59502815
1776.59502815
1776.59502815
1776.59502815
1776.59502815
1776.59502815
1776.59502815
1776.59502815
1776.59502815
1776.59502815
1776.59502815
1776.59502815
1776.59502815
1776.59502815
1776.59502815
1776.59502815
1776.59502815
1776.59502815
1776.59502815
1776.59502815
1776.59502815
1776.59502815
1776.59502815
1776.59502815
1776.59502815
1776.59502815
1776.59502815
1776.59502815
1776.59502815
1776.59502815
1776.59502815
1776.59502815
1776.59502815
1776.59502815
1776.59502815
1776.59502815
1776.59502815
1776.59502815
1776.59502815
1776.59502815
1776.59502815
1776.59502815
1776.59502815
1776.59502815
1776.59502815
1776.59502815
1776.59502815
1776.59502815
1776.59502815
1776.59502815
1776.59502815
1776.59502815
1776.59502815
1776.59502815
1776.59502815
1776.59502815
1776.59502815
1776.59502815
1776.59502815
1776.59502815
1776.59502815
1776.59502815
1776.59502815
1776.59502815
1776.59502815
1776.59502815
1776.59502815
1776.59502815
1776.59502815
1776.59502815
1776.59502815
1776.59502815
1776.59502815
1776.59502815
1776.59502815
1776.59502815
1776.59502815
1776.59502815
1776.59502815
1776.59502815
1776.59502815
1776.59502815
1776.59502815
1776.59502815
1776.59502815
1776.59502815
1776.59502815
1776.59502815
1776.59502815
1776.59502815
1776.59502815
1776.59502815
1776.59502815
1776.59502815
1776.59502815
1776.59502815
1776.59502815
1776.59502815
1776.59502815
1776.59502815
1776.59502815
1776.59502815
1776.59502815
1776.59502815
1776.59502815
1776.59502815
1776.59502815
1776.59502815
1776.59502815
1776.59502815
1776.59502815
1776.59502815
1776.59502815
1776.59502815
1776.59502815
1776.59502815
1776.59502815
1776.59502815
1776.59502815
1776.59502815
1776.59502815
1776.59502815
1776.59502815
1776.59502815
1776.59502815
1776.59502815
1776.59502815
1776.59502815
1776.59502815
1776.59502815
1776.59502815
1776.59502815
1776.59502815
1776.59502815
1776.59502815
1776.59502815
1776.59502815
1776.59502815
1776.59502815
1776.59502815
1776.59502815
1776.59502815
1776.59502815
1776.59502815
1776.59502815
1776.59502815
1776.59502815
1776.59502815
1776.59502815
1776.59502815
1776.59502815
1776.59502815
1776.59502815
1776.59502815
1776.59502815
1776.59502815
1776.59502815
1776.59502815
1776.59502815
1776.59502815
1776.59502815
1776.59502815
1776.59502815
1776.59502815
1776.59502815
1776.59502815
1776.59502815
1776.59502815
1776.59502815
1776.59502815
1776.59502815
1776.59502815
1776.59502815
1776.59502815
1776.59502815
1776.59502815
1776.59502815
1776.59502815
1776.59502815
1776.59502815
1776.59502815
1776.59502815
1776.59502815
1776.59502815
1776.59502815
1776.59502815
1776.59502815
1776.59502815
1776.59502815
1776.59502815
1776.59502815
1776.59502815
1776.59502815
1776.59502815
1776.59502815
1776.59502815
1776.59502815
1776.59502815
1776.59502815
1776.59502815
1776.59502815
1776.59502815
1776.59502815
1776.59502815
1776.59502815
1776.59502815
1776.59502815
1776.59502815
1776.59502815
1776.59502815
1776.59502815
1776.59502815
1776.59502815
1776.59502815
1776.59502815
1776.59502815
1776.59502815
1776.59502815
1776.59502815
1776.59502815
1776.59502815
1776.59502815
1776.59502815
1776.59502815
1776.59502815
1776.59502815
1776.59502815
1776.59502815
1776.59502815
1776.59502815
1776.59502815
1776.59502815
1776.59502815
1776.59502815
1776.59502815
1776.59502815
1776.59502815
1776.59502815
1776.59502815
1776.59502815
1776.59502815
1776.59502815
1776.59502815
1776.59502815
1776.59502815
1776.59502815
1776.59502815
1776.59502815
1776.59502815
1776.59502815
1776.59502815
1776.59502815
1776.59502815
1776.59502815
1776.59502815
1776.59502815
1776.59502815
1776.59502815
1776.59502815
1776.59502815
1776.59502815
1776.59502815
1776.59502815
1776.59502815
1776.59502815
1776.59502815
1776.59502815
1776.59502815
1776.59502815
1776.59502815
1776.59502815
1776.59502815
1776.59502815
1776.59502815
1776.59502815
1776.59502815
1776.59502815
1776.59502815
1776.59502815
1776.59502815
1776.59502815
1776.59502815
1776.59502815
1776.59502815
1776.59502815
1776.59502815
1776.59502815
1776.59502815
1776.59502815
1776.59502815
1776.59502815
1776.59502815
1776.59502815
1776.59502815
1776.59502815
1776.59502815
1776.59502815
1776.59502815
1776.59502815
1776.59502815
1776.59502815
1776.59502815
1776.59502815
1776.59502815
1776.59502815
1776.59502815
1776.59502815
1776.59502815
1776.59502815
1776.59502815
1776.59502815
1776.59502815
1776.59502815
1776.59502815
1776.59502815
1776.59502815
1776.59502815
1776.59502815
1776.59502815
1776.59502815
1776.59502815
1776.59502815
1776.59502815
1776.59502815
1776.59502815
1776.59502815
1776.59502815
1776.59502815
1776.59502815
1776.59502815
1776.59502815
1776.59502815
1776.59502815
1776.59502815
1776.59502815
1776.59502815
1776.59502815
1776.59502815
1776.59502815
1776.59502815
1776.59502815
1776.59502815
1776.59502815
1776.59502815
1776.59502815
1776.59502815
1776.59502815
1776.59502815
1776.59502815
1776.59502815
1776.59502815
1776.59502815
1776.59502815
1776.59502815
1776.59502815
1776.59502815
1776.59502815
1776.59502815
1776.59502815
1776.59502815
1776.59502815
1776.59502815
1776.59502815
1776.59502815
1776.59502815
1776.59502815
1776.59502815
1776.59502815
1776.59502815
1776.59502815
1776.59502815
1776.59502815
1776.59502815
1776.59502815
1776.59502815
1776.59502815
1776.59502815
1776.59502815
1776.59502815
1776.59502815
1776.59502815
1776.59502815
1776.59502815
1776.59502815
1776.59502815
1776.59502815
1776.59502815
1776.59502815
1776.59502815
1776.59502815
1776.59502815
1776.59502815
1776.59502815
1776.59502815
1776.59502815
1776.59502815
1776.59502815
1776.59502815
1776.59502815
1776.59502815
1776.59502815
1776.59502815
1776.59502815
1776.59502815
1776.59502815
1776.59502815
1776.59502815
1776.59502815
1776.59502815
1776.59502815
1776.59502815
1776.59502815
1776.59502815
1776.59502815
1776.59502815
1776.59502815
1776.59502815
1776.59502815
1776.59502815
1776.59502815
1776.59502815
1776.59502815
1776.59502815
1776.59502815
1776.59502815
1776.59502815
1776.59502815
1776.59502815
1776.59502815
1776.59502815
1776.59502815
1776.59502815
1776.59502815
1776.59502815
1776.59502815
1776.59502815
1776.59502815
1776.59502815
1776.59502815
1776.59502815
1776.59502815
1776.59502815
1776.59502815
1776.59502815
1776.59502815
1776.59502815
1776.59502815
1776.59502815
1776.59502815
1776.59502815
1776.59502815
1776.59502815
1776.59502815
1776.59502815
1776.59502815
1776.59502815
1776.59502815
1776.59502815
1776.59502815
1776.59502815
1776.59502815
1776.59502815
1776.59502815
1776.59502815
1776.59502815
1776.59502815
1776.59502815
1776.59502815
1776.59502815
1776.59502815
1776.59502815
1776.59502815
1776.59502815
1776.59502815
1776.59502815
1776.59502815
1776.59502815
1776.59502815
1776.59502815
1776.59502815
1776.59502815
1776.59502815
1776.59502815
1776.59502815
1776.59502815
1776.59502815
1776.59502815
1776.59502815
1776.59502815
1776.59502815
1776.59502815
1776.59502815
1776.59502815
1776.59502815
1776.59502815
1776.59502815
1776.59502815
1776.59502815
1776.59502815
1776.59502815
1776.59502815
1776.59502815
1776.59502815
1776.59502815
1776.59502815
1776.59502815
1776.59502815
1776.59502815
1776.59502815
1776.59502815
1776.59502815
1776.59502815
1776.59502815
1776.59502815
1776.59502815
1776.59502815
1776.59502815
1776.59502815
1776.59502815
1776.59502815
1776.59502815
1776.59502815
1776.59502815
1776.59502815
1776.59502815
1776.59502815
1776.59502815
1776.59502815
1776.59502815
1776.59502815
1776.59502815
1776.59502815
1776.59502815
1776.59502815
1776.59502815
1776.59502815
1776.59502815
1776.59502815
1776.59502815
1776.59502815
1776.59502815
1776.59502815
1776.59502815
1776.59502815
1776.59502815
1776.59502815
1776.59502815
1776.59502815
1776.59502815
1776.59502815
1776.59502815
1776.59502815
1776.59502815
1776.59502815
1776.59502815
1776.59502815
1776.59502815
1776.59502815
1776.59502815
1776.59502815
1776.59502815
1776.59502815
1776.59502815
1776.59502815
1776.59502815
1776.59502815
1776.59502815
1776.59502815
1776.59502815
1776.59502815
1776.59502815
1776.59502815
1776.59502815
1776.59502815
1776.59502815
1776.59502815
1776.59502815
1776.59502815
1776.59502815
1776.59502815
1776.59502815
1776.59502815
1776.59502815
1776.59502815
1776.59502815
1776.59502815
1776.59502815
1776.59502815
1776.59502815
1776.59502815
1776.59502815
1776.59502815
1776.59502815
1776.59502815
1776.59502815
1776.59502815
1776.59502815
1776.59502815
1776.59502815
1776.59502815
1776.59502815
1776.59502815
1776.59502815
1776.59502815
