2312.37979893
2312.37979893
2256.0917034
2256.0917034
2240.69698621
2215.86063952
2215.86063952
2126.08701783
2126.08701783
2115.86475345
2115.86475345
2033.28472318
2015.26345384
2015.26345384
2015.26345384
2015.26345384
2015.26345384
2015.26345384
2015.26345384
2015.26345384
2015.26345384
2015.26345384
2015.26345384
2015.26345384
2015.26345384
2015.26345384
2015.26345384
2015.26345384
2015.26345384
2015.26345384
2015.26345384
2015.26345384
2015.26345384
2015.26345384
2015.26345384
2015.26345384
2015.26345384
2015.26345384
2015.26345384
2015.26345384
2015.26345384
2015.26345384
2015.26345384
2015.26345384
2015.26345384
2015.26345384
2015.26345384
1984.54467712
1984.54467712
1966.0373217
1930.31660599
1930.31660599
1930.31660599
1930.31660599
1930.31660599
1930.31660599
1930.31660599
1930.31660599
1930.31660599
1930.31660599
1930.31660599
1930.31660599
1930.31660599
1930.31660599
1930.31660599
1930.31660599
1930.31660599
1930.31660599
1930.31660599
1930.31660599
1930.31660599
1930.31660599
1930.31660599
1903.73549351
1903.73549351
1903.73549351
1903.73549351
1903.73549351
1903.73549351
1903.73549351
1903.73549351
1903.73549351
1903.73549351
1903.73549351
1903.73549351
1903.73549351
1903.73549351
1903.73549351
1903.73549351
1903.73549351
1903.73549351
1903.73549351
1903.73549351
1903.73549351
1903.73549351
1903.73549351
1903.73549351
1903.73549351
1903.73549351
1903.73549351
1903.73549351
1903.73549351
1903.73549351
1903.73549351
1903.73549351
1903.73549351
1903.73549351
1903.73549351
1903.73549351
1903.73549351
1903.73549351
1903.73549351
1903.73549351
1903.73549351
1901.7347218
1901.7347218
1901.7347218
1901.7347218
1901.7347218
1901.7347218
1901.7347218
1897.25582964
1897.25582964
1897.25582964
1897.25582964
1897.25582964
1897.25582964
1897.25582964
1897.25582964
1897.25582964
1897.25582964
1897.25582964
1897.25582964
1897.25582964
1896.71206226
1896.71206226
1896.71206226
1896.71206226
1896.71206226
1896.13996646
1896.13996646
1894.45958351
1894.45958351
1893.91581613
1893.91581613
1893.91581613
1893.91581613
1893.91581613
1893.91581613
1893.91581613
1893.91581613
1893.91581613
1893.91581613
1893.91581613
1893.91581613
1893.91581613
1893.91581613
1893.91581613
1893.91581613
1893.91581613
1893.91581613
1893.91581613
1893.91581613
1893.91581613
1893.91581613
1893.91581613
1893.91581613
1893.91581613
1893.91581613
1893.91581613
1893.91581613
1893.91581613
1893.91581613
1893.91581613
1893.91581613
1893.91581613
1891.06912821
1891.06912821
1891.06912821
1891.06912821
1891.06912821
1891.06912821
1891.06912821
1891.06912821
1891.06912821
1891.06912821
1891.06912821
1891.06912821
1891.06912821
1891.06912821
1891.06912821
1891.06912821
1891.06912821
1891.06912821
1891.06912821
1891.06912821
1891.06912821
1891.06912821
1891.06912821
1891.06912821
1891.06912821
1891.06912821
1891.06912821
1891.06912821
1891.06912821
1891.06912821
1891.06912821
1891.06912821
1890.6416528
1876.48253209
1876.48253209
1876.48253209
1876.48253209
1876.48253209
1876.48253209
1876.48253209
1876.48253209
1876.48253209
1876.48253209
1876.48253209
1876.48253209
1876.48253209
1876.48253209
1876.48253209
1876.48253209
1876.48253209
1876.48253209
1876.48253209
1876.48253209
1876.48253209
1876.48253209
1876.48253209
1876.48253209
1876.48253209
1876.48253209
1876.48253209
1876.48253209
1876.48253209
1876.48253209
1876.48253209
1876.48253209
1876.48253209
1876.48253209
1876.48253209
1876.48253209
1876.48253209
1876.48253209
1876.48253209
1876.48253209
1876.48253209
1876.48253209
1869.96340145
1869.96340145
1869.96340145
1869.96340145
1869.96340145
1869.96340145
1869.96340145
1869.96340145
1869.96340145
1869.96340145
1869.96340145
1869.96340145
1869.96340145
1869.96340145
1869.96340145
1869.96340145
1869.96340145
1869.96340145
1869.96340145
1869.96340145
1869.96340145
1869.96340145
1869.96340145
1869.96340145
1869.96340145
1869.96340145
1869.96340145
1869.96340145
1869.96340145
1869.96340145
1869.96340145
1869.96340145
1869.96340145
1869.96340145
1869.96340145
1869.96340145
1869.96340145
1869.96340145
1869.96340145
1869.96340145
1869.96340145
1869.96340145
1869.96340145
1869.96340145
1869.96340145
1869.96340145
1869.96340145
1869.96340145
1869.96340145
1869.96340145
1869.96340145
1869.96340145
1869.96340145
1869.96340145
1869.96340145
1869.96340145
1869.96340145
1869.96340145
1869.96340145
1869.96340145
1869.96340145
1869.96340145
1869.96340145
1869.96340145
1869.96340145
1869.96340145
1869.96340145
1869.96340145
1869.96340145
1869.96340145
1869.96340145
1869.96340145
1869.96340145
1869.96340145
1869.96340145
1869.96340145
1869.96340145
1869.96340145
1869.96340145
1869.96340145
1869.96340145
1869.96340145
1869.96340145
1869.96340145
1869.96340145
1869.96340145
1869.96340145
1869.96340145
1869.96340145
1869.96340145
1869.96340145
1869.96340145
1869.96340145
1869.96340145
1869.96340145
1869.96340145
1869.96340145
1869.96340145
1869.96340145
1869.96340145
1869.96340145
1869.96340145
1869.96340145
1869.96340145
1869.96340145
1869.96340145
1869.96340145
1869.96340145
1869.96340145
1869.96340145
1869.96340145
1869.96340145
1869.96340145
1869.96340145
1869.96340145
1869.96340145
1869.96340145
1869.96340145
1869.96340145
1869.96340145
1869.96340145
1869.96340145
1869.96340145
1869.96340145
1869.96340145
1869.96340145
1869.96340145
1869.96340145
1869.96340145
1869.96340145
1869.96340145
1869.96340145
1869.96340145
1869.96340145
1869.96340145
1869.96340145
1869.96340145
1869.96340145
1869.96340145
1869.96340145
1869.96340145
1869.96340145
1869.96340145
1869.96340145
1869.96340145
1869.96340145
1869.96340145
1869.96340145
1869.96340145
1869.96340145
1869.96340145
1869.96340145
1869.96340145
1869.96340145
1869.96340145
1869.96340145
1869.96340145
1869.96340145
1869.96340145
1869.96340145
1869.96340145
1869.96340145
1869.96340145
1869.96340145
1869.96340145
1869.96340145
1869.96340145
1869.96340145
1869.96340145
1869.96340145
1869.96340145
1869.96340145
1869.96340145
1869.96340145
1869.96340145
1869.96340145
1869.96340145
1869.96340145
1869.96340145
1869.96340145
1869.96340145
1869.96340145
1869.96340145
1869.96340145
1869.96340145
1869.96340145
1869.96340145
1869.96340145
1869.96340145
1869.96340145
1869.96340145
1869.96340145
1869.96340145
1869.96340145
1869.96340145
1869.96340145
1869.96340145
1869.96340145
1869.96340145
1869.96340145
1869.96340145
1869.96340145
1869.96340145
1869.96340145
1869.96340145
1869.96340145
1869.96340145
1869.96340145
1869.96340145
1869.96340145
1869.96340145
1869.96340145
1869.96340145
1869.96340145
1869.96340145
1869.96340145
1869.96340145
1869.96340145
1869.96340145
1869.96340145
1869.96340145
1869.96340145
1869.96340145
1869.96340145
1869.96340145
1869.96340145
1869.96340145
1869.96340145
1869.96340145
1869.96340145
1869.96340145
1869.96340145
1869.96340145
1869.96340145
1869.96340145
1869.96340145
1869.96340145
1869.96340145
1869.96340145
1869.96340145
1869.96340145
1869.96340145
1869.96340145
1869.96340145
1869.96340145
1869.96340145
1869.96340145
1869.96340145
1869.96340145
1869.96340145
1869.96340145
1869.96340145
1869.96340145
1869.96340145
1869.96340145
1869.96340145
1869.96340145
1869.96340145
1869.96340145
1869.96340145
1869.96340145
1869.96340145
1869.96340145
1869.96340145
1869.96340145
1869.96340145
1869.96340145
1869.96340145
1869.96340145
1869.96340145
1869.96340145
1869.96340145
1869.96340145
1869.96340145
1869.96340145
1869.96340145
1869.96340145
1869.96340145
1869.96340145
1869.96340145
1869.96340145
1869.96340145
1869.96340145
1869.96340145
1869.96340145
1869.96340145
1869.96340145
1869.96340145
1869.96340145
1869.96340145
1869.96340145
1869.96340145
1869.96340145
1869.96340145
1869.96340145
1869.96340145
1869.96340145
1869.96340145
1869.96340145
1869.96340145
1869.96340145
1869.96340145
1869.96340145
1869.96340145
1869.96340145
1869.96340145
1869.96340145
1869.96340145
1869.96340145
1869.96340145
1869.96340145
1869.96340145
1869.96340145
1869.96340145
1869.96340145
1869.96340145
1869.96340145
1869.96340145
1869.96340145
1869.96340145
1869.96340145
1869.96340145
1869.96340145
1869.96340145
1869.96340145
1869.96340145
1869.96340145
1869.96340145
1869.96340145
1869.96340145
1869.96340145
1869.96340145
1869.96340145
1869.96340145
1869.96340145
1869.96340145
1869.96340145
1869.96340145
1869.96340145
1869.96340145
1869.96340145
1869.96340145
1869.96340145
1869.96340145
1869.96340145
1869.96340145
1869.96340145
1869.96340145
1869.96340145
1869.96340145
1869.96340145
1869.96340145
1869.96340145
1869.96340145
1869.96340145
1869.96340145
1869.96340145
1869.96340145
1869.96340145
1869.96340145
1869.96340145
1869.96340145
1869.96340145
1869.96340145
1869.96340145
1869.96340145
1869.96340145
1869.96340145
1869.96340145
1869.96340145
1869.96340145
1869.96340145
1869.96340145
1869.96340145
1869.96340145
1869.96340145
1869.96340145
1869.96340145
1869.96340145
1869.96340145
1869.96340145
1869.96340145
1869.96340145
1869.96340145
1869.96340145
1869.96340145
1869.96340145
1869.96340145
1869.96340145
1869.96340145
1869.96340145
1869.96340145
1869.96340145
1869.96340145
1869.96340145
1869.96340145
1869.96340145
1869.96340145
1869.96340145
1869.96340145
1869.96340145
1869.96340145
1869.96340145
1869.96340145
1869.96340145
1869.96340145
1869.96340145
1869.96340145
1869.96340145
1869.96340145
1869.96340145
1869.96340145
1869.96340145
1869.96340145
1869.96340145
1869.96340145
1869.96340145
1869.96340145
1869.96340145
1869.96340145
1869.96340145
1869.96340145
1869.96340145
1869.96340145
1869.96340145
1869.96340145
1869.96340145
1869.96340145
1869.96340145
1869.96340145
1869.96340145
1869.96340145
1869.96340145
1869.96340145
1869.96340145
1869.96340145
1869.96340145
1869.96340145
1869.96340145
1869.96340145
1869.96340145
1869.96340145
1869.96340145
1869.96340145
1869.96340145
1869.96340145
1869.96340145
1869.96340145
1869.96340145
1869.96340145
1869.96340145
1869.96340145
1869.96340145
1869.96340145
1869.96340145
1869.96340145
1869.96340145
1869.96340145
1869.96340145
1869.96340145
1869.96340145
1869.96340145
1869.96340145
1869.96340145
1869.96340145
1869.96340145
1869.96340145
1869.96340145
1869.96340145
1869.96340145
1869.96340145
1869.96340145
1869.96340145
1869.96340145
1869.96340145
1869.96340145
1869.96340145
1869.96340145
1869.96340145
1869.96340145
1869.96340145
1869.96340145
1869.96340145
1869.96340145
1869.96340145
1869.96340145
1869.96340145
1869.96340145
1869.96340145
1869.96340145
1869.96340145
1869.96340145
1869.96340145
1869.96340145
1869.96340145
1869.96340145
1869.96340145
1869.96340145
1869.96340145
1869.96340145
1869.96340145
1869.96340145
1869.96340145
1869.96340145
1869.96340145
1869.96340145
1869.96340145
1869.96340145
1869.96340145
1869.96340145
1869.96340145
1869.96340145
1869.96340145
1869.96340145
1869.96340145
1869.96340145
1869.96340145
1869.96340145
1869.96340145
1869.96340145
1869.96340145
1869.96340145
1869.96340145
1869.96340145
1869.96340145
1869.96340145
1869.96340145
1869.96340145
1869.96340145
1869.96340145
1869.96340145
1869.96340145
1869.96340145
1869.96340145
1869.96340145
1869.96340145
1869.96340145
1869.96340145
1869.96340145
1869.96340145
1869.96340145
1869.96340145
1869.96340145
1869.96340145
1869.96340145
1869.96340145
1869.96340145
1869.96340145
1869.96340145
1869.96340145
1869.96340145
1869.96340145
1869.96340145
1869.96340145
1869.96340145
1869.96340145
1869.96340145
1869.96340145
1869.96340145
1869.96340145
1869.96340145
1869.96340145
1869.96340145
1869.96340145
1869.96340145
1869.96340145
1869.96340145
1869.96340145
1869.96340145
1869.96340145
1869.96340145
1869.96340145
1869.96340145
1869.96340145
1869.96340145
1869.96340145
1869.96340145
1869.96340145
1869.96340145
1869.96340145
1869.96340145
1869.96340145
1869.96340145
1869.96340145
1869.96340145
1869.96340145
1869.96340145
1869.96340145
1869.96340145
1869.96340145
1869.96340145
1869.96340145
1869.96340145
1869.96340145
1869.96340145
1869.96340145
1869.96340145
1869.96340145
1869.96340145
1869.96340145
1869.96340145
1869.96340145
1869.96340145
1869.96340145
1869.96340145
1869.96340145
1869.96340145
1869.96340145
1869.96340145
1869.96340145
1869.96340145
1869.96340145
1869.96340145
1869.96340145
1869.96340145
1869.96340145
1869.96340145
1869.96340145
1869.96340145
1869.96340145
1869.96340145
1869.96340145
1869.96340145
1869.96340145
1869.96340145
1869.96340145
1869.96340145
1869.96340145
1869.96340145
1869.96340145
1869.96340145
1869.96340145
1869.96340145
1869.96340145
1869.96340145
1869.96340145
1869.96340145
1869.96340145
1869.96340145
1869.96340145
1869.96340145
1869.96340145
1869.96340145
1869.96340145
1869.96340145
1869.96340145
1869.96340145
1869.96340145
1869.96340145
1869.96340145
1869.96340145
1869.96340145
1869.96340145
1869.96340145
1869.96340145
1869.96340145
1869.96340145
1869.96340145
1869.96340145
1869.96340145
1869.96340145
1869.96340145
1869.96340145
1869.96340145
1869.96340145
1869.96340145
1869.96340145
1869.96340145
1869.96340145
1869.96340145
1869.96340145
1869.96340145
1869.96340145
1869.96340145
1869.96340145
1869.96340145
1869.96340145
1869.96340145
1869.96340145
1869.96340145
1869.96340145
1869.96340145
1869.96340145
1869.96340145
1869.96340145
1869.96340145
1869.96340145
1869.96340145
1869.96340145
1869.96340145
1869.96340145
1869.96340145
1869.96340145
1869.96340145
1869.96340145
1869.96340145
1869.96340145
1869.96340145
1869.96340145
1869.96340145
1869.96340145
1869.96340145
1869.96340145
1869.96340145
1869.96340145
1869.96340145
1869.96340145
1869.96340145
1869.96340145
1869.96340145
1869.96340145
1869.96340145
1869.96340145
1869.96340145
1869.96340145
1869.96340145
1869.96340145
1869.96340145
1869.96340145
1869.96340145
1869.96340145
1869.96340145
1869.96340145
1869.96340145
1869.96340145
1869.96340145
1869.96340145
1869.96340145
1869.96340145
1869.96340145
1869.96340145
1869.96340145
1869.96340145
1869.96340145
1869.96340145
1869.96340145
1869.96340145
1869.96340145
1869.96340145
1869.96340145
1869.96340145
1869.96340145
1869.96340145
1869.96340145
1869.96340145
1869.96340145
1869.96340145
1869.96340145
1869.96340145
