2374.3293642929993
2299.301446653
2265.000611478
2244.330725809
2231.071153966
2188.1600807459995
2169.695703386
2149.9612117750003
2124.1369856410006
2113.309023115
2113.309023115
2095.588242965
2091.005858433
2086.151009248
2086.151009248
2085.7175235490004
2074.5236472419997
2060.821181305
2045.6608067729999
2042.725436741
2026.5757304489998
2026.5757304489998
2023.9726856900002
2011.820193797
2007.08976292
2006.3255006309998
2002.2787222630002
1993.856100058
1982.071320568
1978.9328307669998
1978.3289518499998
1977.7796446460002
1967.376519658
1958.352825726
1956.1809365479999
1956.1330171969998
1952.1417119409998
1947.5817845729998
1946.7244422929998
1944.6630780519997
1939.2661683069996
1937.325463765
1935.7721117129997
1933.6630889399999
1932.437160772
1928.8323899730003
1927.7822591520003
1919.7383118369999
1919.7383118369999
1914.2693846319999
1907.344480489
1905.6225739019999
1905.1763419309998
1896.5210112539996
1896.2322458829997
1895.1284045199998
1894.6704805129998
1894.6704805129998
1894.4494250739997
1889.231354913
1889.231354913
1888.5946439189997
1887.7680025759996
1884.2201268449996
1884.1858703529997
1884.1858703529997
1884.1858703529997
1884.1858703529997
1884.1858703529997
1884.0458962389998
1884.0458962389998
1884.0458962389998
1880.0694958400004
1874.5402044870002
1874.488578788
1874.488578788
1874.488578788
1874.488578788
1874.488578788
1872.037980433
1871.864283278
1871.849285821
1871.8156532280002
1871.8156532280002
1871.056873733
1870.284652036
1869.0117106379998
1868.5124005769999
1868.5124005769999
1867.364536816
1866.541021526
1866.1875602979999
1865.1324357429999
1865.09880315
1865.09880315
1861.955626252
1861.955626252
1861.234285466
1861.234285466
1860.1791609109998
1860.1791609109998
1854.7979743029998
1854.7979743029998
1853.09146629
1853.09146629
1853.09146629
1853.09146629
1853.09146629
1853.09146629
1853.09146629
1853.09146629
1851.7487030159998
1850.2324003869999
1850.2324003869999
1850.0323232160001
1850.0323232160001
1850.0323232160001
1849.6609640439997
1849.6609640439997
1843.562579925
1843.562579925
1843.1146907090001
1843.1146907090001
1843.1146907090001
1843.1146907090001
1842.3092534700002
1842.3092534700002
1841.807293063
1841.807293063
1841.807293063
1841.807293063
1841.807293063
1841.807293063
1841.807293063
1841.7529163250001
1841.7529163250001
1841.7529163250001
1841.7529163250001
1841.7529163250001
1841.138620837
1841.138620837
1840.4621229970003
1840.4621229970003
1839.860252451
1839.5576389869998
1839.357313344
1838.9168860739999
1838.635972558
1838.635972558
1837.512183615
1836.499875775
1836.499875775
1836.2930051749997
1836.2930051749997
1836.2930051749997
1836.211584224
1836.211584224
1836.211584224
1836.211584224
1836.211584224
1836.211584224
1835.505086126
1835.3987848039997
1835.3987848039997
1834.941745785
1833.0892038089999
1833.0892038089999
1833.0892038089999
1833.0892038089999
1833.0665733760002
1833.0665733760002
1832.9851524260005
1832.7851524260004
1832.7851524260004
1832.7851524260004
1832.7851524260004
1832.5004836340001
1832.5004836340001
1832.5004836340001
1832.5004836340001
1832.5004836340001
1832.0575151520002
1832.0575151520002
1830.909006759
1829.427218988
1829.427218988
1829.427218988
1829.427218988
1828.7970198520002
1828.7970198520002
1828.7970198520002
1828.7970198520002
1828.7970198520002
1828.7970198520002
1828.7970198520002
1828.7970198520002
1828.380322881
1828.2519741710003
1827.338422696
1827.338422696
1827.338422696
1827.338422696
1827.338422696
1827.338422696
1827.338422696
1827.338422696
1827.338422696
1827.338422696
1826.852706674
1825.4367946030002
1825.4367946030002
1825.4367946030002
1824.5754013640003
1824.3277275880002
1824.3277275880002
1824.294094995
1824.294094995
1824.294094995
1824.294094995
1824.294094995
1824.146646156
1824.146646156
1824.146646156
1824.146646156
1824.146646156
1824.146646156
1824.146646156
1824.146646156
1823.0852105850001
1822.7348522240002
1822.7348522240002
1822.7348522240002
1822.7348522240002
1822.7348522240002
1822.7348522240002
1822.649103604
1822.649103604
1822.649103604
1822.5194748969996
1822.486194185
1822.486194185
1822.486194185
1820.6887614619998
1820.6887614619998
1820.6887614619998
1820.6887614619998
1820.493203714
1820.493203714
1820.493203714
1819.9431401299996
1819.9431401299996
1819.2912270659995
1819.0103135499999
1819.0103135499999
1819.0103135499999
1818.9822742909996
1818.9822742909996
1818.9822742909996
1818.9822742909996
1818.9822742909996
1818.9822742909996
1818.9822742909996
1818.9822742909996
1818.9822742909996
1818.9343549409998
1818.9343549409998
1818.9343549409998
1818.9343549409998
1818.9343549409998
1818.9343549409998
1818.9343549409998
1818.9343549409998
1818.9343549409998
1818.9343549409998
1818.9343549409998
1818.9343549409998
1818.9343549409998
1818.9343549409998
1818.9343549409998
1818.9343549409998
1818.9343549409998
1818.9343549409998
1818.9343549409998
1818.9343549409998
1818.9343549409998
1818.9343549409998
1818.9343549409998
1818.9343549409998
1818.9343549409998
1818.3989153469997
1818.3989153469997
1818.3989153469997
1818.3989153469997
1818.3989153469997
1818.3989153469997
1818.3989153469997
1818.3989153469997
1818.3989153469997
1818.3989153469997
1818.3989153469997
1818.3989153469997
1818.3989153469997
1818.3989153469997
1818.198589705
1818.198589705
1818.198589705
1818.198589705
1818.198589705
1817.137154134
1817.137154134
1817.137154134
1816.6340309729999
1816.6007502609998
1816.6007502609998
1816.6007502609998
1816.6007502609998
1816.6007502609998
1816.6007502609998
1816.6007502609998
1816.6007502609998
1816.6007502609998
1816.6007502609998
1816.6007502609998
1816.6007502609998
1816.6007502609998
1816.6007502609998
1816.6007502609998
1816.6007502609998
1816.6007502609998
1816.535018026
1816.535018026
1816.535018026
1816.535018026
1816.535018026
1816.535018026
1816.535018026
1816.0569489189998
1816.0569489189998
1816.0569489189998
1816.0569489189998
1816.0226924259998
1816.0226924259998
1816.0226924259998
1816.0226924259998
1816.0226924259998
1816.0226924259998
1816.0226924259998
1816.0226924259998
1816.0226924259998
1816.0226924259998
1816.0226924259998
1816.0226924259998
1816.0226924259998
1816.0226924259998
1815.8094546219995
1815.8094546219995
1815.8094546219995
1815.8094546219995
1815.8094546219995
1815.8094546219995
1815.8094546219995
1815.8094546219995
1815.5285411049997
1815.5285411049997
1815.5285411049997
1815.5285411049997
1815.5285411049997
1815.5285411049997
1815.5285411049997
1814.9423393519999
1814.9423393519999
1814.1074005529997
1814.1074005529997
1814.1074005529997
1814.1074005529997
1814.1074005529997
1814.1074005529997
1814.1074005529997
1814.1074005529997
1814.1074005529997
1814.1074005529997
1814.1074005529997
1814.1074005529997
1814.1074005529997
1814.1074005529997
1814.1074005529997
1814.0793612939997
1814.0793612939997
1813.960303575
1813.960303575
1813.960303575
1813.960303575
1813.960303575
1813.960303575
1813.960303575
1813.960303575
1813.960303575
1813.960303575
1813.960303575
1813.919016904
1813.919016904
1813.919016904
1813.919016904
1813.919016904
1813.919016904
1813.919016904
1813.919016904
1813.919016904
1813.919016904
1813.919016904
1813.919016904
1813.919016904
1813.919016904
1813.919016904
1813.919016904
1813.919016904
1813.7024643979998
1813.7024643979998
1813.7024643979998
1813.7024643979998
1813.7024643979998
1813.7024643979998
1813.7024643979998
1813.7024643979998
1813.7024643979998
1813.7024643979998
1813.7024643979998
1813.7024643979998
1813.7024643979998
1813.7024643979998
1813.7024643979998
1813.7024643979998
1813.7024643979998
1813.7024643979998
1813.7024643979998
1813.7024643979998
1813.7024643979998
1813.7024643979998
1813.7024643979998
1813.616893697
1813.616893697
1813.616893697
1813.616893697
1813.616893697
1813.616893697
1813.616893697
1813.616893697
1813.616893697
1813.616893697
1813.616893697
1813.616893697
1813.616893697
1813.616893697
1813.616893697
1813.616893697
1813.616893697
1813.616893697
1813.5000675350002
1813.5000675350002
1813.5000675350002
1813.5000675350002
1813.5000675350002
1813.5000675350002
1813.5000675350002
1813.5000675350002
1813.5000675350002
1813.5000675350002
1813.5000675350002
1813.5000675350002
1813.5000675350002
1813.5000675350002
1813.5000675350002
1813.5000675350002
1813.042027719
1813.042027719
1812.967606162
1812.967606162
1812.967606162
1812.967606162
1812.4386319640003
1812.4386319640003
1812.4386319640003
1812.4386319640003
1812.4386319640003
1812.4386319640003
1812.4386319640003
1812.4386319640003
1812.4386319640003
1812.4386319640003
1812.4386319640003
1812.4386319640003
1812.4386319640003
1812.4386319640003
1812.4386319640003
1812.4386319640003
1812.4386319640003
1812.4386319640003
1812.4386319640003
1812.4386319640003
1812.4386319640003
1812.424780781
1812.2082282750002
1812.2082282750002
1812.2082282750002
1812.2082282750002
1812.2082282750002
1812.2082282750002
1812.2082282750002
1812.2082282750002
1812.2082282750002
1812.2082282750002
1812.2082282750002
1812.2082282750002
1812.2082282750002
1812.2082282750002
1812.2082282750002
1812.2082282750002
1812.2082282750002
1812.2082282750002
1812.2082282750002
1812.2082282750002
1812.2082282750002
1812.2082282750002
1812.2082282750002
1812.2082282750002
1812.2082282750002
1812.2082282750002
1812.2082282750002
1812.2082282750002
1812.2082282750002
1812.2082282750002
1812.2082282750002
1812.2082282750002
1812.2082282750002
1812.2082282750002
1812.2082282750002
1812.2082282750002
1812.2082282750002
1812.2082282750002
1812.2082282750002
1812.2082282750002
1812.2082282750002
1812.2082282750002
1812.2082282750002
1812.2082282750002
1812.2082282750002
1812.2082282750002
1812.2082282750002
1812.2082282750002
1812.2082282750002
1812.2082282750002
1812.2082282750002
1812.2082282750002
1812.2082282750002
1812.2082282750002
1812.2082282750002
1812.2082282750002
1812.2082282750002
1812.2082282750002
1812.2082282750002
1812.2082282750002
1812.2082282750002
1812.2082282750002
1812.2082282750002
1812.2082282750002
1812.2082282750002
1812.2082282750002
1812.2082282750002
1812.2082282750002
1812.2082282750002
1812.2082282750002
1812.2082282750002
1812.2082282750002
1812.2082282750002
1812.2082282750002
1812.2082282750002
1812.2082282750002
1812.2082282750002
1812.2082282750002
1812.2082282750002
1812.2082282750002
1812.2082282750002
1812.2082282750002
1812.2082282750002
1812.2082282750002
1812.2082282750002
1812.2082282750002
1812.2082282750002
1812.2082282750002
1812.2082282750002
1812.2082282750002
1812.2082282750002
1812.2082282750002
1812.2082282750002
1812.2082282750002
1812.2082282750002
1812.2082282750002
1812.2082282750002
1812.2082282750002
1812.2082282750002
1812.2082282750002
1812.2082282750002
1812.2082282750002
1812.2082282750002
1812.2082282750002
1812.2082282750002
1812.2082282750002
1812.2082282750002
1812.2082282750002
1812.2082282750002
1812.2082282750002
1812.2082282750002
1812.2082282750002
1812.2082282750002
1812.2082282750002
1812.2082282750002
1812.2082282750002
1812.2082282750002
1812.2082282750002
1812.2082282750002
1812.2082282750002
1812.2082282750002
1812.2082282750002
1812.2082282750002
1812.2082282750002
1812.2082282750002
1812.2082282750002
1812.2082282750002
1812.2082282750002
1812.2082282750002
1812.2082282750002
1812.2082282750002
1812.2082282750002
1812.2082282750002
1812.2082282750002
1812.2082282750002
1812.2082282750002
1812.2082282750002
1812.2082282750002
1812.2082282750002
1812.2082282750002
1812.2082282750002
1812.2082282750002
1812.2082282750002
1812.2082282750002
1812.2082282750002
1812.2082282750002
1812.2082282750002
1812.2082282750002
1812.2082282750002
1812.2082282750002
1812.2082282750002
1812.2082282750002
1812.2082282750002
1812.2082282750002
1812.2082282750002
1812.2082282750002
1812.2082282750002
1812.2082282750002
1812.2082282750002
1812.2082282750002
1812.2082282750002
1812.2082282750002
1812.2082282750002
1812.2082282750002
1812.2082282750002
1812.2082282750002
1812.2082282750002
1812.2082282750002
1812.2082282750002
1812.2082282750002
1812.2082282750002
1812.2082282750002
1812.2082282750002
1812.2082282750002
1812.2082282750002
1812.2082282750002
1812.2082282750002
1812.2082282750002
1812.2082282750002
1812.2082282750002
1812.2082282750002
1812.2082282750002
1812.2082282750002
1812.2082282750002
1812.2082282750002
1812.2082282750002
1812.2082282750002
1812.2082282750002
1812.2082282750002
1812.2082282750002
1812.2082282750002
1812.2082282750002
1812.2082282750002
1812.2082282750002
1812.2082282750002
1812.2082282750002
1812.2082282750002
1812.2082282750002
1812.2082282750002
1812.2082282750002
1812.2082282750002
1812.2082282750002
1812.2082282750002
1812.2082282750002
1812.2082282750002
1812.2082282750002
1812.2082282750002
1812.2082282750002
1812.2082282750002
1812.2082282750002
1812.2082282750002
1812.2082282750002
1812.2082282750002
1812.2082282750002
1812.2082282750002
1812.2082282750002
1812.2082282750002
1812.2082282750002
1812.2082282750002
1812.2082282750002
1812.2082282750002
1812.2082282750002
1812.2082282750002
1812.2082282750002
1812.2082282750002
1812.2082282750002
1812.2082282750002
1812.2082282750002
1812.2082282750002
1812.2082282750002
1812.2082282750002
1812.2082282750002
1812.2082282750002
1812.2082282750002
1812.2082282750002
1812.2082282750002
1812.2082282750002
1812.2082282750002
1812.2082282750002
1812.2082282750002
1812.2082282750002
1812.2082282750002
1812.2082282750002
1812.2082282750002
1812.2082282750002
1812.2082282750002
1812.2082282750002
1812.2082282750002
1812.2082282750002
1812.2082282750002
1812.2082282750002
1812.2082282750002
1812.2082282750002
1812.2082282750002
1812.2082282750002
1812.2082282750002
1812.2082282750002
1812.2082282750002
1812.2082282750002
1812.2082282750002
1812.2082282750002
1812.2082282750002
1812.2082282750002
1812.2082282750002
1812.2082282750002
1812.2082282750002
1812.2082282750002
1812.2082282750002
1812.2082282750002
1812.2082282750002
1812.2082282750002
1812.2082282750002
1812.2082282750002
1812.2082282750002
1812.2082282750002
1812.2082282750002
1812.2082282750002
1812.2082282750002
1812.2082282750002
1812.2082282750002
1812.2082282750002
1812.2082282750002
1812.2082282750002
1812.2082282750002
1812.2082282750002
1812.2082282750002
1812.2082282750002
1812.2082282750002
1812.2082282750002
1812.2082282750002
1812.2082282750002
1812.2082282750002
1812.2082282750002
1812.2082282750002
1812.2082282750002
1812.2082282750002
1812.2082282750002
1812.2082282750002
1812.2082282750002
1812.2082282750002
1812.2082282750002
1812.2082282750002
1812.2082282750002
1812.2082282750002
1812.2082282750002
1812.2082282750002
1812.2082282750002
1812.2082282750002
1812.2082282750002
1812.2082282750002
1812.2082282750002
1812.2082282750002
1812.2082282750002
1812.2082282750002
1812.2082282750002
1812.2082282750002
1812.2082282750002
1812.2082282750002
1812.2082282750002
1812.2082282750002
1812.2082282750002
1812.2082282750002
1812.2082282750002
1812.2082282750002
1812.2082282750002
1812.2082282750002
1812.2082282750002
1812.2082282750002
1812.2082282750002
1812.2082282750002
1812.2082282750002
1812.2082282750002
1812.2082282750002
1812.2082282750002
1812.2082282750002
1812.2082282750002
1812.2082282750002
1812.2082282750002
1812.2082282750002
1812.2082282750002
1812.2082282750002
1812.2082282750002
1812.2082282750002
1812.2082282750002
1812.2082282750002
1812.2082282750002
1812.2082282750002
1812.2082282750002
1812.2082282750002
1812.2082282750002
1812.2082282750002
1812.2082282750002
1812.2082282750002
1812.2082282750002
1812.2082282750002
1812.2082282750002
1812.2082282750002
1812.2082282750002
1812.2082282750002
1812.2082282750002
1812.2082282750002
1812.2082282750002
1812.2082282750002
1812.2082282750002
1812.2082282750002
1812.2082282750002
1812.2082282750002
1812.2082282750002
1812.2082282750002
1812.2082282750002
1812.2082282750002
1812.2082282750002
1812.2082282750002
1812.2082282750002
1812.2082282750002
1812.2082282750002
1812.2082282750002
1812.2082282750002
1812.2082282750002
1812.2082282750002
1812.2082282750002
1812.2082282750002
1812.2082282750002
1812.2082282750002
1812.2082282750002
1812.2082282750002
1812.2082282750002
1812.2082282750002
1812.2082282750002
1812.2082282750002
1812.2082282750002
1812.2082282750002
1812.2082282750002
1812.2082282750002
1812.2082282750002
1812.2082282750002
1812.2082282750002
1812.2082282750002
1812.2082282750002
1812.2082282750002
1812.2082282750002
1812.2082282750002
1812.2082282750002
1812.2082282750002
1812.2082282750002
1812.2082282750002
1812.2082282750002
1812.2082282750002
1812.2082282750002
1812.2082282750002
1812.2082282750002
1812.2082282750002
1812.2082282750002
1812.2082282750002
1812.2082282750002
1812.2082282750002
1812.2082282750002
1812.2082282750002
1812.2082282750002
1812.2082282750002
1812.2082282750002
1812.2082282750002
1812.2082282750002
1812.2082282750002
1812.2082282750002
1812.2082282750002
1812.2082282750002
1812.2082282750002
1812.2082282750002
1812.2082282750002
1812.2082282750002
1812.2082282750002
1812.2082282750002
1812.2082282750002
1812.2082282750002
1812.2082282750002
1812.2082282750002
1812.2082282750002
1812.2082282750002
1812.2082282750002
1812.2082282750002
1812.2082282750002
1812.2082282750002
1812.2082282750002
1812.2082282750002
1812.2082282750002
1812.2082282750002
1812.2082282750002
1812.2082282750002
1812.2082282750002
1812.2082282750002
1812.2082282750002
1812.2082282750002
1812.2082282750002
1812.2082282750002
1812.2082282750002
1812.2082282750002
1812.2082282750002
1812.2082282750002
1812.2082282750002
1812.2082282750002
1812.2082282750002
1812.2082282750002
1812.2082282750002
1812.2082282750002
1812.2082282750002
1812.2082282750002
1812.2082282750002
1812.2082282750002
1812.2082282750002
1812.2082282750002
1812.2082282750002
1812.2082282750002
1812.2082282750002
1812.2082282750002
1812.2082282750002
1812.2082282750002
1812.2082282750002
1812.2082282750002
1812.2082282750002
1812.2082282750002
1812.2082282750002
1812.2082282750002
1812.2082282750002
1812.2082282750002
1812.2082282750002
1812.2082282750002
1812.2082282750002
1812.2082282750002
1812.2082282750002
1812.2082282750002
1812.2082282750002
1812.2082282750002
1812.2082282750002
1812.2082282750002
1812.2082282750002
1812.2082282750002
1812.2082282750002
1812.2082282750002
