2419.93759334
2237.01173794
2237.01173794
2237.01173794
2223.84117573
2154.88525683
2154.88525683
2120.9227878
2120.9227878
2120.9227878
2120.9227878
2120.9227878
2120.9227878
2120.9227878
2120.9227878
2120.9227878
2085.8531092
1984.3929769
1984.3929769
1984.3929769
1984.3929769
1984.3929769
1984.3929769
1984.3929769
1984.3929769
1984.3929769
1984.3929769
1984.3929769
1984.10622725
1972.43791833
1972.1111765
1968.10612202
1906.93898881
1906.93898881
1906.93898881
1906.93898881
1906.93898881
1906.93898881
1906.93898881
1906.93898881
1906.93898881
1906.93898881
1906.93898881
1906.93898881
1894.67970713
1894.67970713
1894.67970713
1892.65155825
1892.65155825
1859.61735615
1859.61735615
1859.61735615
1859.61735615
1859.61735615
1859.61735615
1859.61735615
1859.61735615
1859.61735615
1859.61735615
1832.14983432
1832.14983432
1832.14983432
1832.14983432
1816.77668936
1816.43412444
1816.43412444
1816.43412444
1816.43412444
1816.43412444
1816.43412444
1816.43412444
1816.43412444
1816.43412444
1816.43412444
1816.43412444
1816.43412444
1816.43412444
1816.43412444
1816.43412444
1816.43412444
1816.43412444
1816.43412444
1816.43412444
1816.43412444
1816.43412444
1816.43412444
1816.43412444
1816.43412444
1816.43412444
1815.46058752
1815.46058752
1814.64637802
1814.64637802
1814.64637802
1814.64637802
1814.64637802
1814.64637802
1814.64637802
1814.64637802
1814.64637802
1814.64637802
1814.64637802
1814.64637802
1814.64637802
1814.64637802
1814.64637802
1814.64637802
1814.64637802
1814.64637802
1814.64637802
1814.64637802
1814.64637802
1814.64637802
1814.64637802
1814.64637802
1814.64637802
1814.64637802
1814.64637802
1814.64637802
1814.64637802
1814.64637802
1814.64637802
1814.64637802
1814.64637802
1814.64637802
1814.64637802
1814.64637802
1814.64637802
1814.64637802
1814.64637802
1814.64637802
1814.64637802
1814.64637802
1814.64637802
1814.64637802
1814.64637802
1814.64637802
1814.64637802
1814.64637802
1814.64637802
1814.64637802
1814.64637802
1814.64637802
1814.64637802
1814.64637802
1814.64637802
1814.64637802
1814.64637802
1814.64637802
1809.56746954
1809.56746954
1809.56746954
1809.56746954
1809.56746954
1809.56746954
1808.75326003
1808.75326003
1808.75326003
1808.75326003
1808.75326003
1808.75326003
1808.75326003
1808.75326003
1808.75326003
1808.75326003
1790.22784027
1790.22784027
1790.22784027
1790.22784027
1790.22784027
1790.22784027
1789.41363077
1789.41363077
1789.41363077
1789.41363077
1789.41363077
1789.41363077
1789.41363077
1789.41363077
1789.41363077
1789.41363077
1789.41363077
1789.41363077
1789.41363077
1789.41363077
1789.41363077
1789.41363077
1789.41363077
1789.41363077
1789.41363077
1789.41363077
1789.41363077
1789.41363077
1789.41363077
1789.41363077
1789.41363077
1789.41363077
1789.41363077
1789.41363077
1789.41363077
1789.41363077
1789.41363077
1789.41363077
1789.41363077
1789.41363077
1789.41363077
1789.41363077
1789.41363077
1789.41363077
1789.41363077
1789.41363077
1789.41363077
1789.41363077
1789.41363077
1789.41363077
1789.41363077
1789.41363077
1789.41363077
1789.41363077
1789.41363077
1789.41363077
1789.41363077
1789.41363077
1789.41363077
1789.41363077
1789.41363077
1789.41363077
1789.41363077
1789.41363077
1789.41363077
1789.41363077
1789.41363077
1789.41363077
1789.41363077
1789.41363077
1789.41363077
1789.41363077
1789.41363077
1789.41363077
1789.41363077
1789.41363077
1789.41363077
1789.41363077
1789.41363077
1789.41363077
1789.41363077
1789.41363077
1789.41363077
1789.41363077
1789.41363077
1789.41363077
1789.41363077
1789.41363077
1789.41363077
1789.41363077
1789.41363077
1789.41363077
1789.41363077
1789.41363077
1789.41363077
1789.41363077
1789.41363077
1789.41363077
1789.41363077
1789.41363077
1789.41363077
1789.41363077
1789.41363077
1789.41363077
1789.41363077
1789.41363077
1789.41363077
1789.41363077
1789.41363077
1789.41363077
1789.41363077
1789.41363077
1789.41363077
1789.41363077
1789.41363077
1789.41363077
1789.41363077
1789.41363077
1789.41363077
1789.41363077
1789.41363077
1789.41363077
1789.41363077
1789.41363077
1789.41363077
1789.41363077
1789.41363077
1789.41363077
1789.41363077
1789.41363077
1789.41363077
1789.41363077
1789.41363077
1789.41363077
1789.41363077
1789.41363077
1789.41363077
1789.41363077
1789.41363077
1789.41363077
1789.41363077
1789.41363077
1789.41363077
1789.41363077
1789.41363077
1789.41363077
1789.41363077
1789.41363077
1789.41363077
1789.41363077
1789.41363077
1789.41363077
1789.41363077
1789.41363077
1789.41363077
1789.41363077
1789.41363077
1789.41363077
1789.41363077
1789.41363077
1789.41363077
1789.41363077
1789.41363077
1789.41363077
1789.41363077
1789.41363077
1789.41363077
1789.41363077
1789.41363077
1789.41363077
1789.41363077
1789.41363077
1789.41363077
1789.41363077
1789.41363077
1789.41363077
1789.41363077
1789.41363077
1789.41363077
1789.41363077
1789.41363077
1789.41363077
1789.41363077
1789.41363077
1789.41363077
1789.41363077
1789.41363077
1789.41363077
1789.41363077
1789.41363077
1789.41363077
1789.41363077
1789.41363077
1789.41363077
1789.41363077
1789.41363077
1789.41363077
1789.41363077
1789.41363077
1789.41363077
1789.41363077
1789.41363077
1789.41363077
1789.41363077
1789.41363077
1789.41363077
1789.41363077
1789.41363077
1789.41363077
1789.41363077
1789.41363077
1789.41363077
1789.41363077
1789.41363077
1789.41363077
1789.41363077
1789.41363077
1789.41363077
1789.41363077
1789.41363077
1789.41363077
1789.41363077
1789.41363077
1789.41363077
1789.41363077
1789.41363077
1789.41363077
1789.41363077
1789.41363077
1789.41363077
1789.41363077
1789.41363077
1789.41363077
1789.41363077
1789.41363077
1789.41363077
1789.41363077
1789.41363077
1789.41363077
1789.41363077
1789.41363077
1789.41363077
1789.41363077
1789.41363077
1789.41363077
1789.41363077
1789.41363077
1789.41363077
1789.41363077
1789.41363077
1789.41363077
1789.41363077
1789.41363077
1789.41363077
1789.41363077
1789.41363077
1789.41363077
1789.41363077
1789.41363077
1789.41363077
1789.41363077
1789.41363077
1789.41363077
1789.41363077
1789.41363077
1789.41363077
1789.41363077
1789.41363077
1789.41363077
1789.41363077
1789.41363077
1789.41363077
1789.41363077
1789.41363077
1789.41363077
1789.41363077
1789.41363077
1789.41363077
1789.41363077
1789.41363077
1789.41363077
1789.41363077
1789.41363077
1789.41363077
1789.41363077
1789.41363077
1789.41363077
1789.41363077
1789.41363077
1789.41363077
1789.41363077
1789.41363077
1789.41363077
1789.41363077
1789.41363077
1789.41363077
1789.41363077
1789.41363077
1789.41363077
1789.41363077
1789.41363077
1789.41363077
1789.41363077
1789.41363077
1789.41363077
1789.41363077
1789.41363077
1789.41363077
1789.41363077
1789.41363077
1789.41363077
1789.41363077
1789.41363077
1789.41363077
1789.41363077
1789.41363077
1789.41363077
1789.41363077
1789.41363077
1789.41363077
1789.41363077
1789.41363077
1789.41363077
1789.41363077
1789.41363077
1789.41363077
1789.41363077
1789.41363077
1789.41363077
1789.41363077
1789.41363077
1789.41363077
1789.41363077
1789.41363077
1789.41363077
1789.41363077
1789.41363077
1789.41363077
1789.41363077
1789.41363077
1789.41363077
1789.41363077
1789.41363077
1789.41363077
1789.41363077
1789.41363077
1789.41363077
1789.41363077
1789.41363077
1789.41363077
1789.41363077
1789.41363077
1789.41363077
1789.41363077
1789.41363077
1789.41363077
1789.41363077
1789.41363077
1789.41363077
1789.41363077
1789.41363077
1789.41363077
1789.41363077
1789.41363077
1789.41363077
1789.41363077
1789.41363077
1789.41363077
1789.41363077
1789.41363077
1789.41363077
1789.41363077
1789.41363077
1789.41363077
1789.41363077
1789.41363077
1789.41363077
1789.41363077
1789.41363077
1789.41363077
1789.41363077
1789.41363077
1789.41363077
1789.41363077
1789.41363077
1789.41363077
1789.41363077
1789.41363077
1789.41363077
1789.41363077
1789.41363077
1789.41363077
1789.41363077
1789.41363077
1789.41363077
1789.41363077
1789.41363077
1789.41363077
1789.41363077
1789.41363077
1789.41363077
1789.41363077
1789.41363077
1789.41363077
1789.41363077
1789.41363077
1789.41363077
1789.41363077
1789.41363077
1789.41363077
1789.41363077
1789.41363077
1789.41363077
1789.41363077
1789.41363077
1789.41363077
1789.41363077
1789.41363077
1789.41363077
1789.41363077
1789.41363077
1789.41363077
1789.41363077
1789.41363077
1789.41363077
1789.41363077
1789.41363077
1789.41363077
1789.41363077
1789.41363077
1789.41363077
1789.41363077
1789.41363077
1789.41363077
1789.41363077
1789.41363077
1789.41363077
1789.41363077
1789.41363077
1789.41363077
1789.41363077
1789.41363077
1789.41363077
1789.41363077
1789.41363077
1789.41363077
1789.41363077
1789.41363077
1789.41363077
1789.41363077
1789.41363077
1789.41363077
1789.41363077
1789.41363077
1789.41363077
1789.41363077
1789.41363077
1789.41363077
1789.41363077
1789.41363077
1789.41363077
1789.41363077
1789.41363077
1789.41363077
1789.41363077
1789.41363077
1789.41363077
1789.41363077
1789.41363077
1789.41363077
1789.41363077
1789.41363077
1789.41363077
1789.41363077
1789.41363077
1789.41363077
1789.41363077
1789.41363077
1789.41363077
1789.41363077
1789.41363077
1789.41363077
1789.41363077
1789.41363077
1789.41363077
1789.41363077
1789.41363077
1789.41363077
1789.41363077
1789.41363077
1789.41363077
1789.41363077
1789.41363077
1789.41363077
1789.41363077
1789.41363077
1789.41363077
1789.41363077
1789.41363077
1789.41363077
1789.41363077
1789.41363077
1789.41363077
1789.41363077
1789.41363077
1789.41363077
1789.41363077
1789.41363077
1789.41363077
1789.41363077
1789.41363077
1789.41363077
1789.41363077
1789.41363077
1789.41363077
1789.41363077
1789.41363077
1789.41363077
1789.41363077
1789.41363077
1789.41363077
1789.41363077
1789.41363077
1789.41363077
1789.41363077
1789.41363077
1789.41363077
1789.41363077
1789.41363077
1789.41363077
1789.41363077
1789.41363077
1789.41363077
1789.41363077
1789.41363077
1789.41363077
1789.41363077
1789.41363077
1789.41363077
1789.41363077
1789.41363077
1789.41363077
1789.41363077
1789.41363077
1789.41363077
1789.41363077
1789.41363077
1789.41363077
1789.41363077
1789.41363077
1789.41363077
1789.41363077
1789.41363077
1789.41363077
1789.41363077
1789.41363077
1789.41363077
1789.41363077
1789.41363077
1789.41363077
1789.41363077
1789.41363077
1789.41363077
1789.41363077
1789.41363077
1789.41363077
1789.41363077
1789.41363077
1789.41363077
1789.41363077
1789.41363077
1789.41363077
1789.41363077
1789.41363077
1789.41363077
1789.41363077
1789.41363077
1789.41363077
1789.41363077
1789.41363077
1789.41363077
1789.41363077
1789.41363077
1789.41363077
1789.41363077
1789.41363077
1789.41363077
1789.41363077
1789.41363077
1789.41363077
1789.41363077
1789.41363077
1789.41363077
1789.41363077
1789.41363077
1789.41363077
1789.41363077
1789.41363077
1789.41363077
1789.41363077
1789.41363077
1789.41363077
1789.41363077
1789.41363077
1789.41363077
1789.41363077
1789.41363077
1789.41363077
1789.41363077
1789.41363077
1789.41363077
1789.41363077
1789.41363077
1789.41363077
1789.41363077
1789.41363077
1789.41363077
1789.41363077
1789.41363077
1789.41363077
1789.41363077
1789.41363077
1789.41363077
1789.41363077
1789.41363077
1789.41363077
1789.41363077
1789.41363077
1789.41363077
1789.41363077
1789.41363077
1789.41363077
1789.41363077
1789.41363077
1789.41363077
1789.41363077
1789.41363077
1789.41363077
1789.41363077
1789.41363077
1789.41363077
1789.41363077
1789.41363077
1789.41363077
1789.41363077
1789.41363077
1789.41363077
1789.41363077
1789.41363077
1789.41363077
1789.41363077
1789.41363077
1789.41363077
1789.41363077
1789.41363077
1789.41363077
1789.41363077
1789.41363077
1789.41363077
1789.41363077
1789.41363077
1789.41363077
1789.41363077
1789.41363077
1789.41363077
1789.41363077
1789.41363077
1789.41363077
1789.41363077
1789.41363077
1789.41363077
1789.41363077
1789.41363077
1789.41363077
1789.41363077
1789.41363077
1789.41363077
1789.41363077
1789.41363077
1789.41363077
1789.41363077
1789.41363077
1789.41363077
1789.41363077
1789.41363077
1789.41363077
1789.41363077
1789.41363077
1789.41363077
1789.41363077
1789.41363077
1789.41363077
1789.41363077
1789.41363077
1789.41363077
1789.41363077
1789.41363077
1789.41363077
1789.41363077
1789.41363077
1789.41363077
1789.41363077
1789.41363077
1789.41363077
1789.41363077
1789.41363077
1789.41363077
1789.41363077
1789.41363077
1789.41363077
1789.41363077
1789.41363077
1789.41363077
1789.41363077
1789.41363077
1789.41363077
1789.41363077
1789.41363077
1789.41363077
1789.41363077
1789.41363077
1789.41363077
1789.41363077
1789.41363077
1789.41363077
1789.41363077
1789.41363077
1789.41363077
1789.41363077
1789.41363077
1789.41363077
1789.41363077
1789.41363077
1789.41363077
1789.41363077
1789.41363077
1789.41363077
1789.41363077
1789.41363077
1789.41363077
1789.41363077
1789.41363077
1789.41363077
1789.41363077
1789.41363077
1789.41363077
1789.41363077
1789.41363077
1789.41363077
1789.41363077
1789.41363077
1789.41363077
1789.41363077
1789.41363077
1789.41363077
1789.41363077
1789.41363077
1789.41363077
1789.41363077
1789.41363077
1789.41363077
1789.41363077
1789.41363077
1789.41363077
1789.41363077
1789.41363077
1789.41363077
1789.41363077
1789.41363077
1789.41363077
1789.41363077
1789.41363077
1789.41363077
1789.41363077
1789.41363077
1789.41363077
1789.41363077
1789.41363077
1789.41363077
1789.41363077
1789.41363077
1789.41363077
1789.41363077
1789.41363077
1789.41363077
1789.41363077
1789.41363077
1789.41363077
1789.41363077
1789.41363077
1789.41363077
1789.41363077
1789.41363077
1789.41363077
1789.41363077
1789.41363077
1789.41363077
1789.41363077
1789.41363077
1789.41363077
1789.41363077
1789.41363077
1789.41363077
1789.41363077
1789.41363077
1789.41363077
1789.41363077
1789.41363077
1789.41363077
1789.41363077
1789.41363077
1789.41363077
1789.41363077
1789.41363077
1789.41363077
1789.41363077
1789.41363077
1789.41363077
1789.41363077
1789.41363077
1789.41363077
1789.41363077
1789.41363077
1789.41363077
1789.41363077
1789.41363077
1789.41363077
1789.41363077
1789.41363077
1789.41363077
1789.41363077
1789.41363077
1789.41363077
1789.41363077
1789.41363077
