2320.67514895
2301.59746537
2233.0363007
2202.25092465
2202.25092465
2193.9989756
2193.9989756
2193.9989756
2189.7235374
2137.28663054
2137.28663054
2137.28663054
2124.59839246
2076.04990061
2076.04990061
2076.04990061
2043.35224864
2043.35224864
2043.35224864
2043.35224864
2043.35224864
2043.35224864
2023.20728796
2023.20728796
2023.20728796
2023.20728796
2023.20728796
2023.20728796
1961.85703938
1957.06096945
1957.06096945
1957.06096945
1957.06096945
1916.11919177
1894.40029999
1894.40029999
1894.40029999
1894.40029999
1894.40029999
1894.40029999
1894.40029999
1894.40029999
1894.40029999
1880.25816437
1880.25816437
1880.25816437
1880.25816437
1880.25816437
1880.25816437
1880.25816437
1880.25816437
1880.25816437
1880.25816437
1880.25816437
1880.25816437
1880.25816437
1880.25816437
1880.25816437
1880.25816437
1880.25816437
1880.25816437
1880.25816437
1880.25816437
1880.25816437
1880.25816437
1880.25816437
1880.25816437
1880.25816437
1880.25816437
1880.25816437
1880.25816437
1880.25816437
1853.35959105
1853.35959105
1852.84333406
1852.84333406
1852.84333406
1852.84333406
1852.84333406
1833.70767998
1833.70767998
1833.70767998
1833.37135405
1833.37135405
1833.37135405
1833.37135405
1831.16269956
1831.16269956
1831.16269956
1820.65759887
1812.42244597
1812.42244597
1812.42244597
1812.08612004
1812.08612004
1810.13054256
1810.13054256
1810.13054256
1810.13054256
1810.13054256
1810.13054256
1810.13054256
1810.13054256
1810.13054256
1810.13054256
1810.13054256
1810.13054256
1810.13054256
1810.13054256
1810.13054256
1810.13054256
1796.70290982
1796.70290982
1796.70290982
1796.70290982
1796.70290982
1796.70290982
1796.70290982
1796.70290982
1796.70290982
1796.70290982
1796.70290982
1796.70290982
1796.70290982
1796.70290982
1796.70290982
1796.70290982
1796.70290982
1796.70290982
1796.70290982
1796.70290982
1796.70290982
1796.70290982
1796.70290982
1796.70290982
1796.70290982
1796.70290982
1796.70290982
1796.70290982
1796.70290982
1796.70290982
1796.70290982
1796.70290982
1796.70290982
1796.70290982
1796.70290982
1796.70290982
1796.70290982
1796.70290982
1796.70290982
1796.70290982
1796.70290982
1796.70290982
1796.70290982
1796.70290982
1796.70290982
1796.70290982
1796.70290982
1796.70290982
1796.70290982
1796.70290982
1796.70290982
1796.70290982
1796.70290982
1796.70290982
1796.70290982
1796.70290982
1796.70290982
1796.70290982
1796.70290982
1796.70290982
1796.70290982
1796.70290982
1796.70290982
1796.70290982
1796.70290982
1796.70290982
1796.70290982
1796.70290982
1796.70290982
1796.70290982
1796.70290982
1796.70290982
1796.70290982
1796.70290982
1796.70290982
1796.70290982
1796.70290982
1796.70290982
1796.70290982
1796.70290982
1796.70290982
1796.70290982
1796.70290982
1796.70290982
1796.70290982
1796.70290982
1796.70290982
1796.70290982
1796.70290982
1796.70290982
1796.70290982
1796.70290982
1796.70290982
1796.70290982
1796.70290982
1796.70290982
1796.70290982
1796.70290982
1796.70290982
1796.70290982
1796.70290982
1796.70290982
1794.22617206
1794.22617206
1793.88984613
1793.88984613
1793.88984613
1793.88984613
1793.88984613
1793.88984613
1793.88984613
1793.88984613
1793.88984613
1793.88984613
1793.88984613
1793.88984613
1793.88984613
1793.88984613
1790.38626252
1790.38626252
1790.38626252
1790.38626252
1790.38626252
1790.38626252
1789.52877632
1789.52877632
1789.52877632
1789.52877632
1789.52877632
1789.52877632
1789.52877632
1789.52877632
1789.52877632
1789.52877632
1789.52877632
1787.57319884
1787.57319884
1787.57319884
1787.57319884
1787.57319884
1787.57319884
1787.57319884
1787.57319884
1787.57319884
1787.29280625
1787.29280625
1787.29280625
1787.29280625
1787.29280625
1787.29280625
1787.29280625
1787.29280625
1787.29280625
1787.29280625
1787.29280625
1787.29280625
1787.29280625
1787.29280625
1787.29280625
1787.29280625
1787.29280625
1787.29280625
1787.29280625
1787.29280625
1787.29280625
1787.29280625
1787.29280625
1787.29280625
1787.29280625
1787.29280625
1787.29280625
1787.29280625
1787.29280625
1787.29280625
1787.29280625
1787.29280625
1787.29280625
1787.29280625
1787.29280625
1787.29280625
1787.29280625
1787.29280625
1787.29280625
1787.29280625
1787.29280625
1787.29280625
1787.29280625
1787.29280625
1787.29280625
1787.29280625
1787.29280625
1787.29280625
1787.29280625
1787.29280625
1787.29280625
1787.29280625
1787.29280625
1787.29280625
1787.29280625
1787.29280625
1787.29280625
1787.29280625
1787.29280625
1787.29280625
1787.29280625
1787.29280625
1787.29280625
1787.29280625
1787.29280625
1787.29280625
1787.29280625
1787.29280625
1787.29280625
1787.29280625
1787.29280625
1787.29280625
1787.29280625
1787.29280625
1787.29280625
1787.29280625
1787.29280625
1787.29280625
1787.29280625
1787.29280625
1787.29280625
1787.29280625
1787.29280625
1787.29280625
1787.29280625
1786.95024132
1786.95024132
1786.95024132
1786.95024132
1786.95024132
1786.95024132
1786.95024132
1786.95024132
1786.95024132
1786.95024132
1786.95024132
1786.95024132
1786.95024132
1786.95024132
1786.95024132
1786.95024132
1786.95024132
1786.95024132
1786.95024132
1786.95024132
1786.95024132
1786.95024132
1786.95024132
1786.95024132
1786.95024132
1786.95024132
1786.95024132
1786.95024132
1786.95024132
1781.08822379
1781.08822379
1772.7388358
1772.7388358
1772.7388358
1772.7388358
1772.7388358
1772.7388358
1772.7388358
1772.7388358
1772.7388358
1772.7388358
1772.7388358
1772.7388358
1772.7388358
1772.7388358
1772.7388358
1772.45844321
1772.45844321
1772.45844321
1772.45844321
1772.45844321
1772.45844321
1772.45844321
1772.45844321
1772.45844321
1772.45844321
1772.45844321
1772.45844321
1772.45844321
1772.45844321
1772.45844321
1772.45844321
1772.45844321
1772.45844321
1772.45844321
1772.45844321
1772.45844321
1772.45844321
1772.45844321
1772.45844321
1772.45844321
1772.45844321
1772.45844321
1772.45844321
1772.45844321
1772.45844321
1770.29291815
1770.29291815
1770.29291815
1770.29291815
1770.29291815
1770.29291815
1770.29291815
1770.29291815
1770.29291815
1770.29291815
1770.29291815
1770.29291815
1770.29291815
1770.29291815
1770.29291815
1770.29291815
1770.29291815
1770.29291815
1770.29291815
1770.29291815
1770.29291815
1770.29291815
1770.29291815
1770.29291815
1770.29291815
1770.29291815
1770.29291815
1770.29291815
1770.29291815
1770.29291815
1770.29291815
1770.29291815
1770.29291815
1770.29291815
1770.29291815
1770.29291815
1770.29291815
1770.29291815
1770.29291815
1770.29291815
1770.29291815
1770.29291815
1770.29291815
1770.29291815
1770.29291815
1770.29291815
1770.29291815
1770.29291815
1770.29291815
1770.29291815
1770.29291815
1770.29291815
1770.29291815
1770.29291815
1770.29291815
1770.29291815
1770.29291815
1770.29291815
1770.29291815
1770.29291815
1770.29291815
1770.29291815
1770.29291815
1770.29291815
1770.29291815
1770.29291815
1770.29291815
1770.29291815
1770.29291815
1770.29291815
1770.29291815
1770.29291815
1770.29291815
1770.29291815
1770.29291815
1770.29291815
1770.29291815
1770.29291815
1770.29291815
1770.29291815
1770.29291815
1770.29291815
1770.29291815
1770.29291815
1770.15440632
1767.98888126
1767.98888126
1767.98888126
1767.98888126
1767.98888126
1767.98888126
1767.98888126
1767.98888126
1767.98888126
1767.98888126
1767.98888126
1767.98888126
1767.98888126
1767.98888126
1767.98888126
1767.98888126
1767.98888126
1767.98888126
1767.98888126
1767.98888126
1767.98888126
1767.98888126
1767.98888126
1767.98888126
1767.98888126
1767.98888126
1767.98888126
1767.98888126
1767.98888126
1767.98888126
1767.98888126
1767.98888126
1767.98888126
1767.98888126
1767.98888126
1767.98888126
1767.98888126
1767.98888126
1767.98888126
1767.98888126
1767.98888126
1767.98888126
1767.98888126
1767.98888126
1767.98888126
1767.98888126
1767.98888126
1767.98888126
1767.98888126
1767.98888126
1767.98888126
1767.98888126
1767.98888126
1767.98888126
1767.98888126
1767.98888126
1767.98888126
1767.98888126
1767.98888126
1767.98888126
1767.98888126
1767.98888126
1767.98888126
1767.98888126
1767.98888126
1767.98888126
1767.98888126
1767.98888126
1767.98888126
1767.98888126
1767.98888126
1767.98888126
1767.98888126
1767.98888126
1767.98888126
1767.98888126
1767.98888126
1767.98888126
1767.98888126
1767.98888126
1767.98888126
1767.98888126
1767.98888126
1767.98888126
1767.98888126
1767.98888126
1767.98888126
1767.98888126
1767.98888126
1767.98888126
1767.98888126
1767.98888126
1767.98888126
1767.98888126
1767.98888126
1767.98888126
1767.98888126
1767.98888126
1767.98888126
1767.98888126
1767.98888126
1767.98888126
1767.98888126
1767.98888126
1767.98888126
1767.98888126
1767.98888126
1767.98888126
1767.98888126
1767.98888126
1767.98888126
1767.98888126
1767.98888126
1767.98888126
1767.98888126
1767.98888126
1767.98888126
1767.98888126
1767.98888126
1767.98888126
1767.98888126
1767.98888126
1767.98888126
1767.98888126
1767.98888126
1767.98888126
1767.98888126
1767.98888126
1767.98888126
1767.98888126
1767.98888126
1767.98888126
1767.98888126
1767.98888126
1767.98888126
1767.98888126
1767.98888126
1767.98888126
1767.98888126
1767.98888126
1767.98888126
1767.98888126
1767.98888126
1767.98888126
1767.98888126
1767.98888126
1767.98888126
1767.98888126
1767.98888126
1767.98888126
1767.98888126
1767.98888126
1767.98888126
1767.98888126
1767.98888126
1767.98888126
1767.98888126
1767.98888126
1767.98888126
1767.98888126
1767.98888126
1767.98888126
1767.98888126
1767.98888126
1767.98888126
1767.98888126
1767.98888126
1767.98888126
1767.98888126
1767.98888126
1767.98888126
1767.98888126
1767.98888126
1767.98888126
1767.98888126
1767.98888126
1767.98888126
1767.98888126
1767.98888126
1767.98888126
1767.98888126
1767.98888126
1767.98888126
1767.98888126
1767.98888126
1767.98888126
1767.98888126
1767.98888126
1767.98888126
1767.98888126
1767.98888126
1767.98888126
1767.98888126
1767.98888126
1767.98888126
1767.98888126
1767.98888126
1767.98888126
1767.98888126
1767.98888126
1767.98888126
1767.98888126
1767.98888126
1767.98888126
1767.98888126
1767.98888126
1767.98888126
1767.98888126
1767.98888126
1767.98888126
1767.98888126
1767.98888126
1767.98888126
1767.98888126
1767.98888126
1767.98888126
1767.98888126
1767.98888126
1767.98888126
1767.98888126
1767.98888126
1767.98888126
1767.98888126
1767.98888126
1767.98888126
1767.98888126
1767.98888126
1767.98888126
1767.98888126
1767.98888126
1767.98888126
1767.98888126
1767.98888126
1767.98888126
1767.98888126
1767.98888126
1767.98888126
1767.98888126
1767.98888126
1767.98888126
1767.98888126
1767.98888126
1767.98888126
1767.98888126
1767.98888126
1767.98888126
1767.98888126
1767.98888126
1767.98888126
1767.98888126
1767.98888126
1767.98888126
1767.98888126
1767.98888126
1767.98888126
1767.98888126
1767.98888126
1767.98888126
1767.98888126
1767.98888126
1767.98888126
1767.98888126
1767.98888126
1767.98888126
1767.98888126
1767.98888126
1767.98888126
1767.98888126
1767.98888126
1767.98888126
1767.98888126
1767.98888126
1767.98888126
1767.98888126
1767.98888126
1767.98888126
1767.98888126
1767.98888126
1767.98888126
1767.98888126
1767.98888126
1767.98888126
1767.98888126
1767.98888126
1767.98888126
1767.98888126
1767.98888126
1767.98888126
1767.98888126
1767.98888126
1767.98888126
1767.98888126
1767.98888126
1767.98888126
1767.98888126
1767.98888126
1767.98888126
1767.98888126
1767.98888126
1767.98888126
1767.98888126
1767.98888126
1767.98888126
1767.98888126
1767.98888126
1767.98888126
1767.98888126
1767.98888126
1767.98888126
1767.98888126
1767.98888126
1767.98888126
1767.98888126
1767.98888126
1767.98888126
1767.98888126
1767.98888126
1767.98888126
1767.98888126
1767.98888126
1767.98888126
1767.98888126
1767.98888126
1767.98888126
1767.98888126
1767.98888126
1767.98888126
1767.98888126
1767.98888126
1767.98888126
1767.98888126
1767.98888126
1767.98888126
1767.98888126
1767.98888126
1767.98888126
1767.98888126
1767.98888126
1767.98888126
1767.98888126
1767.98888126
1767.98888126
1767.98888126
1767.98888126
1767.98888126
1767.98888126
1767.98888126
1767.98888126
1767.98888126
1767.98888126
1767.98888126
1767.98888126
1767.98888126
1767.98888126
1767.98888126
1767.98888126
1767.98888126
1767.98888126
1767.98888126
1767.98888126
1767.98888126
1767.98888126
1767.98888126
1767.98888126
1767.98888126
1767.98888126
1767.98888126
1767.98888126
1767.98888126
1767.98888126
1767.98888126
1767.98888126
1767.98888126
1767.98888126
1767.98888126
1767.98888126
1767.98888126
1767.98888126
1767.98888126
1767.98888126
1767.98888126
1767.98888126
1767.98888126
1767.98888126
1767.98888126
1767.98888126
1767.98888126
1767.98888126
1767.98888126
1767.98888126
1767.98888126
1767.98888126
1767.98888126
1767.98888126
1767.98888126
1767.98888126
1767.98888126
1767.98888126
1767.98888126
1767.98888126
1767.98888126
1767.98888126
1767.98888126
1767.98888126
1767.98888126
1767.98888126
1767.98888126
1767.98888126
1767.98888126
1767.98888126
1767.98888126
1767.98888126
1767.98888126
1767.98888126
1767.98888126
1767.98888126
1767.98888126
1767.98888126
1767.98888126
1767.98888126
1767.98888126
1767.98888126
1767.98888126
1767.98888126
1767.98888126
1767.98888126
1767.98888126
1767.98888126
1767.98888126
1767.98888126
1767.98888126
1767.98888126
1767.98888126
1767.98888126
1767.98888126
1767.98888126
1767.98888126
1767.98888126
1767.98888126
1767.98888126
1767.98888126
1767.98888126
1767.98888126
1767.98888126
1767.98888126
1767.98888126
1767.98888126
1767.98888126
1767.98888126
1767.98888126
1767.98888126
1767.98888126
1767.98888126
1767.98888126
1767.98888126
1767.98888126
1767.98888126
1767.98888126
1767.98888126
1767.98888126
1767.98888126
1767.98888126
1767.98888126
1767.98888126
1767.98888126
1767.98888126
1767.98888126
1767.98888126
1767.98888126
1767.98888126
1767.98888126
1767.98888126
1767.98888126
1767.98888126
1767.98888126
1767.98888126
1767.98888126
1767.98888126
1767.98888126
1767.98888126
1767.98888126
1767.98888126
1767.98888126
1767.98888126
1767.98888126
1767.98888126
1767.98888126
1767.98888126
1767.98888126
1767.98888126
1767.98888126
1767.98888126
1767.98888126
1767.98888126
1767.98888126
1767.98888126
1767.98888126
1767.98888126
1767.98888126
