2391.08539676
2344.8141249
2170.47067192
2170.47067192
2165.01575747
2165.01575747
2064.02308098
2064.02308098
2064.02308098
2064.02308098
2064.02308098
2064.02308098
2064.02308098
2064.02308098
2064.02308098
2064.02308098
2052.84487605
2052.84487605
2052.84487605
2035.85861761
2035.85861761
2035.85861761
2035.85861761
2035.85861761
2035.85861761
2035.85861761
2035.85861761
2035.85861761
1990.16649866
1975.2459795
1975.2459795
1975.2459795
1975.2459795
1975.2459795
1975.2459795
1974.76678599
1974.76678599
1958.95005002
1958.95005002
1958.95005002
1925.32260395
1915.7398623
1915.7398623
1915.7398623
1915.7398623
1908.34900185
1908.34900185
1908.34900185
1908.34900185
1907.68444684
1907.68444684
1907.68444684
1903.22212713
1903.22212713
1903.22212713
1903.22212713
1903.22212713
1903.22212713
1903.22212713
1903.22212713
1903.22212713
1903.22212713
1903.22212713
1883.11651478
1883.11651478
1883.11651478
1883.11651478
1883.11651478
1883.11651478
1883.11651478
1883.11651478
1883.11651478
1883.11651478
1883.11651478
1883.11651478
1883.11651478
1883.11651478
1883.11651478
1883.11651478
1883.11651478
1883.11651478
1883.11651478
1883.11651478
1883.11651478
1883.11651478
1883.11651478
1883.11651478
1883.11651478
1883.11651478
1883.11651478
1883.11651478
1880.396112
1869.84486645
1869.84486645
1869.84486645
1840.36867495
1840.36867495
1840.36867495
1840.36867495
1829.8174294
1829.8174294
1829.8174294
1829.8174294
1829.8174294
1829.8174294
1829.8174294
1829.8174294
1829.8174294
1829.8174294
1829.8174294
1829.8174294
1829.8174294
1829.8174294
1829.8174294
1829.8174294
1829.8174294
1829.8174294
1826.10383768
1826.10383768
1826.10383768
1826.10383768
1826.10383768
1826.10383768
1826.10383768
1826.10383768
1826.10383768
1826.10383768
1826.10383768
1826.10383768
1826.10383768
1826.10383768
1826.10383768
1826.10383768
1826.10383768
1826.10383768
1826.10383768
1826.10383768
1826.10383768
1826.10383768
1826.10383768
1826.10383768
1822.36418431
1822.36418431
1822.36418431
1822.36418431
1820.36092788
1820.36092788
1820.36092788
1820.36092788
1820.36092788
1820.36092788
1820.36092788
1820.36092788
1820.36092788
1820.36092788
1820.36092788
1820.36092788
1820.36092788
1820.36092788
1820.36092788
1820.36092788
1820.36092788
1820.36092788
1820.36092788
1820.36092788
1820.36092788
1820.36092788
1820.36092788
1820.36092788
1820.36092788
1820.36092788
1820.36092788
1820.36092788
1820.36092788
1820.36092788
1820.36092788
1820.36092788
1820.36092788
1820.36092788
1820.36092788
1820.36092788
1820.36092788
1820.36092788
1820.36092788
1820.36092788
1820.36092788
1820.36092788
1820.36092788
1820.36092788
1820.36092788
1820.36092788
1820.36092788
1820.36092788
1820.36092788
1820.36092788
1820.36092788
1820.36092788
1820.36092788
1820.36092788
1820.36092788
1820.36092788
1820.36092788
1820.36092788
1820.36092788
1820.36092788
1820.36092788
1820.36092788
1820.36092788
1820.36092788
1820.36092788
1820.36092788
1820.36092788
1820.36092788
1820.36092788
1820.36092788
1820.36092788
1820.36092788
1820.36092788
1820.36092788
1820.36092788
1820.36092788
1820.36092788
1820.36092788
1820.36092788
1820.36092788
1820.36092788
1820.36092788
1820.36092788
1820.36092788
1820.36092788
1820.36092788
1820.36092788
1820.36092788
1820.36092788
1820.36092788
1820.36092788
1820.36092788
1820.36092788
1820.36092788
1820.36092788
1820.36092788
1820.36092788
1820.36092788
1820.36092788
1820.36092788
1820.36092788
1820.36092788
1820.36092788
1820.36092788
1820.36092788
1820.36092788
1820.36092788
1820.36092788
1820.36092788
1820.36092788
1820.36092788
1820.36092788
1820.36092788
1820.36092788
1820.36092788
1820.36092788
1820.36092788
1820.36092788
1820.36092788
1819.88173438
1819.88173438
1819.88173438
1819.88173438
1819.88173438
1819.88173438
1819.88173438
1819.88173438
1819.88173438
1819.88173438
1819.88173438
1819.88173438
1819.88173438
1819.88173438
1819.88173438
1819.88173438
1819.88173438
1819.88173438
1819.88173438
1819.88173438
1819.88173438
1819.88173438
1819.88173438
1819.88173438
1819.88173438
1814.52733844
1814.52733844
1814.52733844
1814.52733844
1814.52733844
1814.52733844
1814.52733844
1814.52733844
1814.52733844
1814.52733844
1814.52733844
1814.52733844
1814.52733844
1814.52733844
1812.52408202
1812.52408202
1812.52408202
1812.52408202
1812.52408202
1812.52408202
1812.52408202
1812.52408202
1812.52408202
1812.52408202
1812.52408202
1812.52408202
1812.52408202
1812.52408202
1812.52408202
1812.52408202
1812.52408202
1812.52408202
1812.52408202
1812.52408202
1812.52408202
1812.52408202
1812.52408202
1812.52408202
1812.52408202
1812.52408202
1812.52408202
1812.52408202
1812.52408202
1812.52408202
1812.52408202
1812.52408202
1812.52408202
1807.74339095
1807.74339095
1807.74339095
1807.74339095
1807.74339095
1807.74339095
1807.74339095
1807.74339095
1807.74339095
1807.74339095
1807.74339095
1807.74339095
1807.74339095
1807.74339095
1807.74339095
1807.74339095
1807.74339095
1807.74339095
1807.74339095
1807.74339095
1807.74339095
1807.74339095
1807.74339095
1807.74339095
1807.74339095
1807.74339095
1807.74339095
1807.74339095
1807.74339095
1807.74339095
1807.74339095
1807.74339095
1807.74339095
1807.74339095
1807.74339095
1807.74339095
1807.74339095
1807.74339095
1807.74339095
1807.74339095
1807.74339095
1807.74339095
1807.74339095
1807.74339095
1807.74339095
1807.74339095
1807.74339095
1807.74339095
1807.74339095
1807.74339095
1807.74339095
1807.74339095
1807.74339095
1807.74339095
1807.74339095
1807.74339095
1807.74339095
1807.74339095
1807.74339095
1807.74339095
1807.74339095
1807.74339095
1807.74339095
1807.74339095
1807.74339095
1807.74339095
1807.74339095
1807.74339095
1807.74339095
1807.74339095
1807.74339095
1807.74339095
1807.74339095
1807.74339095
1807.74339095
1807.74339095
1807.74339095
1807.74339095
1807.74339095
1807.74339095
1807.74339095
1807.74339095
1807.74339095
1807.74339095
1807.74339095
1807.74339095
1807.74339095
1807.74339095
1807.74339095
1807.74339095
1807.74339095
1807.74339095
1807.74339095
1807.74339095
1807.74339095
1807.74339095
1807.74339095
1807.74339095
1807.74339095
1807.74339095
1807.74339095
1807.74339095
1807.74339095
1806.88768394
1806.88768394
1806.88768394
1806.88768394
1806.88768394
1806.88768394
1806.88768394
1806.88768394
1806.88768394
1806.88768394
1806.88768394
1806.88768394
1806.88768394
1806.88768394
1806.88768394
1806.88768394
1806.88768394
1806.88768394
1806.88768394
1806.88768394
1806.88768394
1806.88768394
1806.88768394
1806.88768394
1806.88768394
1806.88768394
1806.88768394
1806.88768394
1806.88768394
1806.88768394
1806.88768394
1806.88768394
1806.88768394
1806.88768394
1806.88768394
1806.88768394
1806.88768394
1806.88768394
1806.88768394
1806.88768394
1806.88768394
1806.88768394
1806.88768394
1806.88768394
1806.88768394
1806.88768394
1806.88768394
1806.88768394
1806.88768394
1806.88768394
1806.88768394
1806.88768394
1806.88768394
1806.88768394
1806.88768394
1806.88768394
1806.88768394
1806.88768394
1806.88768394
1806.88768394
1806.88768394
1806.88768394
1806.88768394
1806.88768394
1806.88768394
1806.88768394
1806.88768394
1806.88768394
1806.88768394
1806.88768394
1806.88768394
1806.88768394
1806.88768394
1806.88768394
1806.88768394
1806.88768394
1806.88768394
1806.88768394
1806.88768394
1806.88768394
1806.88768394
1806.88768394
1806.88768394
1806.88768394
1806.88768394
1806.88768394
1806.88768394
1806.88768394
1806.88768394
1806.88768394
1806.88768394
1806.88768394
1806.88768394
1806.88768394
1806.88768394
1806.88768394
1806.88768394
1806.88768394
1806.88768394
1806.88768394
1806.88768394
1806.88768394
1806.88768394
1806.88768394
1806.88768394
1806.88768394
1806.88768394
1806.88768394
1806.88768394
1806.88768394
1806.88768394
1806.88768394
1806.88768394
1806.88768394
1806.88768394
1806.88768394
1806.88768394
1806.88768394
1806.88768394
1806.88768394
1806.88768394
1806.88768394
1806.88768394
1806.88768394
1806.88768394
1806.88768394
1806.88768394
1806.88768394
1806.88768394
1806.88768394
1806.88768394
1806.88768394
1806.88768394
1806.88768394
1806.88768394
1806.88768394
1806.88768394
1806.88768394
1806.88768394
1806.88768394
1806.88768394
1806.88768394
1806.88768394
1806.88768394
1806.88768394
1806.88768394
1806.88768394
1806.88768394
1806.88768394
1806.88768394
1806.88768394
1806.88768394
1806.88768394
1806.88768394
1806.88768394
1806.88768394
1806.88768394
1806.88768394
1806.88768394
1806.88768394
1806.88768394
1806.88768394
1806.88768394
1806.88768394
1806.88768394
1806.88768394
1806.88768394
1806.88768394
1806.88768394
1806.88768394
1806.88768394
1806.88768394
1806.88768394
1806.88768394
1806.88768394
1806.88768394
1806.88768394
1806.88768394
1806.88768394
1806.88768394
1806.88768394
1806.88768394
1806.88768394
1806.88768394
1806.88768394
1806.88768394
1806.88768394
1806.88768394
1806.88768394
1806.88768394
1806.88768394
1806.88768394
1806.88768394
1806.88768394
1806.88768394
1806.88768394
1806.88768394
1806.88768394
1806.88768394
1806.88768394
1806.88768394
1806.88768394
1806.88768394
1806.88768394
1806.88768394
1806.88768394
1806.88768394
1806.88768394
1806.88768394
1806.88768394
1806.88768394
1806.88768394
1806.88768394
1806.88768394
1806.88768394
1806.88768394
1806.88768394
1806.88768394
1806.88768394
1806.88768394
1806.88768394
1806.88768394
1806.88768394
1806.88768394
1806.88768394
1806.88768394
1806.88768394
1806.88768394
1806.88768394
1806.88768394
1806.88768394
1806.88768394
1806.88768394
1806.88768394
1806.88768394
1806.88768394
1806.88768394
1806.88768394
1806.88768394
1806.88768394
1806.88768394
1806.88768394
1806.88768394
1806.88768394
1806.88768394
1806.88768394
1806.88768394
1806.88768394
1806.88768394
1806.88768394
1806.88768394
1806.88768394
1806.88768394
1806.88768394
1806.88768394
1806.88768394
1806.88768394
1806.88768394
1806.88768394
1806.88768394
1806.88768394
1806.88768394
1806.88768394
1806.88768394
1806.88768394
1806.88768394
1806.88768394
1806.88768394
1806.88768394
1806.88768394
1806.88768394
1806.88768394
1806.88768394
1806.88768394
1806.88768394
1806.88768394
1806.88768394
1806.88768394
1806.88768394
1806.88768394
1806.88768394
1806.88768394
1806.88768394
1806.88768394
1806.88768394
1806.88768394
1806.88768394
1806.88768394
1806.88768394
1806.88768394
1806.88768394
1806.88768394
1806.88768394
1806.88768394
1806.88768394
1806.88768394
1806.88768394
1806.88768394
1806.88768394
1806.88768394
1806.88768394
1806.88768394
1806.88768394
1806.88768394
1806.88768394
1806.88768394
1806.88768394
1806.88768394
1806.88768394
1806.88768394
1806.88768394
1806.88768394
1806.88768394
1806.88768394
1806.88768394
1806.88768394
1806.88768394
1806.88768394
1806.88768394
1806.88768394
1806.88768394
1806.88768394
1806.88768394
1806.88768394
1806.88768394
1806.88768394
1806.88768394
1806.88768394
1806.88768394
1806.88768394
1806.88768394
1806.88768394
1806.88768394
1806.88768394
1806.88768394
1806.88768394
1806.88768394
1806.88768394
1806.88768394
1806.88768394
1806.88768394
1806.88768394
1806.88768394
1806.88768394
1806.88768394
1806.88768394
1806.88768394
1806.88768394
1806.88768394
1806.88768394
1806.88768394
1806.88768394
1806.88768394
1806.88768394
1806.88768394
1806.88768394
1806.88768394
1806.88768394
1806.88768394
1806.88768394
1806.88768394
1806.88768394
1806.88768394
1806.88768394
1806.88768394
1806.88768394
1806.88768394
1806.88768394
1806.88768394
1806.88768394
1806.88768394
1806.88768394
1806.88768394
1806.88768394
1806.88768394
1806.88768394
1806.88768394
1806.88768394
1806.88768394
1806.88768394
1806.88768394
1806.88768394
1806.88768394
1806.88768394
1806.88768394
1806.88768394
1806.88768394
1806.88768394
1806.88768394
1806.88768394
1806.88768394
1806.88768394
1806.88768394
1806.88768394
1806.88768394
1806.88768394
1806.88768394
1806.88768394
1806.88768394
1806.88768394
1806.88768394
1806.88768394
1806.88768394
1806.88768394
1806.88768394
1806.88768394
1806.88768394
1806.88768394
1806.88768394
1806.88768394
1806.88768394
1806.88768394
1806.88768394
1806.88768394
1806.88768394
1806.88768394
1806.88768394
1806.88768394
1806.88768394
1806.88768394
1806.88768394
1806.88768394
1806.88768394
1806.88768394
1806.88768394
1806.88768394
1806.88768394
1806.88768394
1806.88768394
1806.88768394
1806.88768394
1806.88768394
1806.88768394
1806.88768394
1806.88768394
1806.88768394
1806.88768394
1806.88768394
1806.88768394
1806.88768394
1806.88768394
1806.88768394
1806.88768394
1806.88768394
1806.88768394
1806.88768394
1806.88768394
1806.88768394
1806.88768394
1806.88768394
1806.88768394
1806.88768394
1806.88768394
1806.88768394
1806.88768394
1806.88768394
1806.88768394
1806.88768394
1806.88768394
1806.88768394
1806.88768394
1806.88768394
1806.88768394
1806.88768394
1806.88768394
1806.88768394
1806.88768394
1806.88768394
1806.88768394
1806.88768394
1806.88768394
1806.88768394
1806.88768394
1806.88768394
1806.88768394
1806.88768394
1806.88768394
1806.88768394
1806.88768394
1806.88768394
1806.88768394
1806.88768394
1806.88768394
1806.88768394
1806.88768394
1806.88768394
1806.88768394
1806.88768394
1806.88768394
1806.88768394
1806.88768394
1806.88768394
1806.88768394
1806.88768394
1806.88768394
1806.88768394
1806.88768394
1806.88768394
1806.88768394
1806.88768394
1806.88768394
1806.88768394
1806.88768394
1806.88768394
1806.88768394
1806.88768394
1806.88768394
1806.88768394
1806.88768394
1806.88768394
1806.88768394
1806.88768394
1806.88768394
1806.88768394
1806.88768394
1806.88768394
1806.88768394
1806.88768394
1806.88768394
1806.88768394
1806.88768394
1806.88768394
1806.88768394
1806.88768394
1806.88768394
1806.88768394
1806.88768394
1806.88768394
1806.88768394
1806.88768394
1806.88768394
1806.88768394
1806.88768394
1806.88768394
1806.88768394
1806.88768394
1806.88768394
1806.88768394
1806.88768394
1806.88768394
1806.88768394
1806.88768394
1806.88768394
1806.88768394
1806.88768394
1806.88768394
1806.88768394
1806.88768394
1806.88768394
1806.88768394
1806.88768394
1806.88768394
1806.88768394
1806.88768394
1806.88768394
1806.88768394
1806.88768394
1806.88768394
1806.88768394
1806.88768394
1806.88768394
