25 100
  0     40.0     50.0       0.0     1236.0      0.0       0.0       0.0  
  1     45.0     68.0      830.0    1049.0     90.0       6.0      10.0  
  2     45.0     70.0      756.0     939.0     90.0      18.0      30.0  
  3     42.0     66.0      16.0      336.0     90.0       8.0      10.0  
  4     42.0     68.0      643.0     866.0     90.0       6.0      10.0  
  5     42.0     65.0      15.0      226.0     90.0       1.0      10.0  
  6     40.0     69.0      499.0     824.0     90.0       1.0      20.0  
  7     40.0     66.0      87.0      308.0     90.0       3.0      20.0  
  8     38.0     68.0      150.0     429.0     90.0      17.0      20.0  
  9     38.0     70.0      429.0     710.0     90.0       9.0      10.0  
 10     35.0     66.0      279.0     488.0     90.0       4.0      10.0  
 11     35.0     69.0      363.0     590.0     90.0       8.0      10.0  
 12     25.0     85.0      547.0     826.0     90.0       0.0      20.0  
 13     22.0     75.0      30.0      280.0     90.0       9.0      30.0  
 14     22.0     85.0      489.0     698.0     90.0       4.0      10.0  
 15     20.0     80.0      318.0     495.0     90.0      37.0      40.0  
 16     20.0     85.0      394.0     609.0     90.0       6.0      40.0  
 17     18.0     75.0      33.0      226.0     90.0      14.0      20.0  
 18     15.0     75.0      68.0      365.0     90.0       8.0      20.0  
 19     15.0     80.0      176.0     447.0     90.0       3.0      10.0  
 20     30.0     50.0      10.0      265.0     90.0       9.0      10.0  
 21     30.0     52.0      836.0    1043.0     90.0      17.0      20.0  
 22     28.0     52.0      704.0     991.0     90.0      12.0      20.0  
 23     28.0     55.0      664.0     845.0     90.0       0.0      10.0  
 24     25.0     50.0      15.0      333.0     90.0       1.0      10.0  
 25     25.0     52.0      88.0      305.0     90.0       7.0      40.0  
 26     25.0     55.0      502.0     821.0     90.0       4.0      10.0  
 27     23.0     52.0      179.0     398.0     90.0       1.0      10.0  
 28     23.0     55.0      476.0     663.0     90.0       4.0      20.0  
 29     20.0     50.0      288.0     475.0     90.0       2.0      10.0  
 30     20.0     55.0      368.0     585.0     90.0       8.0      10.0  
 31     10.0     35.0      144.0     293.0     90.0      19.0      20.0  
 32     10.0     40.0      31.0      309.0     90.0       2.0      30.0  
 33      8.0     40.0      33.0      313.0     90.0      13.0      40.0  
 34      8.0     45.0      655.0     912.0     90.0      15.0      20.0  
 35      5.0     35.0      191.0     436.0     90.0       0.0      10.0  
 36      5.0     45.0      588.0     793.0     90.0       2.0      10.0  
 37      2.0     40.0      305.0     512.0     90.0      13.0      20.0  
 38      0.0     40.0      414.0     587.0     90.0      19.0      30.0  
 39      0.0     45.0      481.0     710.0     90.0       3.0      20.0  
 40     35.0     30.0      180.0     405.0     90.0       5.0      10.0  
 41     35.0     32.0      63.0      338.0     90.0       6.0      10.0  
 42     33.0     32.0      19.0      345.0     90.0      15.0      20.0  
 43     33.0     35.0      16.0      273.0     90.0       3.0      10.0  
 44     32.0     30.0      278.0     493.0     90.0       9.0      10.0  
 45     30.0     30.0      453.0     688.0     90.0       8.0      10.0  
 46     30.0     32.0      355.0     602.0     90.0      17.0      30.0  
 47     30.0     35.0      837.0    1127.0     90.0       6.0      10.0  
 48     28.0     30.0      539.0     786.0     90.0       8.0      10.0  
 49     28.0     35.0      867.0    1126.0     90.0       1.0      10.0  
 50     26.0     32.0      719.0     976.0     90.0       7.0      10.0  
 51     25.0     30.0      635.0     876.0     90.0       1.0      10.0  
 52     25.0     35.0      825.0    1056.0     90.0       2.0      10.0  
 53     44.0      5.0      193.0     440.0     90.0       4.0      20.0  
 54     42.0     10.0      78.0      365.0     90.0      27.0      40.0  
 55     42.0     15.0      35.0      287.0     90.0      10.0      10.0  
 56     40.0      5.0      308.0     513.0     90.0      20.0      30.0  
 57     40.0     15.0      35.0      246.0     90.0      27.0      40.0  
 58     38.0      5.0      376.0     629.0     90.0      28.0      30.0  
 59     38.0     15.0      519.0     872.0     90.0       9.0      10.0  
 60     35.0      5.0      463.0     728.0     90.0       1.0      20.0  
 61     50.0     30.0      412.0     729.0     90.0       5.0      10.0  
 62     50.0     35.0      181.0     398.0     90.0      13.0      20.0  
 63     50.0     40.0      100.0     289.0     90.0      47.0      50.0  
 64     48.0     30.0      539.0     786.0     90.0       8.0      10.0  
 65     48.0     40.0      12.0      223.0     90.0       9.0      10.0  
 66     47.0     35.0      753.0     948.0     90.0       2.0      10.0  
 67     47.0     40.0      12.0      275.0     90.0       6.0      10.0  
 68     45.0     30.0      669.0     842.0     90.0       1.0      10.0  
 69     45.0     35.0      836.0    1049.0     90.0       9.0      10.0  
 70     95.0     30.0      284.0     559.0     90.0      11.0      30.0  
 71     95.0     35.0      194.0     459.0     90.0      17.0      20.0  
 72     53.0     30.0      367.0     588.0     90.0       0.0      10.0  
 73     92.0     30.0      370.0     659.0     90.0       7.0      10.0  
 74     53.0     35.0      263.0     502.0     90.0      31.0      50.0  
 75     45.0     65.0      847.0    1130.0     90.0       7.0      20.0  
 76     90.0     35.0      119.0     344.0     90.0       3.0      10.0  
 77     88.0     30.0      469.0     748.0     90.0       3.0      10.0  
 78     88.0     35.0      50.0      295.0     90.0       0.0      20.0  
 79     87.0     30.0      573.0     826.0     90.0       5.0      10.0  
 80     85.0     25.0      694.0     895.0     90.0       1.0      10.0  
 81     85.0     35.0      47.0      356.0     90.0      20.0      30.0  
 82     75.0     55.0      293.0     496.0     90.0      11.0      20.0  
 83     72.0     55.0      154.0     449.0     90.0       7.0      10.0  
 84     70.0     58.0      360.0     621.0     90.0      20.0      20.0  
 85     68.0     60.0      470.0     697.0     90.0      12.0      30.0  
 86     66.0     55.0      76.0      335.0     90.0       6.0      10.0  
 87     65.0     55.0      25.0      260.0     90.0      11.0      20.0  
 88     65.0     60.0      551.0     802.0     90.0      29.0      30.0  
 89     63.0     58.0      640.0     899.0     90.0       4.0      10.0  
 90     60.0     55.0      20.0      276.0     90.0       1.0      10.0  
 91     60.0     60.0      756.0     969.0     90.0       2.0      10.0  
 92     67.0     85.0      257.0     552.0     90.0       7.0      20.0  
 93     65.0     85.0      409.0     584.0     90.0       7.0      40.0  
 94     65.0     82.0      209.0     412.0     90.0       6.0      10.0  
 95     62.0     80.0      130.0     305.0     90.0      13.0      30.0  
 96     60.0     80.0      36.0      283.0     90.0       5.0      10.0  
 97     60.0     85.0      470.0     713.0     90.0      20.0      30.0  
 98     58.0     75.0      30.0      248.0     90.0       6.0      20.0  
 99     55.0     80.0      628.0     935.0     90.0       7.0      10.0  
 100    55.0     85.0      530.0     843.0     90.0       5.0      20.0  
