2069.166967962727
2023.6264363145453
1994.6379009027276
1907.8190047290911
1877.8673291318185
1837.999456818182
1781.3155518009094
1744.9222864981818
1690.8010474281816
1630.3313771736364
1596.0880480036365
1561.748782321818
1485.4288088627272
1461.7996907436363
1393.6151296551818
1372.5600476697275
1332.5453821969093
1306.4499013941818
1281.926867096
1258.0307799387272
1212.0508577037272
1193.9874149415455
1181.899017086091
1174.5083913906362
1173.0635323572726
1169.423972347091
1153.8051630431817
1143.3046359875455
1126.5177239449092
1121.4334652281818
1108.0797509356364
1103.468556900182
1092.4231575439999
1088.0401271985454
1086.722963233091
1083.785758044
1083.677714654
1083.677714654
1081.6133947130909
1081.5966130636364
1081.1035385090909
1069.311143900091
1060.811701644
1056.3485889336364
1046.6080095868183
1045.0103885193637
1037.4960059487273
1037.4960059487273
1034.6372741396362
1034.0775899196362
1032.770185296
1032.770185296
1031.9461871414546
1031.8723457541819
1031.6867681514545
1029.1651306314545
1026.2690996914546
1003.3996521723637
979.0652996004545
973.5587163031818
973.4506098595455
972.4491520004544
969.0078899613637
967.4948988486365
967.0539662595455
960.6182325112727
959.2570109328183
956.3528233909092
955.9830026435454
946.8953892524546
943.216708557
936.606786444
932.5325239319092
929.5885013134546
924.0914450504547
918.7492148900001
918.6007232867273
918.6007232867273
918.6007232867273
918.6007232867273
918.5668710858182
918.5668710858182
912.4717026493637
912.4717026493637
912.1755008373638
912.1755008373638
912.1755008373638
912.1755008373638
912.1755008373638
912.1755008373638
912.1755008373638
912.1755008373638
912.1755008373638
912.1755008373638
912.1755008373638
911.9881147627274
911.9881147627274
911.9881147627274
911.9881147627274
911.9881147627274
911.9881147627274
911.9881147627274
911.9881147627274
911.9881147627274
911.9881147627274
911.9881147627274
911.9881147627274
911.9881147627274
911.9881147627274
909.284980188182
909.284980188182
909.284980188182
909.284980188182
909.284980188182
909.284980188182
909.284980188182
909.284980188182
909.284980188182
909.284980188182
909.284980188182
908.2204207412728
907.9226276694546
907.9226276694546
907.9226276694546
907.8740998640001
907.8740998640001
907.8740998640001
907.8740998640001
907.8740998640001
907.8740998640001
907.8740998640001
906.4440183912728
906.4440183912728
906.4440183912728
906.4440183912728
906.4440183912728
906.4440183912728
906.4440183912728
906.4440183912728
906.4440183912728
906.4440183912728
906.4440183912728
906.4440183912728
906.4440183912728
906.4440183912728
906.1462253194546
906.1462253194546
906.1462253194546
901.3455097730911
901.3455097730911
901.3455097730911
901.1707604776365
886.5824728849092
886.5824728849092
886.5824728849092
886.5824728849092
882.8308234101819
882.8308234101819
882.8308234101819
882.8308234101819
882.8308234101819
882.8308234101819
882.8308234101819
882.8308234101819
882.8308234101819
882.8308234101819
882.8308234101819
877.8736528878181
877.8736528878181
877.8736528878181
876.4191074332728
874.7173689748182
871.6083586038184
865.0501871677275
865.0501871677275
865.0501871677275
865.0501871677275
865.0501871677275
865.0501871677275
865.0501871677275
865.0501871677275
865.0501871677275
865.0501871677275
865.0501871677275
865.0501871677275
865.0501871677275
865.0501871677275
865.0501871677275
865.0501871677275
865.0501871677275
865.0501871677275
864.5024328968183
864.5024328968183
864.5024328968183
864.5024328968183
864.5024328968183
864.5024328968183
864.5024328968183
864.5024328968183
864.5024328968183
864.5024328968183
864.5024328968183
864.5024328968183
864.5024328968183
864.5024328968183
864.5024328968183
864.5024328968183
864.5024328968183
864.5024328968183
864.5024328968183
864.5024328968183
864.5024328968183
864.5024328968183
864.5024328968183
864.5024328968183
864.5024328968183
864.5024328968183
864.5024328968183
864.5024328968183
864.5024328968183
864.5024328968183
864.5024328968183
864.5024328968183
864.5024328968183
864.5024328968183
864.5024328968183
864.5024328968183
864.5024328968183
864.5024328968183
864.5024328968183
864.5024328968183
864.5024328968183
864.5024328968183
864.5024328968183
864.5024328968183
864.5024328968183
864.5024328968183
864.5024328968183
864.5024328968183
864.5024328968183
864.5024328968183
864.5024328968183
864.5024328968183
864.5024328968183
864.5024328968183
864.5024328968183
864.5024328968183
864.5024328968183
864.5024328968183
864.5024328968183
864.5024328968183
864.5024328968183
864.5024328968183
864.5024328968183
864.5024328968183
864.5024328968183
864.5024328968183
864.5024328968183
864.5024328968183
864.5024328968183
864.5024328968183
864.5024328968183
864.5024328968183
864.5024328968183
864.5024328968183
864.5024328968183
864.5024328968183
864.5024328968183
864.5024328968183
864.5024328968183
864.5024328968183
864.5024328968183
864.5024328968183
864.5024328968183
864.5024328968183
864.5024328968183
864.5024328968183
864.5024328968183
864.5024328968183
864.5024328968183
864.5024328968183
864.5024328968183
864.5024328968183
864.5024328968183
864.5024328968183
864.5024328968183
864.5024328968183
864.5024328968183
864.5024328968183
864.5024328968183
864.5024328968183
864.5024328968183
864.5024328968183
864.5024328968183
864.5024328968183
864.5024328968183
864.5024328968183
864.5024328968183
864.5024328968183
864.5024328968183
864.5024328968183
864.5024328968183
864.5024328968183
864.5024328968183
864.5024328968183
864.5024328968183
864.5024328968183
864.5024328968183
864.5024328968183
864.5024328968183
864.5024328968183
864.5024328968183
864.5024328968183
864.5024328968183
864.5024328968183
864.5024328968183
864.5024328968183
864.5024328968183
864.5024328968183
864.5024328968183
864.5024328968183
864.5024328968183
864.5024328968183
864.5024328968183
864.5024328968183
864.5024328968183
864.5024328968183
864.5024328968183
864.5024328968183
864.5024328968183
864.5024328968183
864.5024328968183
864.5024328968183
864.5024328968183
864.5024328968183
864.5024328968183
864.5024328968183
864.5024328968183
864.5024328968183
864.5024328968183
864.5024328968183
864.5024328968183
864.5024328968183
864.5024328968183
864.5024328968183
864.5024328968183
864.5024328968183
864.5024328968183
864.5024328968183
864.5024328968183
864.5024328968183
864.5024328968183
864.5024328968183
864.5024328968183
864.5024328968183
864.5024328968183
864.5024328968183
864.5024328968183
864.5024328968183
864.5024328968183
864.5024328968183
864.5024328968183
864.5024328968183
864.5024328968183
864.5024328968183
864.5024328968183
864.5024328968183
864.5024328968183
864.5024328968183
864.5024328968183
864.5024328968183
864.5024328968183
864.5024328968183
864.5024328968183
864.5024328968183
864.5024328968183
864.5024328968183
864.5024328968183
864.5024328968183
864.5024328968183
864.5024328968183
864.5024328968183
864.5024328968183
864.5024328968183
864.5024328968183
864.5024328968183
864.5024328968183
864.5024328968183
864.5024328968183
864.5024328968183
864.5024328968183
864.5024328968183
864.5024328968183
864.5024328968183
864.5024328968183
864.5024328968183
864.5024328968183
864.5024328968183
864.5024328968183
864.5024328968183
864.5024328968183
864.5024328968183
864.5024328968183
864.5024328968183
864.5024328968183
864.5024328968183
864.5024328968183
864.5024328968183
864.5024328968183
864.5024328968183
864.5024328968183
864.5024328968183
864.5024328968183
864.5024328968183
864.5024328968183
864.5024328968183
864.5024328968183
864.5024328968183
864.5024328968183
864.5024328968183
864.5024328968183
864.5024328968183
864.5024328968183
864.5024328968183
864.5024328968183
864.5024328968183
864.5024328968183
864.5024328968183
864.5024328968183
864.5024328968183
864.5024328968183
864.5024328968183
864.5024328968183
864.5024328968183
864.5024328968183
864.5024328968183
864.5024328968183
864.5024328968183
864.5024328968183
864.5024328968183
864.5024328968183
864.5024328968183
864.5024328968183
864.5024328968183
864.5024328968183
864.5024328968183
864.5024328968183
864.5024328968183
864.5024328968183
864.5024328968183
864.5024328968183
864.5024328968183
864.5024328968183
864.5024328968183
864.5024328968183
864.5024328968183
864.5024328968183
864.5024328968183
864.5024328968183
864.5024328968183
864.5024328968183
864.5024328968183
864.5024328968183
864.5024328968183
864.5024328968183
864.5024328968183
864.5024328968183
864.5024328968183
864.5024328968183
864.5024328968183
864.5024328968183
864.5024328968183
864.5024328968183
864.5024328968183
864.5024328968183
864.5024328968183
864.5024328968183
864.5024328968183
864.5024328968183
864.5024328968183
864.5024328968183
864.5024328968183
864.5024328968183
864.5024328968183
864.5024328968183
864.5024328968183
864.5024328968183
864.5024328968183
864.5024328968183
864.5024328968183
864.5024328968183
864.5024328968183
864.5024328968183
864.5024328968183
864.5024328968183
864.5024328968183
864.5024328968183
864.5024328968183
864.5024328968183
864.5024328968183
864.5024328968183
864.5024328968183
864.5024328968183
864.5024328968183
864.5024328968183
864.5024328968183
864.5024328968183
864.5024328968183
864.5024328968183
864.5024328968183
864.5024328968183
864.5024328968183
864.5024328968183
864.5024328968183
864.5024328968183
864.5024328968183
864.5024328968183
864.5024328968183
864.5024328968183
864.5024328968183
864.5024328968183
864.5024328968183
864.5024328968183
864.5024328968183
864.5024328968183
864.5024328968183
864.5024328968183
864.5024328968183
864.5024328968183
864.5024328968183
864.5024328968183
864.5024328968183
864.5024328968183
864.5024328968183
864.5024328968183
864.5024328968183
864.5024328968183
864.5024328968183
864.5024328968183
864.5024328968183
864.5024328968183
864.5024328968183
864.5024328968183
864.5024328968183
864.5024328968183
864.5024328968183
864.5024328968183
864.5024328968183
864.5024328968183
864.5024328968183
864.5024328968183
864.5024328968183
864.5024328968183
864.5024328968183
864.5024328968183
864.5024328968183
864.5024328968183
864.5024328968183
864.5024328968183
864.5024328968183
864.5024328968183
864.5024328968183
864.5024328968183
864.5024328968183
864.5024328968183
864.5024328968183
864.5024328968183
864.5024328968183
864.5024328968183
864.5024328968183
864.5024328968183
864.5024328968183
864.5024328968183
864.5024328968183
864.5024328968183
864.5024328968183
864.5024328968183
864.5024328968183
864.5024328968183
864.5024328968183
864.5024328968183
864.5024328968183
864.5024328968183
864.5024328968183
864.5024328968183
864.5024328968183
864.5024328968183
864.5024328968183
864.5024328968183
864.5024328968183
864.5024328968183
864.5024328968183
864.5024328968183
864.5024328968183
864.5024328968183
864.5024328968183
864.5024328968183
864.5024328968183
864.5024328968183
864.5024328968183
864.5024328968183
864.5024328968183
864.5024328968183
864.5024328968183
864.5024328968183
864.5024328968183
864.5024328968183
864.5024328968183
864.5024328968183
864.5024328968183
864.5024328968183
864.5024328968183
864.5024328968183
864.5024328968183
864.5024328968183
864.5024328968183
864.5024328968183
864.5024328968183
864.5024328968183
864.5024328968183
864.5024328968183
864.5024328968183
864.5024328968183
864.5024328968183
864.5024328968183
864.5024328968183
864.5024328968183
864.5024328968183
864.5024328968183
864.5024328968183
864.5024328968183
864.5024328968183
864.5024328968183
864.5024328968183
864.5024328968183
864.5024328968183
864.5024328968183
864.5024328968183
864.5024328968183
864.5024328968183
864.5024328968183
864.5024328968183
864.5024328968183
864.5024328968183
864.5024328968183
864.5024328968183
864.5024328968183
864.5024328968183
864.5024328968183
864.5024328968183
864.5024328968183
864.5024328968183
864.5024328968183
864.5024328968183
864.5024328968183
864.5024328968183
864.5024328968183
864.5024328968183
864.5024328968183
864.5024328968183
864.5024328968183
864.5024328968183
864.5024328968183
864.5024328968183
864.5024328968183
864.5024328968183
864.5024328968183
864.5024328968183
864.5024328968183
864.5024328968183
864.5024328968183
864.5024328968183
864.5024328968183
864.5024328968183
864.5024328968183
864.5024328968183
864.5024328968183
864.5024328968183
864.5024328968183
864.5024328968183
864.5024328968183
864.5024328968183
864.5024328968183
864.5024328968183
864.5024328968183
864.5024328968183
864.5024328968183
864.5024328968183
864.5024328968183
864.5024328968183
864.5024328968183
864.5024328968183
864.5024328968183
864.5024328968183
864.5024328968183
864.5024328968183
864.5024328968183
864.5024328968183
864.5024328968183
864.5024328968183
864.5024328968183
864.5024328968183
864.5024328968183
864.5024328968183
864.5024328968183
864.5024328968183
864.5024328968183
864.5024328968183
864.5024328968183
864.5024328968183
864.5024328968183
864.5024328968183
864.5024328968183
864.5024328968183
864.5024328968183
864.5024328968183
864.5024328968183
864.5024328968183
864.5024328968183
864.5024328968183
864.5024328968183
864.5024328968183
864.5024328968183
864.5024328968183
864.5024328968183
864.5024328968183
864.5024328968183
864.5024328968183
864.5024328968183
864.5024328968183
864.5024328968183
864.5024328968183
864.5024328968183
864.5024328968183
864.5024328968183
864.5024328968183
864.5024328968183
864.5024328968183
864.5024328968183
864.5024328968183
864.5024328968183
864.5024328968183
864.5024328968183
864.5024328968183
864.5024328968183
864.5024328968183
864.5024328968183
864.5024328968183
864.5024328968183
864.5024328968183
864.5024328968183
864.5024328968183
864.5024328968183
864.5024328968183
864.5024328968183
864.5024328968183
864.5024328968183
864.5024328968183
864.5024328968183
864.5024328968183
864.5024328968183
864.5024328968183
864.5024328968183
864.5024328968183
864.5024328968183
864.5024328968183
864.5024328968183
864.5024328968183
864.5024328968183
864.5024328968183
864.5024328968183
864.5024328968183
864.5024328968183
864.5024328968183
864.5024328968183
864.5024328968183
864.5024328968183
864.5024328968183
864.5024328968183
864.5024328968183
864.5024328968183
864.5024328968183
864.5024328968183
864.5024328968183
864.5024328968183
864.5024328968183
864.5024328968183
864.5024328968183
864.5024328968183
864.5024328968183
864.5024328968183
864.5024328968183
864.5024328968183
864.5024328968183
864.5024328968183
864.5024328968183
864.5024328968183
864.5024328968183
864.5024328968183
864.5024328968183
864.5024328968183
864.5024328968183
864.5024328968183
864.5024328968183
864.5024328968183
864.5024328968183
864.5024328968183
864.5024328968183
864.5024328968183
864.5024328968183
864.5024328968183
864.5024328968183
864.5024328968183
864.5024328968183
864.5024328968183
864.5024328968183
864.5024328968183
864.5024328968183
864.5024328968183
864.5024328968183
864.5024328968183
864.5024328968183
864.5024328968183
864.5024328968183
864.5024328968183
864.5024328968183
864.5024328968183
864.5024328968183
864.5024328968183
864.5024328968183
864.5024328968183
864.5024328968183
864.5024328968183
864.5024328968183
864.5024328968183
864.5024328968183
864.5024328968183
864.5024328968183
864.5024328968183
864.5024328968183
864.5024328968183
864.5024328968183
864.5024328968183
864.5024328968183
864.5024328968183
864.5024328968183
864.5024328968183
864.5024328968183
864.5024328968183
864.5024328968183
864.5024328968183
864.5024328968183
864.5024328968183
864.5024328968183
864.5024328968183
864.5024328968183
864.5024328968183
864.5024328968183
864.5024328968183
864.5024328968183
864.5024328968183
864.5024328968183
864.5024328968183
864.5024328968183
864.5024328968183
864.5024328968183
864.5024328968183
864.5024328968183
864.5024328968183
864.5024328968183
864.5024328968183
864.5024328968183
864.5024328968183
864.5024328968183
864.5024328968183
864.5024328968183
864.5024328968183
864.5024328968183
864.5024328968183
864.5024328968183
864.5024328968183
864.5024328968183
864.5024328968183
864.5024328968183
864.5024328968183
864.5024328968183
864.5024328968183
864.5024328968183
864.5024328968183
864.5024328968183
864.5024328968183
864.5024328968183
864.5024328968183
864.5024328968183
864.5024328968183
864.5024328968183
864.5024328968183
864.5024328968183
864.5024328968183
864.5024328968183
864.5024328968183
864.5024328968183
864.5024328968183
864.5024328968183
864.5024328968183
864.5024328968183
864.5024328968183
864.5024328968183
864.5024328968183
864.5024328968183
864.5024328968183
864.5024328968183
864.5024328968183
864.5024328968183
864.5024328968183
864.5024328968183
864.5024328968183
864.5024328968183
864.5024328968183
864.5024328968183
864.5024328968183
864.5024328968183
864.5024328968183
864.5024328968183
864.5024328968183
864.5024328968183
864.5024328968183
864.5024328968183
864.5024328968183
864.5024328968183
864.5024328968183
864.5024328968183
864.5024328968183
864.5024328968183
864.5024328968183
864.5024328968183
864.5024328968183
864.5024328968183
864.5024328968183
864.5024328968183
864.5024328968183
864.5024328968183
864.5024328968183
864.5024328968183
864.5024328968183
864.5024328968183
864.5024328968183
864.5024328968183
864.5024328968183
864.5024328968183
864.5024328968183
864.5024328968183
864.5024328968183
864.5024328968183
864.5024328968183
864.5024328968183
864.5024328968183
864.5024328968183
864.5024328968183
864.5024328968183
864.5024328968183
864.5024328968183
864.5024328968183
864.5024328968183
864.5024328968183
864.5024328968183
864.5024328968183
864.5024328968183
864.5024328968183
864.5024328968183
864.5024328968183
864.5024328968183
864.5024328968183
864.5024328968183
864.5024328968183
864.5024328968183
864.5024328968183
864.5024328968183
864.5024328968183
864.5024328968183
864.5024328968183
864.5024328968183
864.5024328968183
864.5024328968183
864.5024328968183
864.5024328968183
864.5024328968183
864.5024328968183
864.5024328968183
864.5024328968183
864.5024328968183
864.5024328968183
864.5024328968183
864.5024328968183
864.5024328968183
864.5024328968183
864.5024328968183
864.5024328968183
864.5024328968183
864.5024328968183
