2010.0227238200002
1951.9399274677776
1840.3232861999995
1797.8435327477778
1760.86097879
1668.4391250144445
1652.6758022433332
1583.3797453466666
1514.8912276322221
1466.1154939666667
1368.8214808355558
1342.7781432266665
1306.3044237582224
1272.8779644626668
1246.4417209085555
1181.9745538181112
1129.3592761647778
1091.0868450008888
1079.7159889014447
1065.855597623
1060.7300466378888
1057.0536439917778
1028.8861867057776
997.685854235778
976.7261114924445
959.391193039
958.537695204889
936.213569822778
926.9054348105557
926.6460709433335
924.2966644315555
919.3481538531111
906.8488865967779
906.8488865967779
898.2981243701112
896.5911215324445
895.1670088742222
891.2981490388889
874.9731593878888
874.929811887
873.4710554491111
871.7463027501112
869.1252529161112
869.1252529161112
869.1252529161112
869.1252529161112
869.1252529161112
865.4543266693335
865.4543266693335
865.4543266693335
862.0151362915557
847.4587936937779
847.4587936937779
847.4587936937779
844.7439043125557
844.7439043125557
844.7439043125557
844.7439043125557
844.7439043125557
844.7439043125557
844.7439043125557
844.7439043125557
844.7439043125557
844.7439043125557
844.7439043125557
844.7439043125557
844.7439043125557
844.7439043125557
844.7439043125557
844.7439043125557
844.7439043125557
844.7439043125557
844.7439043125557
844.7439043125557
844.7439043125557
844.7439043125557
844.7439043125557
844.7439043125557
844.7439043125557
838.238856044778
838.238856044778
838.238856044778
838.238856044778
838.238856044778
838.238856044778
836.5159555452224
836.3865172542223
836.3865172542223
836.3865172542223
836.3865172542223
836.3865172542223
836.3865172542223
836.3865172542223
836.3865172542223
836.3865172542223
836.3865172542223
836.3865172542223
836.3865172542223
836.3865172542223
836.3865172542223
836.3865172542223
828.9368669430003
828.9368669430003
828.9368669430003
828.9368669430003
828.9368669430003
828.9368669430003
828.9368669430003
828.9368669430003
828.9368669430003
828.9368669430003
828.9368669430003
828.9368669430003
828.9368669430003
828.9368669430003
828.9368669430003
828.9368669430003
828.9368669430003
828.9368669430003
828.9368669430003
828.9368669430003
828.9368669430003
828.9368669430003
828.9368669430003
828.9368669430003
828.9368669430003
828.9368669430003
828.9368669430003
828.9368669430003
828.9368669430003
828.9368669430003
828.9368669430003
828.9368669430003
828.9368669430003
828.9368669430003
828.9368669430003
828.9368669430003
828.9368669430003
828.9368669430003
828.9368669430003
828.9368669430003
828.9368669430003
828.9368669430003
828.9368669430003
828.9368669430003
828.9368669430003
828.9368669430003
828.9368669430003
828.9368669430003
828.9368669430003
828.9368669430003
828.9368669430003
828.9368669430003
828.9368669430003
828.9368669430003
828.9368669430003
828.9368669430003
828.9368669430003
828.9368669430003
828.9368669430003
828.9368669430003
828.9368669430003
828.9368669430003
828.9368669430003
828.9368669430003
828.9368669430003
828.9368669430003
828.9368669430003
828.9368669430003
828.9368669430003
828.9368669430003
828.9368669430003
828.9368669430003
828.9368669430003
828.9368669430003
828.9368669430003
828.9368669430003
828.9368669430003
828.9368669430003
828.9368669430003
828.9368669430003
828.9368669430003
828.9368669430003
828.9368669430003
828.9368669430003
828.9368669430003
828.9368669430003
828.9368669430003
828.9368669430003
828.9368669430003
828.9368669430003
828.9368669430003
828.9368669430003
828.9368669430003
828.9368669430003
828.9368669430003
828.9368669430003
828.9368669430003
828.9368669430003
828.9368669430003
828.9368669430003
828.9368669430003
828.9368669430003
828.9368669430003
828.9368669430003
828.9368669430003
828.9368669430003
828.9368669430003
828.9368669430003
828.9368669430003
828.9368669430003
828.9368669430003
828.9368669430003
828.9368669430003
828.9368669430003
828.9368669430003
828.9368669430003
828.9368669430003
828.9368669430003
828.9368669430003
828.9368669430003
828.9368669430003
828.9368669430003
828.9368669430003
828.9368669430003
828.9368669430003
828.9368669430003
828.9368669430003
828.9368669430003
828.9368669430003
828.9368669430003
828.9368669430003
828.9368669430003
828.9368669430003
828.9368669430003
828.9368669430003
828.9368669430003
828.9368669430003
828.9368669430003
828.9368669430003
828.9368669430003
828.9368669430003
828.9368669430003
828.9368669430003
828.9368669430003
828.9368669430003
828.9368669430003
828.9368669430003
828.9368669430003
828.9368669430003
828.9368669430003
828.9368669430003
828.9368669430003
828.9368669430003
828.9368669430003
828.9368669430003
828.9368669430003
828.9368669430003
828.9368669430003
828.9368669430003
828.9368669430003
828.9368669430003
828.9368669430003
828.9368669430003
828.9368669430003
828.9368669430003
828.9368669430003
828.9368669430003
828.9368669430003
828.9368669430003
828.9368669430003
828.9368669430003
828.9368669430003
828.9368669430003
828.9368669430003
828.9368669430003
828.9368669430003
828.9368669430003
828.9368669430003
828.9368669430003
828.9368669430003
828.9368669430003
828.9368669430003
828.9368669430003
828.9368669430003
828.9368669430003
828.9368669430003
828.9368669430003
828.9368669430003
828.9368669430003
828.9368669430003
828.9368669430003
828.9368669430003
828.9368669430003
828.9368669430003
828.9368669430003
828.9368669430003
828.9368669430003
828.9368669430003
828.9368669430003
828.9368669430003
828.9368669430003
828.9368669430003
828.9368669430003
828.9368669430003
828.9368669430003
828.9368669430003
828.9368669430003
828.9368669430003
828.9368669430003
828.9368669430003
828.9368669430003
828.9368669430003
828.9368669430003
828.9368669430003
828.9368669430003
828.9368669430003
828.9368669430003
828.9368669430003
828.9368669430003
828.9368669430003
828.9368669430003
828.9368669430003
828.9368669430003
828.9368669430003
828.9368669430003
828.9368669430003
828.9368669430003
828.9368669430003
828.9368669430003
828.9368669430003
828.9368669430003
828.9368669430003
828.9368669430003
828.9368669430003
828.9368669430003
828.9368669430003
828.9368669430003
828.9368669430003
828.9368669430003
828.9368669430003
828.9368669430003
828.9368669430003
828.9368669430003
828.9368669430003
828.9368669430003
828.9368669430003
828.9368669430003
828.9368669430003
828.9368669430003
828.9368669430003
828.9368669430003
828.9368669430003
828.9368669430003
828.9368669430003
828.9368669430003
828.9368669430003
828.9368669430003
828.9368669430003
828.9368669430003
828.9368669430003
828.9368669430003
828.9368669430003
828.9368669430003
828.9368669430003
828.9368669430003
828.9368669430003
828.9368669430003
828.9368669430003
828.9368669430003
828.9368669430003
828.9368669430003
828.9368669430003
828.9368669430003
828.9368669430003
828.9368669430003
828.9368669430003
828.9368669430003
828.9368669430003
828.9368669430003
828.9368669430003
828.9368669430003
828.9368669430003
828.9368669430003
828.9368669430003
828.9368669430003
828.9368669430003
828.9368669430003
828.9368669430003
828.9368669430003
828.9368669430003
828.9368669430003
828.9368669430003
828.9368669430003
828.9368669430003
828.9368669430003
828.9368669430003
828.9368669430003
828.9368669430003
828.9368669430003
828.9368669430003
828.9368669430003
828.9368669430003
828.9368669430003
828.9368669430003
828.9368669430003
828.9368669430003
828.9368669430003
828.9368669430003
828.9368669430003
828.9368669430003
828.9368669430003
828.9368669430003
828.9368669430003
828.9368669430003
828.9368669430003
828.9368669430003
828.9368669430003
828.9368669430003
828.9368669430003
828.9368669430003
828.9368669430003
828.9368669430003
828.9368669430003
828.9368669430003
828.9368669430003
828.9368669430003
828.9368669430003
828.9368669430003
828.9368669430003
828.9368669430003
828.9368669430003
828.9368669430003
828.9368669430003
828.9368669430003
828.9368669430003
828.9368669430003
828.9368669430003
828.9368669430003
828.9368669430003
828.9368669430003
828.9368669430003
828.9368669430003
828.9368669430003
828.9368669430003
828.9368669430003
828.9368669430003
828.9368669430003
828.9368669430003
828.9368669430003
828.9368669430003
828.9368669430003
828.9368669430003
828.9368669430003
828.9368669430003
828.9368669430003
828.9368669430003
828.9368669430003
828.9368669430003
828.9368669430003
828.9368669430003
828.9368669430003
828.9368669430003
828.9368669430003
828.9368669430003
828.9368669430003
828.9368669430003
828.9368669430003
828.9368669430003
828.9368669430003
828.9368669430003
828.9368669430003
828.9368669430003
828.9368669430003
828.9368669430003
828.9368669430003
828.9368669430003
828.9368669430003
828.9368669430003
828.9368669430003
828.9368669430003
828.9368669430003
828.9368669430003
828.9368669430003
828.9368669430003
828.9368669430003
828.9368669430003
828.9368669430003
828.9368669430003
828.9368669430003
828.9368669430003
828.9368669430003
828.9368669430003
828.9368669430003
828.9368669430003
828.9368669430003
828.9368669430003
828.9368669430003
828.9368669430003
828.9368669430003
828.9368669430003
828.9368669430003
828.9368669430003
828.9368669430003
828.9368669430003
828.9368669430003
828.9368669430003
828.9368669430003
828.9368669430003
828.9368669430003
828.9368669430003
828.9368669430003
828.9368669430003
828.9368669430003
828.9368669430003
828.9368669430003
828.9368669430003
828.9368669430003
828.9368669430003
828.9368669430003
828.9368669430003
828.9368669430003
828.9368669430003
828.9368669430003
828.9368669430003
828.9368669430003
828.9368669430003
828.9368669430003
828.9368669430003
828.9368669430003
828.9368669430003
828.9368669430003
828.9368669430003
828.9368669430003
828.9368669430003
828.9368669430003
828.9368669430003
828.9368669430003
828.9368669430003
828.9368669430003
828.9368669430003
828.9368669430003
828.9368669430003
828.9368669430003
828.9368669430003
828.9368669430003
828.9368669430003
828.9368669430003
828.9368669430003
828.9368669430003
828.9368669430003
828.9368669430003
828.9368669430003
828.9368669430003
828.9368669430003
828.9368669430003
828.9368669430003
828.9368669430003
828.9368669430003
828.9368669430003
828.9368669430003
828.9368669430003
828.9368669430003
828.9368669430003
828.9368669430003
828.9368669430003
828.9368669430003
828.9368669430003
828.9368669430003
828.9368669430003
828.9368669430003
828.9368669430003
828.9368669430003
828.9368669430003
828.9368669430003
828.9368669430003
828.9368669430003
828.9368669430003
828.9368669430003
828.9368669430003
828.9368669430003
828.9368669430003
828.9368669430003
828.9368669430003
828.9368669430003
828.9368669430003
828.9368669430003
828.9368669430003
828.9368669430003
828.9368669430003
828.9368669430003
828.9368669430003
828.9368669430003
828.9368669430003
828.9368669430003
828.9368669430003
828.9368669430003
828.9368669430003
828.9368669430003
828.9368669430003
828.9368669430003
828.9368669430003
828.9368669430003
828.9368669430003
828.9368669430003
828.9368669430003
828.9368669430003
828.9368669430003
828.9368669430003
828.9368669430003
828.9368669430003
828.9368669430003
828.9368669430003
828.9368669430003
828.9368669430003
828.9368669430003
828.9368669430003
828.9368669430003
828.9368669430003
828.9368669430003
828.9368669430003
828.9368669430003
828.9368669430003
828.9368669430003
828.9368669430003
828.9368669430003
828.9368669430003
828.9368669430003
828.9368669430003
828.9368669430003
828.9368669430003
828.9368669430003
828.9368669430003
828.9368669430003
828.9368669430003
828.9368669430003
828.9368669430003
828.9368669430003
828.9368669430003
828.9368669430003
828.9368669430003
828.9368669430003
828.9368669430003
828.9368669430003
828.9368669430003
828.9368669430003
828.9368669430003
828.9368669430003
828.9368669430003
828.9368669430003
828.9368669430003
828.9368669430003
828.9368669430003
828.9368669430003
828.9368669430003
828.9368669430003
828.9368669430003
828.9368669430003
828.9368669430003
828.9368669430003
828.9368669430003
828.9368669430003
828.9368669430003
828.9368669430003
828.9368669430003
828.9368669430003
828.9368669430003
828.9368669430003
828.9368669430003
828.9368669430003
828.9368669430003
828.9368669430003
828.9368669430003
828.9368669430003
828.9368669430003
828.9368669430003
828.9368669430003
828.9368669430003
828.9368669430003
828.9368669430003
828.9368669430003
828.9368669430003
828.9368669430003
828.9368669430003
828.9368669430003
828.9368669430003
828.9368669430003
828.9368669430003
828.9368669430003
828.9368669430003
828.9368669430003
828.9368669430003
828.9368669430003
828.9368669430003
828.9368669430003
828.9368669430003
828.9368669430003
828.9368669430003
828.9368669430003
828.9368669430003
828.9368669430003
828.9368669430003
828.9368669430003
828.9368669430003
828.9368669430003
828.9368669430003
828.9368669430003
828.9368669430003
828.9368669430003
828.9368669430003
828.9368669430003
828.9368669430003
828.9368669430003
828.9368669430003
828.9368669430003
828.9368669430003
828.9368669430003
828.9368669430003
828.9368669430003
828.9368669430003
828.9368669430003
828.9368669430003
828.9368669430003
828.9368669430003
828.9368669430003
828.9368669430003
828.9368669430003
828.9368669430003
828.9368669430003
828.9368669430003
828.9368669430003
828.9368669430003
828.9368669430003
828.9368669430003
828.9368669430003
828.9368669430003
828.9368669430003
828.9368669430003
828.9368669430003
828.9368669430003
828.9368669430003
828.9368669430003
828.9368669430003
828.9368669430003
828.9368669430003
828.9368669430003
828.9368669430003
828.9368669430003
828.9368669430003
828.9368669430003
828.9368669430003
828.9368669430003
828.9368669430003
828.9368669430003
828.9368669430003
828.9368669430003
828.9368669430003
828.9368669430003
828.9368669430003
828.9368669430003
828.9368669430003
828.9368669430003
828.9368669430003
828.9368669430003
828.9368669430003
828.9368669430003
828.9368669430003
828.9368669430003
828.9368669430003
828.9368669430003
828.9368669430003
828.9368669430003
828.9368669430003
828.9368669430003
828.9368669430003
828.9368669430003
828.9368669430003
828.9368669430003
828.9368669430003
828.9368669430003
828.9368669430003
828.9368669430003
828.9368669430003
828.9368669430003
828.9368669430003
828.9368669430003
828.9368669430003
828.9368669430003
828.9368669430003
828.9368669430003
828.9368669430003
828.9368669430003
828.9368669430003
828.9368669430003
828.9368669430003
828.9368669430003
828.9368669430003
828.9368669430003
828.9368669430003
828.9368669430003
828.9368669430003
828.9368669430003
828.9368669430003
828.9368669430003
828.9368669430003
828.9368669430003
828.9368669430003
828.9368669430003
828.9368669430003
828.9368669430003
828.9368669430003
828.9368669430003
828.9368669430003
828.9368669430003
828.9368669430003
828.9368669430003
828.9368669430003
828.9368669430003
828.9368669430003
828.9368669430003
828.9368669430003
828.9368669430003
828.9368669430003
828.9368669430003
828.9368669430003
828.9368669430003
828.9368669430003
828.9368669430003
828.9368669430003
828.9368669430003
828.9368669430003
828.9368669430003
828.9368669430003
828.9368669430003
828.9368669430003
828.9368669430003
828.9368669430003
828.9368669430003
828.9368669430003
828.9368669430003
828.9368669430003
828.9368669430003
828.9368669430003
828.9368669430003
828.9368669430003
828.9368669430003
828.9368669430003
828.9368669430003
828.9368669430003
828.9368669430003
828.9368669430003
828.9368669430003
828.9368669430003
828.9368669430003
828.9368669430003
828.9368669430003
828.9368669430003
828.9368669430003
828.9368669430003
828.9368669430003
828.9368669430003
828.9368669430003
828.9368669430003
828.9368669430003
828.9368669430003
828.9368669430003
828.9368669430003
828.9368669430003
828.9368669430003
828.9368669430003
828.9368669430003
828.9368669430003
828.9368669430003
828.9368669430003
828.9368669430003
828.9368669430003
828.9368669430003
828.9368669430003
828.9368669430003
828.9368669430003
828.9368669430003
828.9368669430003
828.9368669430003
828.9368669430003
828.9368669430003
828.9368669430003
828.9368669430003
828.9368669430003
828.9368669430003
828.9368669430003
828.9368669430003
828.9368669430003
828.9368669430003
828.9368669430003
828.9368669430003
828.9368669430003
828.9368669430003
828.9368669430003
828.9368669430003
828.9368669430003
828.9368669430003
828.9368669430003
828.9368669430003
828.9368669430003
828.9368669430003
828.9368669430003
828.9368669430003
828.9368669430003
828.9368669430003
828.9368669430003
828.9368669430003
828.9368669430003
828.9368669430003
828.9368669430003
828.9368669430003
828.9368669430003
828.9368669430003
828.9368669430003
828.9368669430003
828.9368669430003
828.9368669430003
828.9368669430003
828.9368669430003
828.9368669430003
828.9368669430003
828.9368669430003
828.9368669430003
828.9368669430003
828.9368669430003
828.9368669430003
828.9368669430003
828.9368669430003
828.9368669430003
828.9368669430003
828.9368669430003
828.9368669430003
828.9368669430003
828.9368669430003
828.9368669430003
828.9368669430003
828.9368669430003
828.9368669430003
828.9368669430003
828.9368669430003
828.9368669430003
828.9368669430003
828.9368669430003
828.9368669430003
828.9368669430003
828.9368669430003
828.9368669430003
828.9368669430003
828.9368669430003
828.9368669430003
828.9368669430003
828.9368669430003
828.9368669430003
828.9368669430003
828.9368669430003
828.9368669430003
828.9368669430003
828.9368669430003
828.9368669430003
828.9368669430003
828.9368669430003
828.9368669430003
828.9368669430003
828.9368669430003
828.9368669430003
828.9368669430003
828.9368669430003
828.9368669430003
828.9368669430003
828.9368669430003
828.9368669430003
828.9368669430003
828.9368669430003
828.9368669430003
828.9368669430003
828.9368669430003
828.9368669430003
828.9368669430003
828.9368669430003
828.9368669430003
828.9368669430003
828.9368669430003
828.9368669430003
828.9368669430003
828.9368669430003
828.9368669430003
828.9368669430003
828.9368669430003
828.9368669430003
828.9368669430003
828.9368669430003
828.9368669430003
828.9368669430003
828.9368669430003
828.9368669430003
828.9368669430003
