2024.3487287545454
1995.0745088409092
1901.4338908500001
1852.5856526627272
1747.90282037
1711.0045276000003
1669.4219790036366
1567.73958813
1531.109194420909
1483.8927764463635
1464.4170125800001
1402.8335136136361
1304.2767846180907
1285.2491998917271
1219.7155617016363
1184.7936271628182
1142.2529312167273
1072.1760640107275
1042.2443124763638
1014.1392749884545
996.7435445844548
975.4159907710001
969.1117630329093
948.9312322780911
932.445276629182
920.1608428804547
916.1831827675455
909.3349284439092
900.5434445239091
882.7658597159093
882.4500689503639
874.6018943398184
868.2871419780912
864.5568954203638
860.2945181675456
857.5967341375455
857.2412914010911
857.2412914010911
856.4081567379093
853.4069432834548
852.341261795273
850.4621981818183
848.6440163636365
848.6440163636365
845.9790093781819
845.9770492615455
845.6279181722729
845.2953869560911
842.7782346073637
842.7782346073637
842.237169361182
835.4299946066366
835.4299946066366
835.1325682937276
835.1325682937276
830.9519146757276
830.9519146757276
830.9519146757276
828.9368669430004
828.9368669430004
828.9368669430004
828.9368669430004
828.9368669430004
828.9368669430004
828.9368669430004
828.9368669430004
828.9368669430004
828.9368669430004
828.9368669430004
828.9368669430004
828.9368669430004
828.9368669430004
828.9368669430004
828.9368669430004
828.9368669430004
828.9368669430004
828.9368669430004
828.9368669430004
828.9368669430004
828.9368669430004
828.9368669430004
828.9368669430004
828.9368669430004
828.9368669430004
828.9368669430004
828.9368669430004
828.9368669430004
828.9368669430004
828.9368669430004
828.9368669430004
828.9368669430004
828.9368669430004
828.9368669430004
828.9368669430004
828.9368669430004
828.9368669430004
828.9368669430004
828.9368669430004
828.9368669430004
828.9368669430004
828.9368669430004
828.9368669430004
828.9368669430004
828.9368669430004
828.9368669430004
828.9368669430004
828.9368669430004
828.9368669430004
828.9368669430004
828.9368669430004
828.9368669430004
828.9368669430004
828.9368669430004
828.9368669430004
828.9368669430004
828.9368669430004
828.9368669430004
828.9368669430004
828.9368669430004
828.9368669430004
828.9368669430004
828.9368669430004
828.9368669430004
828.9368669430004
828.9368669430004
828.9368669430004
828.9368669430004
828.9368669430004
828.9368669430004
828.9368669430004
828.9368669430004
828.9368669430004
828.9368669430004
828.9368669430004
828.9368669430004
828.9368669430004
828.9368669430004
828.9368669430004
828.9368669430004
828.9368669430004
828.9368669430004
828.9368669430004
828.9368669430004
828.9368669430004
828.9368669430004
828.9368669430004
828.9368669430004
828.9368669430004
828.9368669430004
828.9368669430004
828.9368669430004
828.9368669430004
828.9368669430004
828.9368669430004
828.9368669430004
828.9368669430004
828.9368669430004
828.9368669430004
828.9368669430004
828.9368669430004
828.9368669430004
828.9368669430004
828.9368669430004
828.9368669430004
828.9368669430004
828.9368669430004
828.9368669430004
828.9368669430004
828.9368669430004
828.9368669430004
828.9368669430004
828.9368669430004
828.9368669430004
828.9368669430004
828.9368669430004
828.9368669430004
828.9368669430004
828.9368669430004
828.9368669430004
828.9368669430004
828.9368669430004
828.9368669430004
828.9368669430004
828.9368669430004
828.9368669430004
828.9368669430004
828.9368669430004
828.9368669430004
828.9368669430004
828.9368669430004
828.9368669430004
828.9368669430004
828.9368669430004
828.9368669430004
828.9368669430004
828.9368669430004
828.9368669430004
828.9368669430004
828.9368669430004
828.9368669430004
828.9368669430004
828.9368669430004
828.9368669430004
828.9368669430004
828.9368669430004
828.9368669430004
828.9368669430004
828.9368669430004
828.9368669430004
828.9368669430004
828.9368669430004
828.9368669430004
828.9368669430004
828.9368669430004
828.9368669430004
828.9368669430004
828.9368669430004
828.9368669430004
828.9368669430004
828.9368669430004
828.9368669430004
828.9368669430004
828.9368669430004
828.9368669430004
828.9368669430004
828.9368669430004
828.9368669430004
828.9368669430004
828.9368669430004
828.9368669430004
828.9368669430004
828.9368669430004
828.9368669430004
828.9368669430004
828.9368669430004
828.9368669430004
828.9368669430004
828.9368669430004
828.9368669430004
828.9368669430004
828.9368669430004
828.9368669430004
828.9368669430004
828.9368669430004
828.9368669430004
828.9368669430004
828.9368669430004
828.9368669430004
828.9368669430004
828.9368669430004
828.9368669430004
828.9368669430004
828.9368669430004
828.9368669430004
828.9368669430004
828.9368669430004
828.9368669430004
828.9368669430004
828.9368669430004
828.9368669430004
828.9368669430004
828.9368669430004
828.9368669430004
828.9368669430004
828.9368669430004
828.9368669430004
828.9368669430004
828.9368669430004
828.9368669430004
828.9368669430004
828.9368669430004
828.9368669430004
828.9368669430004
828.9368669430004
828.9368669430004
828.9368669430004
828.9368669430004
828.9368669430004
828.9368669430004
828.9368669430004
828.9368669430004
828.9368669430004
828.9368669430004
828.9368669430004
828.9368669430004
828.9368669430004
828.9368669430004
828.9368669430004
828.9368669430004
828.9368669430004
828.9368669430004
828.9368669430004
828.9368669430004
828.9368669430004
828.9368669430004
828.9368669430004
828.9368669430004
828.9368669430004
828.9368669430004
828.9368669430004
828.9368669430004
828.9368669430004
828.9368669430004
828.9368669430004
828.9368669430004
828.9368669430004
828.9368669430004
828.9368669430004
828.9368669430004
828.9368669430004
828.9368669430004
828.9368669430004
828.9368669430004
828.9368669430004
828.9368669430004
828.9368669430004
828.9368669430004
828.9368669430004
828.9368669430004
828.9368669430004
828.9368669430004
828.9368669430004
828.9368669430004
828.9368669430004
828.9368669430004
828.9368669430004
828.9368669430004
828.9368669430004
828.9368669430004
828.9368669430004
828.9368669430004
828.9368669430004
828.9368669430004
828.9368669430004
828.9368669430004
828.9368669430004
828.9368669430004
828.9368669430004
828.9368669430004
828.9368669430004
828.9368669430004
828.9368669430004
828.9368669430004
828.9368669430004
828.9368669430004
828.9368669430004
828.9368669430004
828.9368669430004
828.9368669430004
828.9368669430004
828.9368669430004
828.9368669430004
828.9368669430004
828.9368669430004
828.9368669430004
828.9368669430004
828.9368669430004
828.9368669430004
828.9368669430004
828.9368669430004
828.9368669430004
828.9368669430004
828.9368669430004
828.9368669430004
828.9368669430004
828.9368669430004
828.9368669430004
828.9368669430004
828.9368669430004
828.9368669430004
828.9368669430004
828.9368669430004
828.9368669430004
828.9368669430004
828.9368669430004
828.9368669430004
828.9368669430004
828.9368669430004
828.9368669430004
828.9368669430004
828.9368669430004
828.9368669430004
828.9368669430004
828.9368669430004
828.9368669430004
828.9368669430004
828.9368669430004
828.9368669430004
828.9368669430004
828.9368669430004
828.9368669430004
828.9368669430004
828.9368669430004
828.9368669430004
828.9368669430004
828.9368669430004
828.9368669430004
828.9368669430004
828.9368669430004
828.9368669430004
828.9368669430004
828.9368669430004
828.9368669430004
828.9368669430004
828.9368669430004
828.9368669430004
828.9368669430004
828.9368669430004
828.9368669430004
828.9368669430004
828.9368669430004
828.9368669430004
828.9368669430004
828.9368669430004
828.9368669430004
828.9368669430004
828.9368669430004
828.9368669430004
828.9368669430004
828.9368669430004
828.9368669430004
828.9368669430004
828.9368669430004
828.9368669430004
828.9368669430004
828.9368669430004
828.9368669430004
828.9368669430004
828.9368669430004
828.9368669430004
828.9368669430004
828.9368669430004
828.9368669430004
828.9368669430004
828.9368669430004
828.9368669430004
828.9368669430004
828.9368669430004
828.9368669430004
828.9368669430004
828.9368669430004
828.9368669430004
828.9368669430004
828.9368669430004
828.9368669430004
828.9368669430004
828.9368669430004
828.9368669430004
828.9368669430004
828.9368669430004
828.9368669430004
828.9368669430004
828.9368669430004
828.9368669430004
828.9368669430004
828.9368669430004
828.9368669430004
828.9368669430004
828.9368669430004
828.9368669430004
828.9368669430004
828.9368669430004
828.9368669430004
828.9368669430004
828.9368669430004
828.9368669430004
828.9368669430004
828.9368669430004
828.9368669430004
828.9368669430004
828.9368669430004
828.9368669430004
828.9368669430004
828.9368669430004
828.9368669430004
828.9368669430004
828.9368669430004
828.9368669430004
828.9368669430004
828.9368669430004
828.9368669430004
828.9368669430004
828.9368669430004
828.9368669430004
828.9368669430004
828.9368669430004
828.9368669430004
828.9368669430004
828.9368669430004
828.9368669430004
828.9368669430004
828.9368669430004
828.9368669430004
828.9368669430004
828.9368669430004
828.9368669430004
828.9368669430004
828.9368669430004
828.9368669430004
828.9368669430004
828.9368669430004
828.9368669430004
828.9368669430004
828.9368669430004
828.9368669430004
828.9368669430004
828.9368669430004
828.9368669430004
828.9368669430004
828.9368669430004
828.9368669430004
828.9368669430004
828.9368669430004
828.9368669430004
828.9368669430004
828.9368669430004
828.9368669430004
828.9368669430004
828.9368669430004
828.9368669430004
828.9368669430004
828.9368669430004
828.9368669430004
828.9368669430004
828.9368669430004
828.9368669430004
828.9368669430004
828.9368669430004
828.9368669430004
828.9368669430004
828.9368669430004
828.9368669430004
828.9368669430004
828.9368669430004
828.9368669430004
828.9368669430004
828.9368669430004
828.9368669430004
828.9368669430004
828.9368669430004
828.9368669430004
828.9368669430004
828.9368669430004
828.9368669430004
828.9368669430004
828.9368669430004
828.9368669430004
828.9368669430004
828.9368669430004
828.9368669430004
828.9368669430004
828.9368669430004
828.9368669430004
828.9368669430004
828.9368669430004
828.9368669430004
828.9368669430004
828.9368669430004
828.9368669430004
828.9368669430004
828.9368669430004
828.9368669430004
828.9368669430004
828.9368669430004
828.9368669430004
828.9368669430004
828.9368669430004
828.9368669430004
828.9368669430004
828.9368669430004
828.9368669430004
828.9368669430004
828.9368669430004
828.9368669430004
828.9368669430004
828.9368669430004
828.9368669430004
828.9368669430004
828.9368669430004
828.9368669430004
828.9368669430004
828.9368669430004
828.9368669430004
828.9368669430004
828.9368669430004
828.9368669430004
828.9368669430004
828.9368669430004
828.9368669430004
828.9368669430004
828.9368669430004
828.9368669430004
828.9368669430004
828.9368669430004
828.9368669430004
828.9368669430004
828.9368669430004
828.9368669430004
828.9368669430004
828.9368669430004
828.9368669430004
828.9368669430004
828.9368669430004
828.9368669430004
828.9368669430004
828.9368669430004
828.9368669430004
828.9368669430004
828.9368669430004
828.9368669430004
828.9368669430004
828.9368669430004
828.9368669430004
828.9368669430004
828.9368669430004
828.9368669430004
828.9368669430004
828.9368669430004
828.9368669430004
828.9368669430004
828.9368669430004
828.9368669430004
828.9368669430004
828.9368669430004
828.9368669430004
828.9368669430004
828.9368669430004
828.9368669430004
828.9368669430004
828.9368669430004
828.9368669430004
828.9368669430004
828.9368669430004
828.9368669430004
828.9368669430004
828.9368669430004
828.9368669430004
828.9368669430004
828.9368669430004
828.9368669430004
828.9368669430004
828.9368669430004
828.9368669430004
828.9368669430004
828.9368669430004
828.9368669430004
828.9368669430004
828.9368669430004
828.9368669430004
828.9368669430004
828.9368669430004
828.9368669430004
828.9368669430004
828.9368669430004
828.9368669430004
828.9368669430004
828.9368669430004
828.9368669430004
828.9368669430004
828.9368669430004
828.9368669430004
828.9368669430004
828.9368669430004
828.9368669430004
828.9368669430004
828.9368669430004
828.9368669430004
828.9368669430004
828.9368669430004
828.9368669430004
828.9368669430004
828.9368669430004
828.9368669430004
828.9368669430004
828.9368669430004
828.9368669430004
828.9368669430004
828.9368669430004
828.9368669430004
828.9368669430004
828.9368669430004
828.9368669430004
828.9368669430004
828.9368669430004
828.9368669430004
828.9368669430004
828.9368669430004
828.9368669430004
828.9368669430004
828.9368669430004
828.9368669430004
828.9368669430004
828.9368669430004
828.9368669430004
828.9368669430004
828.9368669430004
828.9368669430004
828.9368669430004
828.9368669430004
828.9368669430004
828.9368669430004
828.9368669430004
828.9368669430004
828.9368669430004
828.9368669430004
828.9368669430004
828.9368669430004
828.9368669430004
828.9368669430004
828.9368669430004
828.9368669430004
828.9368669430004
828.9368669430004
828.9368669430004
828.9368669430004
828.9368669430004
828.9368669430004
828.9368669430004
828.9368669430004
828.9368669430004
828.9368669430004
828.9368669430004
828.9368669430004
828.9368669430004
828.9368669430004
828.9368669430004
828.9368669430004
828.9368669430004
828.9368669430004
828.9368669430004
828.9368669430004
828.9368669430004
828.9368669430004
828.9368669430004
828.9368669430004
828.9368669430004
828.9368669430004
828.9368669430004
828.9368669430004
828.9368669430004
828.9368669430004
828.9368669430004
828.9368669430004
828.9368669430004
828.9368669430004
828.9368669430004
828.9368669430004
828.9368669430004
828.9368669430004
828.9368669430004
828.9368669430004
828.9368669430004
828.9368669430004
828.9368669430004
828.9368669430004
828.9368669430004
828.9368669430004
828.9368669430004
828.9368669430004
828.9368669430004
828.9368669430004
828.9368669430004
828.9368669430004
828.9368669430004
828.9368669430004
828.9368669430004
828.9368669430004
828.9368669430004
828.9368669430004
828.9368669430004
828.9368669430004
828.9368669430004
828.9368669430004
828.9368669430004
828.9368669430004
828.9368669430004
828.9368669430004
828.9368669430004
828.9368669430004
828.9368669430004
828.9368669430004
828.9368669430004
828.9368669430004
828.9368669430004
828.9368669430004
828.9368669430004
828.9368669430004
828.9368669430004
828.9368669430004
828.9368669430004
828.9368669430004
828.9368669430004
828.9368669430004
828.9368669430004
828.9368669430004
828.9368669430004
828.9368669430004
828.9368669430004
828.9368669430004
828.9368669430004
828.9368669430004
828.9368669430004
828.9368669430004
828.9368669430004
828.9368669430004
828.9368669430004
828.9368669430004
828.9368669430004
828.9368669430004
828.9368669430004
828.9368669430004
828.9368669430004
828.9368669430004
828.9368669430004
828.9368669430004
828.9368669430004
828.9368669430004
828.9368669430004
828.9368669430004
828.9368669430004
828.9368669430004
828.9368669430004
828.9368669430004
828.9368669430004
828.9368669430004
828.9368669430004
828.9368669430004
828.9368669430004
828.9368669430004
828.9368669430004
828.9368669430004
828.9368669430004
828.9368669430004
828.9368669430004
828.9368669430004
828.9368669430004
828.9368669430004
828.9368669430004
828.9368669430004
828.9368669430004
828.9368669430004
828.9368669430004
828.9368669430004
828.9368669430004
828.9368669430004
828.9368669430004
828.9368669430004
828.9368669430004
828.9368669430004
828.9368669430004
828.9368669430004
828.9368669430004
828.9368669430004
828.9368669430004
828.9368669430004
828.9368669430004
828.9368669430004
828.9368669430004
828.9368669430004
828.9368669430004
828.9368669430004
828.9368669430004
828.9368669430004
828.9368669430004
828.9368669430004
828.9368669430004
828.9368669430004
828.9368669430004
828.9368669430004
828.9368669430004
828.9368669430004
828.9368669430004
828.9368669430004
828.9368669430004
828.9368669430004
828.9368669430004
828.9368669430004
828.9368669430004
828.9368669430004
828.9368669430004
828.9368669430004
828.9368669430004
828.9368669430004
828.9368669430004
828.9368669430004
828.9368669430004
828.9368669430004
828.9368669430004
828.9368669430004
828.9368669430004
828.9368669430004
828.9368669430004
828.9368669430004
828.9368669430004
828.9368669430004
828.9368669430004
828.9368669430004
828.9368669430004
828.9368669430004
828.9368669430004
828.9368669430004
828.9368669430004
828.9368669430004
828.9368669430004
828.9368669430004
828.9368669430004
828.9368669430004
828.9368669430004
828.9368669430004
828.9368669430004
828.9368669430004
828.9368669430004
828.9368669430004
828.9368669430004
828.9368669430004
828.9368669430004
828.9368669430004
828.9368669430004
828.9368669430004
828.9368669430004
828.9368669430004
828.9368669430004
828.9368669430004
828.9368669430004
828.9368669430004
828.9368669430004
828.9368669430004
828.9368669430004
828.9368669430004
828.9368669430004
828.9368669430004
828.9368669430004
828.9368669430004
828.9368669430004
828.9368669430004
828.9368669430004
828.9368669430004
828.9368669430004
828.9368669430004
828.9368669430004
828.9368669430004
828.9368669430004
828.9368669430004
828.9368669430004
828.9368669430004
828.9368669430004
828.9368669430004
828.9368669430004
828.9368669430004
828.9368669430004
828.9368669430004
828.9368669430004
828.9368669430004
828.9368669430004
828.9368669430004
828.9368669430004
828.9368669430004
828.9368669430004
828.9368669430004
828.9368669430004
828.9368669430004
828.9368669430004
828.9368669430004
828.9368669430004
828.9368669430004
828.9368669430004
828.9368669430004
828.9368669430004
828.9368669430004
828.9368669430004
828.9368669430004
828.9368669430004
828.9368669430004
828.9368669430004
828.9368669430004
828.9368669430004
828.9368669430004
828.9368669430004
828.9368669430004
828.9368669430004
828.9368669430004
828.9368669430004
828.9368669430004
828.9368669430004
828.9368669430004
828.9368669430004
828.9368669430004
828.9368669430004
828.9368669430004
828.9368669430004
828.9368669430004
828.9368669430004
828.9368669430004
828.9368669430004
828.9368669430004
828.9368669430004
828.9368669430004
828.9368669430004
828.9368669430004
828.9368669430004
