2103.3235736281817
2015.9834299918182
1932.7328686909093
1836.811038400909
1792.867824990909
1735.4851072690908
1650.0506361599998
1589.3732885472725
1559.7044801718182
1472.7963531045452
1391.0444673963639
1361.2410745027273
1294.0983837713634
1248.8525367222728
1228.296249241
1192.3936881487273
1149.5724553893635
1127.6198727323635
1105.2719538698182
1099.0382079952726
1086.1512983026366
1040.3331902393636
1000.0936587930001
963.6208964381818
951.367104692091
945.2231595314545
933.670820073091
928.0429002545454
921.6569073985455
914.3886388117273
907.1650809953637
901.4807331396364
901.4807331396364
901.4807331396364
898.4562112548182
898.4562112548182
887.6909837984546
887.6909837984546
887.6909837984546
887.6909837984546
887.6909837984546
887.6909837984546
885.8402999602728
885.7766939644546
881.5898291690002
881.2740012553637
881.2740012553637
881.2740012553637
881.2740012553637
881.2740012553637
881.2740012553637
881.2740012553637
881.2740012553637
880.811075558091
880.4637642613637
877.4852249866364
877.4852249866364
877.4852249866364
877.4852249866364
877.4852249866364
877.4852249866364
877.4852249866364
876.5605415839091
876.5605415839091
876.5605415839091
876.5605415839091
876.5605415839091
876.5605415839091
876.5605415839091
876.5605415839091
876.5605415839091
876.5605415839091
874.770469302091
874.770469302091
874.770469302091
874.572762932091
874.572762932091
874.572762932091
874.572762932091
874.572762932091
873.3200777784546
873.3200777784546
873.3200777784546
873.3200777784546
873.3200777784546
872.7738587649092
872.7738587649092
872.7738587649092
872.7738587649092
872.7738587649092
872.704675003
870.0996631365455
869.9526224349091
868.9442833875455
862.5999804266364
862.5999804266364
862.5999804266364
862.5999804266364
862.5999804266364
862.5384372784546
861.8786670793637
861.8786670793637
859.9547764057274
859.9547764057274
859.9547764057274
859.9547764057274
859.9547764057274
857.5712022766364
857.5712022766364
857.5712022766364
857.5712022766364
857.5712022766364
857.5712022766364
856.8784711730001
856.8784711730001
856.8784711730001
856.8784711730001
856.8784711730001
856.8784711730001
856.7378591866365
856.7378591866365
856.7378591866365
856.7378591866365
856.7378591866365
856.7378591866365
856.7378591866365
856.7378591866365
856.7378591866365
856.7378591866365
856.7378591866365
855.9187381711819
855.9187381711819
855.070892711182
855.070892711182
854.6420346720911
854.6420346720911
854.6420346720911
854.6420346720911
854.6420346720911
854.6420346720911
854.6420346720911
854.6420346720911
854.6420346720911
854.6420346720911
854.6420346720911
854.6420346720911
854.6420346720911
854.6420346720911
854.6420346720911
854.6420346720911
854.6420346720911
854.6420346720911
854.6420346720911
854.6420346720911
854.6420346720911
854.6420346720911
854.6420346720911
854.6420346720911
854.6420346720911
854.6420346720911
854.6420346720911
854.6420346720911
854.6420346720911
854.6420346720911
854.6420346720911
854.6420346720911
854.6420346720911
854.6420346720911
854.6420346720911
854.6420346720911
854.6420346720911
854.6420346720911
854.6420346720911
854.6420346720911
854.6420346720911
854.6420346720911
854.6420346720911
854.6420346720911
854.6420346720911
854.6420346720911
854.6420346720911
854.6420346720911
854.6420346720911
854.6420346720911
854.6420346720911
854.6420346720911
854.6420346720911
854.6420346720911
854.6420346720911
854.6420346720911
854.6420346720911
854.6420346720911
854.6420346720911
854.6420346720911
854.6420346720911
854.6420346720911
853.8979353739091
853.8979353739091
853.8979353739091
853.8979353739091
853.8979353739091
853.8979353739091
853.8979353739091
853.8979353739091
853.8979353739091
853.8979353739091
853.663128002091
853.663128002091
853.663128002091
853.663128002091
853.663128002091
853.663128002091
853.663128002091
853.663128002091
853.663128002091
853.663128002091
853.663128002091
853.663128002091
853.663128002091
853.663128002091
853.663128002091
853.663128002091
853.663128002091
853.663128002091
853.663128002091
853.663128002091
853.663128002091
853.663128002091
853.663128002091
853.663128002091
853.663128002091
853.663128002091
853.663128002091
853.663128002091
853.663128002091
853.663128002091
853.663128002091
853.663128002091
853.663128002091
853.663128002091
853.663128002091
853.663128002091
853.663128002091
853.663128002091
853.663128002091
853.663128002091
853.663128002091
853.663128002091
853.663128002091
853.663128002091
853.663128002091
853.663128002091
853.663128002091
853.663128002091
853.663128002091
853.663128002091
853.663128002091
853.663128002091
853.663128002091
853.663128002091
853.663128002091
853.663128002091
853.663128002091
853.663128002091
853.663128002091
853.663128002091
853.663128002091
853.663128002091
853.663128002091
853.663128002091
853.663128002091
853.663128002091
853.663128002091
853.663128002091
853.663128002091
853.663128002091
853.663128002091
853.663128002091
853.663128002091
853.663128002091
853.663128002091
853.663128002091
853.663128002091
853.663128002091
853.663128002091
853.663128002091
853.663128002091
853.663128002091
853.663128002091
853.663128002091
853.663128002091
853.663128002091
853.663128002091
853.663128002091
853.663128002091
853.663128002091
853.663128002091
853.663128002091
853.663128002091
853.663128002091
853.663128002091
853.663128002091
853.663128002091
853.663128002091
853.663128002091
853.663128002091
853.663128002091
853.663128002091
853.663128002091
853.663128002091
853.663128002091
853.663128002091
853.663128002091
853.663128002091
853.663128002091
853.663128002091
853.663128002091
853.663128002091
853.663128002091
853.663128002091
853.663128002091
853.663128002091
853.663128002091
853.663128002091
853.663128002091
853.663128002091
853.663128002091
853.663128002091
853.663128002091
853.663128002091
853.663128002091
853.663128002091
853.663128002091
853.663128002091
853.663128002091
853.663128002091
853.663128002091
853.663128002091
853.663128002091
853.663128002091
853.663128002091
853.663128002091
853.2079205875456
853.2079205875456
853.2079205875456
853.2079205875456
853.2079205875456
853.2079205875456
853.2079205875456
853.2079205875456
853.2079205875456
853.2079205875456
853.2079205875456
853.2079205875456
853.2079205875456
853.2079205875456
853.2079205875456
853.2079205875456
853.2079205875456
853.2079205875456
853.2079205875456
853.2079205875456
853.2079205875456
853.2079205875456
853.2079205875456
853.2079205875456
853.2079205875456
853.2079205875456
853.2079205875456
853.2079205875456
853.2079205875456
853.2079205875456
853.2079205875456
853.2079205875456
853.2079205875456
853.2079205875456
853.2079205875456
853.2079205875456
853.2079205875456
853.1685607784547
853.1685607784547
853.1685607784547
853.1685607784547
853.1685607784547
853.1685607784547
853.1685607784547
853.1685607784547
853.1685607784547
853.1685607784547
853.1685607784547
853.1685607784547
853.1685607784547
853.1685607784547
853.1685607784547
853.1685607784547
853.1685607784547
853.1685607784547
853.1685607784547
853.1685607784547
853.1685607784547
853.1685607784547
853.1685607784547
853.1685607784547
853.1685607784547
853.1685607784547
853.1685607784547
853.1685607784547
853.1685607784547
853.1685607784547
853.1685607784547
853.1685607784547
853.1685607784547
853.1685607784547
853.1685607784547
853.1685607784547
853.1685607784547
853.1685607784547
853.1685607784547
853.1685607784547
853.1685607784547
853.1685607784547
853.1685607784547
853.1685607784547
853.1685607784547
853.1685607784547
853.1685607784547
853.1685607784547
853.1685607784547
853.1685607784547
853.1286300193638
853.1286300193638
853.1286300193638
853.1286300193638
853.1286300193638
853.1286300193638
853.1286300193638
853.1286300193638
853.1286300193638
853.1286300193638
853.1286300193638
853.1286300193638
853.1286300193638
853.1286300193638
853.1286300193638
853.1286300193638
853.1286300193638
853.1286300193638
853.1286300193638
853.1286300193638
853.1286300193638
853.1286300193638
853.1286300193638
853.1286300193638
853.1286300193638
853.1286300193638
853.1286300193638
853.1286300193638
853.1286300193638
853.1286300193638
853.1286300193638
853.1286300193638
853.1286300193638
853.1286300193638
853.1286300193638
853.1286300193638
853.1286300193638
853.1286300193638
853.1286300193638
853.1286300193638
853.1286300193638
853.1286300193638
853.1286300193638
853.1286300193638
853.1286300193638
853.1286300193638
853.1286300193638
853.1286300193638
853.1286300193638
853.1286300193638
853.1286300193638
853.1286300193638
853.1286300193638
853.1286300193638
853.1286300193638
853.1286300193638
853.1286300193638
853.1286300193638
853.1286300193638
853.1286300193638
853.1286300193638
853.1286300193638
853.1286300193638
853.1286300193638
853.1286300193638
853.1286300193638
853.1286300193638
853.1286300193638
853.1286300193638
853.1286300193638
853.1286300193638
853.1286300193638
853.1286300193638
853.1286300193638
853.1286300193638
853.1286300193638
853.1286300193638
853.1286300193638
853.1286300193638
853.1286300193638
853.1286300193638
853.1286300193638
853.1286300193638
853.1286300193638
853.1286300193638
853.1286300193638
853.1286300193638
853.1286300193638
853.1286300193638
853.1286300193638
853.1286300193638
853.1286300193638
853.1286300193638
853.1286300193638
853.1286300193638
853.1286300193638
853.1286300193638
853.1286300193638
853.1286300193638
853.1286300193638
853.1286300193638
853.1286300193638
853.1286300193638
853.1286300193638
853.1286300193638
853.1286300193638
853.1286300193638
853.1286300193638
853.1286300193638
853.1286300193638
853.1286300193638
853.1286300193638
853.1286300193638
853.1286300193638
853.1286300193638
853.1286300193638
853.1286300193638
853.1286300193638
853.1286300193638
853.1286300193638
853.1286300193638
853.1286300193638
853.1286300193638
853.1286300193638
853.1286300193638
853.1286300193638
853.1286300193638
853.1286300193638
853.1286300193638
853.1286300193638
853.1286300193638
853.1286300193638
853.1286300193638
853.1286300193638
853.1286300193638
853.1286300193638
853.1286300193638
853.1286300193638
853.1286300193638
853.1286300193638
853.1286300193638
853.1286300193638
853.1286300193638
853.1286300193638
853.1286300193638
853.1286300193638
853.1286300193638
853.1286300193638
853.1286300193638
853.1286300193638
853.1286300193638
853.1286300193638
853.1286300193638
853.1286300193638
853.1286300193638
853.1286300193638
853.1286300193638
853.1286300193638
853.1286300193638
853.1286300193638
853.1286300193638
853.1286300193638
853.1286300193638
853.1286300193638
853.1286300193638
853.1286300193638
853.1286300193638
853.1286300193638
853.1286300193638
853.1286300193638
852.6889272020909
851.9709923037274
851.9709923037274
851.9709923037274
851.9709923037274
851.9709923037274
851.9709923037274
851.9709923037274
851.9709923037274
851.9709923037274
851.9709923037274
851.9709923037274
851.9709923037274
851.9709923037274
851.9709923037274
851.9709923037274
851.9709923037274
851.9709923037274
851.9709923037274
851.9709923037274
851.9709923037274
851.9709923037274
851.9709923037274
851.9709923037274
851.9709923037274
851.9709923037274
851.9709923037274
851.9709923037274
851.9709923037274
851.9709923037274
851.9709923037274
851.9709923037274
851.9709923037274
851.9709923037274
851.9709923037274
851.9709923037274
851.9709923037274
851.9709923037274
851.9709923037274
851.9709923037274
851.9709923037274
851.9709923037274
851.9709923037274
851.9709923037274
851.9709923037274
851.9709923037274
851.9709923037274
851.9709923037274
851.9709923037274
851.9709923037274
851.9709923037274
851.9709923037274
851.9709923037274
851.9709923037274
851.9709923037274
851.9709923037274
851.9709923037274
851.9709923037274
851.9709923037274
851.9709923037274
851.9709923037274
851.9709923037274
851.9709923037274
851.9709923037274
851.9709923037274
851.9709923037274
851.9709923037274
851.9709923037274
851.9709923037274
851.9709923037274
851.9709923037274
851.9709923037274
851.9709923037274
851.9709923037274
851.9709923037274
851.9709923037274
851.9709923037274
851.9709923037274
851.9709923037274
851.9709923037274
851.9709923037274
851.9709923037274
851.9709923037274
851.9709923037274
851.9709923037274
851.9709923037274
851.9709923037274
851.9709923037274
851.9709923037274
851.9709923037274
851.9709923037274
851.9709923037274
851.9709923037274
851.9709923037274
851.9709923037274
851.9709923037274
851.9709923037274
851.9709923037274
851.9709923037274
851.9709923037274
851.9709923037274
851.9709923037274
851.9709923037274
851.9709923037274
851.9709923037274
851.9709923037274
851.9709923037274
851.9709923037274
851.9709923037274
851.9709923037274
851.9709923037274
851.9709923037274
851.9709923037274
851.9709923037274
851.9709923037274
851.9709923037274
851.9709923037274
851.9709923037274
851.9709923037274
851.9709923037274
851.9709923037274
851.9709923037274
851.9709923037274
851.9709923037274
851.9709923037274
851.9709923037274
851.9709923037274
851.9709923037274
851.9709923037274
851.9709923037274
851.9709923037274
851.9709923037274
851.9709923037274
851.9709923037274
851.9709923037274
851.9709923037274
851.9709923037274
851.9709923037274
851.9709923037274
851.9709923037274
851.9709923037274
851.9709923037274
851.9709923037274
851.9709923037274
851.9709923037274
851.9709923037274
851.9709923037274
851.9709923037274
851.9709923037274
851.9709923037274
851.9709923037274
851.9709923037274
851.9709923037274
851.9709923037274
851.9709923037274
851.9709923037274
851.9709923037274
851.9709923037274
851.9709923037274
851.9709923037274
851.9709923037274
851.9709923037274
851.9709923037274
851.9709923037274
851.9709923037274
851.9709923037274
851.9709923037274
851.9709923037274
851.9709923037274
851.9709923037274
851.9709923037274
851.9709923037274
851.9709923037274
851.9709923037274
851.9709923037274
851.9709923037274
851.9709923037274
851.9709923037274
851.9709923037274
851.9709923037274
851.9709923037274
851.9709923037274
851.9709923037274
851.9709923037274
851.9709923037274
851.9709923037274
851.9709923037274
851.9709923037274
851.9709923037274
851.9709923037274
851.9709923037274
851.9709923037274
851.9709923037274
851.9709923037274
851.9709923037274
851.9709923037274
851.9709923037274
851.9709923037274
851.9709923037274
851.9709923037274
851.9709923037274
851.9709923037274
851.9709923037274
851.9709923037274
851.9709923037274
851.9709923037274
851.9709923037274
851.9709923037274
851.9709923037274
851.9709923037274
851.9709923037274
851.9709923037274
851.9709923037274
851.9709923037274
851.9709923037274
851.9709923037274
851.9709923037274
851.9709923037274
851.9709923037274
851.9709923037274
851.9709923037274
851.9709923037274
851.9709923037274
851.9709923037274
851.9709923037274
851.9709923037274
851.9709923037274
851.9709923037274
851.9709923037274
851.9709923037274
851.9709923037274
851.9709923037274
851.9709923037274
851.9709923037274
851.9709923037274
851.9709923037274
851.9709923037274
851.9709923037274
851.9709923037274
851.9709923037274
851.9709923037274
851.9709923037274
851.9709923037274
851.9709923037274
851.9709923037274
851.9709923037274
851.9709923037274
851.9709923037274
851.9709923037274
851.9709923037274
851.9709923037274
851.9709923037274
851.9709923037274
851.9709923037274
851.9709923037274
851.9709923037274
851.9709923037274
851.9709923037274
851.9709923037274
851.9709923037274
851.9709923037274
851.9709923037274
851.9709923037274
851.9709923037274
851.9709923037274
851.9709923037274
851.9709923037274
851.9709923037274
851.9709923037274
851.9709923037274
851.9709923037274
851.9709923037274
851.9709923037274
851.9709923037274
851.9709923037274
851.9709923037274
851.9709923037274
851.9709923037274
851.9709923037274
851.9709923037274
851.9709923037274
851.9709923037274
851.9709923037274
851.9709923037274
851.9709923037274
851.9709923037274
851.9709923037274
851.9709923037274
851.9709923037274
851.9709923037274
851.9709923037274
851.9709923037274
851.9709923037274
851.9709923037274
851.9709923037274
851.9709923037274
851.9709923037274
851.9709923037274
851.9709923037274
851.9709923037274
851.9709923037274
851.9709923037274
851.9709923037274
851.9709923037274
851.9709923037274
851.9709923037274
851.9709923037274
851.9709923037274
851.9709923037274
851.9709923037274
851.9709923037274
851.9709923037274
851.9709923037274
851.9709923037274
851.9709923037274
851.9709923037274
851.9709923037274
851.9709923037274
851.9709923037274
851.9709923037274
851.9709923037274
851.9709923037274
851.9709923037274
851.9709923037274
851.9709923037274
851.9709923037274
851.9709923037274
851.9709923037274
851.9709923037274
851.9709923037274
851.9709923037274
851.9709923037274
851.9709923037274
851.9709923037274
851.9709923037274
851.9709923037274
851.9709923037274
851.9709923037274
851.9709923037274
851.9709923037274
851.9709923037274
851.9709923037274
851.9709923037274
851.9709923037274
851.9709923037274
851.9709923037274
851.9709923037274
851.9709923037274
851.9709923037274
851.9709923037274
851.9709923037274
851.9709923037274
851.9709923037274
851.9709923037274
851.9709923037274
851.9709923037274
851.9709923037274
851.9709923037274
851.9709923037274
851.9709923037274
851.9709923037274
851.9709923037274
851.9709923037274
851.9709923037274
851.9709923037274
851.9709923037274
851.9709923037274
851.9709923037274
851.9709923037274
851.9709923037274
851.9709923037274
851.9709923037274
851.9709923037274
851.9709923037274
851.9709923037274
851.9709923037274
851.9709923037274
851.9709923037274
851.9709923037274
851.9709923037274
851.9709923037274
851.9709923037274
851.9709923037274
851.9709923037274
851.9709923037274
851.9709923037274
851.9709923037274
851.9709923037274
851.9709923037274
851.9709923037274
851.9709923037274
851.9709923037274
851.9709923037274
851.9709923037274
851.9709923037274
851.9709923037274
851.9709923037274
851.9709923037274
851.9709923037274
851.9709923037274
851.9709923037274
