25 500
  0     35.0     35.0       0.0     1000.0      0.0       0.0       0.0  
  1     41.0     49.0      636.0     919.0     10.0       4.0      10.0  
  2     35.0     17.0      74.0      351.0     10.0       7.0       7.0  
  3     55.0     45.0      498.0     613.0     10.0      16.0      13.0  
  4     55.0     20.0      470.0     965.0     10.0      27.0      19.0  
  5     15.0     30.0      20.0      370.0     10.0       7.0      26.0  
  6     25.0     30.0      266.0     663.0     10.0       6.0       3.0  
  7     20.0     50.0      292.0     449.0     10.0       7.0       5.0  
  8     10.0     43.0      288.0     597.0     10.0      11.0       9.0  
  9     55.0     60.0      254.0     643.0     10.0       6.0      16.0  
 10     30.0     60.0      496.0     713.0     10.0      12.0      16.0  
 11     20.0     65.0      33.0      510.0     10.0       1.0      12.0  
 12     50.0     35.0      170.0     403.0     10.0      27.0      19.0  
 13     30.0     25.0      426.0     978.0     10.0      36.0      23.0  
 14     15.0     10.0      32.0      454.0     10.0       8.0      20.0  
 15     30.0      5.0      30.0      529.0     10.0       4.0       8.0  
 16     10.0     20.0      222.0     423.0     10.0      30.0      19.0  
 17      5.0     30.0      409.0     959.0     10.0       0.0       2.0  
 18     20.0     40.0      349.0     462.0     10.0       7.0      12.0  
 19     15.0     60.0      215.0     432.0     10.0      26.0      17.0  
 20     45.0     65.0      538.0     709.0     10.0       9.0       9.0  
 21     45.0     20.0      156.0     389.0     10.0      16.0      11.0  
 22     45.0     10.0      280.0     623.0     10.0       5.0      18.0  
 23     55.0      5.0      36.0      513.0     10.0      37.0      29.0  
 24     65.0     35.0      633.0     918.0     10.0       5.0       3.0  
 25     65.0     20.0      400.0     956.0     10.0       2.0       6.0  
