2014.11740873
1859.18675814
1769.1398426
1648.49183034
1648.49183034
1648.49183034
1629.41320246
1629.41320246
1586.28292006
1475.3824155
1389.84478921
1389.84478921
1351.1375183
1351.1375183
1283.19325111
1283.19325111
1283.19325111
1229.23355017
1205.27263274
1139.40453138
1100.85280351
1100.85280351
1092.32431885
1017.57436443
998.861559974
976.80892782
968.384985799
929.010190707
929.010190707
910.292799868
910.292799868
910.292799868
889.74211
889.74211
889.74211
889.74211
889.74211
889.74211
889.74211
889.74211
889.74211
889.74211
857.976215255
857.976215255
857.976215255
857.976215255
857.976215255
857.976215255
857.976215255
857.976215255
857.976215255
857.976215255
857.976215255
857.976215255
857.976215255
857.976215255
857.976215255
857.976215255
857.976215255
857.976215255
857.976215255
857.976215255
857.976215255
857.976215255
857.976215255
857.976215255
857.976215255
857.976215255
857.976215255
857.976215255
857.976215255
857.976215255
857.976215255
857.976215255
857.976215255
857.976215255
857.976215255
857.976215255
857.976215255
857.976215255
857.976215255
857.976215255
857.976215255
857.976215255
857.976215255
857.976215255
857.976215255
857.976215255
857.976215255
857.976215255
857.976215255
857.976215255
857.976215255
857.976215255
857.976215255
857.976215255
857.976215255
857.976215255
857.976215255
857.976215255
857.976215255
857.976215255
857.976215255
857.976215255
857.976215255
857.976215255
857.976215255
857.976215255
857.976215255
857.976215255
857.976215255
857.976215255
857.976215255
857.976215255
857.976215255
857.976215255
857.976215255
857.976215255
857.976215255
857.976215255
857.976215255
857.976215255
857.976215255
857.976215255
857.976215255
857.976215255
857.976215255
857.976215255
857.976215255
857.976215255
857.976215255
857.976215255
857.976215255
857.976215255
857.976215255
857.976215255
857.976215255
857.976215255
857.976215255
857.976215255
857.976215255
857.976215255
857.976215255
857.976215255
857.976215255
857.976215255
857.976215255
857.976215255
857.976215255
857.976215255
857.976215255
857.976215255
857.976215255
857.976215255
857.976215255
857.976215255
857.976215255
857.976215255
857.976215255
857.976215255
857.976215255
857.976215255
857.976215255
857.976215255
857.976215255
857.976215255
857.976215255
857.976215255
857.976215255
857.976215255
857.976215255
857.976215255
857.976215255
857.976215255
857.976215255
857.976215255
857.976215255
857.976215255
857.976215255
857.976215255
857.976215255
857.976215255
857.976215255
857.976215255
857.976215255
857.976215255
857.976215255
857.976215255
857.976215255
857.976215255
857.976215255
857.976215255
849.841066742
849.841066742
849.461996534
843.870152346
843.870152346
843.870152346
843.870152346
843.870152346
843.870152346
843.870152346
843.870152346
843.870152346
843.870152346
843.870152346
843.870152346
834.533801132
834.533801132
834.533801132
834.533801132
834.533801132
834.533801132
834.533801132
834.533801132
834.533801132
834.533801132
834.533801132
834.533801132
834.533801132
834.533801132
834.533801132
834.533801132
834.533801132
834.533801132
834.533801132
834.533801132
834.533801132
834.533801132
834.533801132
834.533801132
834.533801132
834.533801132
834.533801132
834.533801132
834.533801132
834.533801132
834.533801132
834.533801132
834.533801132
834.533801132
834.533801132
834.533801132
834.533801132
834.533801132
834.533801132
834.533801132
834.533801132
834.533801132
834.533801132
834.533801132
834.533801132
834.533801132
834.533801132
834.533801132
834.533801132
834.533801132
834.533801132
834.533801132
834.533801132
834.533801132
834.533801132
834.533801132
834.533801132
834.533801132
834.533801132
834.533801132
834.533801132
834.533801132
834.533801132
834.533801132
834.533801132
834.533801132
834.533801132
834.533801132
834.533801132
834.533801132
834.533801132
834.533801132
834.533801132
834.533801132
834.533801132
834.533801132
834.533801132
834.533801132
834.533801132
834.533801132
834.533801132
834.533801132
834.533801132
834.533801132
834.533801132
834.533801132
834.533801132
834.533801132
834.533801132
834.533801132
834.533801132
834.533801132
834.533801132
834.533801132
834.533801132
834.533801132
834.533801132
834.533801132
834.533801132
834.533801132
834.533801132
834.533801132
834.533801132
834.533801132
834.533801132
834.533801132
834.533801132
834.533801132
834.533801132
834.533801132
834.533801132
834.533801132
834.533801132
834.533801132
834.533801132
834.533801132
834.533801132
834.533801132
834.533801132
834.533801132
834.533801132
834.533801132
834.533801132
834.533801132
834.533801132
834.533801132
834.533801132
834.533801132
834.533801132
834.533801132
834.533801132
834.533801132
834.533801132
834.533801132
834.533801132
834.533801132
834.533801132
834.533801132
834.533801132
834.533801132
834.533801132
834.533801132
834.533801132
834.533801132
834.533801132
834.533801132
834.533801132
834.533801132
834.533801132
834.533801132
834.533801132
834.533801132
834.533801132
834.533801132
834.533801132
834.533801132
834.533801132
834.533801132
834.533801132
834.533801132
834.533801132
834.533801132
834.533801132
834.533801132
834.533801132
834.533801132
834.533801132
834.533801132
834.533801132
834.533801132
834.533801132
834.533801132
834.533801132
834.533801132
834.533801132
834.533801132
834.533801132
834.533801132
834.533801132
834.533801132
834.533801132
834.533801132
834.533801132
834.533801132
834.533801132
834.533801132
834.533801132
834.533801132
834.533801132
834.533801132
834.533801132
834.533801132
834.533801132
834.533801132
834.533801132
834.533801132
834.533801132
834.533801132
834.533801132
834.533801132
834.533801132
834.533801132
834.533801132
834.533801132
834.533801132
834.533801132
834.533801132
834.533801132
834.533801132
834.533801132
834.533801132
834.533801132
834.533801132
834.533801132
834.533801132
834.533801132
834.533801132
834.533801132
834.533801132
834.533801132
834.533801132
834.533801132
834.533801132
834.533801132
834.533801132
834.533801132
834.533801132
834.533801132
834.533801132
834.533801132
834.533801132
834.533801132
834.533801132
834.533801132
834.533801132
834.533801132
834.533801132
834.533801132
834.533801132
834.533801132
834.533801132
834.533801132
834.533801132
834.533801132
834.533801132
834.533801132
834.533801132
834.533801132
834.533801132
834.533801132
834.533801132
834.533801132
834.533801132
834.533801132
834.533801132
834.533801132
834.533801132
834.533801132
834.533801132
834.533801132
834.533801132
834.533801132
834.533801132
834.533801132
834.533801132
834.533801132
834.533801132
834.533801132
834.533801132
834.533801132
834.533801132
834.533801132
834.533801132
834.533801132
834.533801132
834.533801132
834.533801132
834.533801132
834.533801132
834.533801132
834.533801132
834.533801132
834.533801132
834.533801132
834.533801132
834.533801132
834.533801132
834.533801132
834.533801132
834.533801132
834.533801132
834.533801132
834.533801132
834.533801132
834.533801132
834.533801132
834.533801132
834.533801132
834.533801132
834.533801132
834.533801132
834.533801132
834.533801132
834.533801132
834.533801132
834.533801132
834.533801132
834.533801132
834.533801132
834.533801132
834.533801132
834.533801132
834.533801132
834.533801132
834.533801132
834.533801132
834.533801132
834.533801132
834.533801132
834.533801132
834.533801132
834.533801132
834.533801132
834.533801132
834.533801132
834.533801132
834.533801132
834.533801132
834.533801132
834.533801132
834.533801132
834.533801132
834.533801132
834.533801132
834.533801132
834.533801132
834.533801132
834.533801132
834.533801132
834.533801132
834.533801132
834.533801132
834.533801132
834.533801132
834.533801132
834.533801132
834.533801132
834.533801132
834.533801132
834.533801132
834.533801132
834.533801132
834.533801132
834.533801132
834.533801132
834.533801132
834.533801132
834.533801132
834.533801132
834.533801132
834.533801132
834.533801132
834.533801132
834.533801132
834.533801132
834.533801132
834.533801132
834.533801132
834.533801132
834.533801132
834.533801132
834.533801132
834.533801132
834.533801132
834.533801132
834.533801132
834.533801132
834.533801132
834.533801132
834.533801132
834.533801132
834.533801132
834.533801132
834.533801132
834.533801132
834.533801132
834.533801132
834.533801132
834.533801132
834.533801132
834.533801132
834.533801132
834.533801132
834.533801132
834.533801132
834.533801132
834.533801132
834.533801132
834.533801132
834.533801132
834.533801132
834.533801132
834.533801132
834.533801132
834.533801132
834.533801132
834.533801132
834.533801132
834.533801132
834.533801132
834.533801132
834.533801132
834.533801132
834.533801132
834.533801132
834.533801132
834.533801132
834.533801132
834.533801132
834.533801132
834.533801132
834.533801132
834.533801132
834.533801132
834.533801132
834.533801132
834.533801132
834.533801132
834.533801132
834.533801132
834.533801132
834.533801132
834.533801132
834.533801132
834.533801132
834.533801132
834.533801132
834.533801132
834.533801132
834.533801132
834.533801132
834.533801132
834.533801132
834.533801132
834.533801132
834.533801132
834.533801132
834.533801132
834.533801132
834.533801132
834.533801132
834.533801132
834.533801132
834.533801132
834.533801132
834.533801132
834.533801132
834.533801132
834.533801132
834.533801132
834.533801132
834.533801132
834.533801132
834.533801132
834.533801132
834.533801132
834.533801132
834.533801132
834.533801132
834.533801132
834.533801132
834.533801132
834.533801132
834.533801132
834.533801132
834.533801132
834.533801132
834.533801132
834.533801132
834.533801132
834.533801132
834.533801132
834.533801132
834.533801132
834.533801132
834.533801132
834.533801132
834.533801132
834.533801132
834.533801132
834.533801132
834.533801132
834.533801132
834.533801132
834.533801132
834.533801132
834.533801132
834.533801132
834.533801132
834.533801132
834.533801132
834.533801132
834.533801132
834.533801132
834.533801132
834.533801132
834.533801132
834.533801132
834.533801132
834.533801132
834.533801132
834.533801132
834.533801132
834.533801132
834.533801132
834.533801132
834.533801132
834.533801132
834.533801132
834.533801132
834.533801132
834.533801132
834.533801132
834.533801132
834.533801132
834.533801132
834.533801132
834.533801132
834.533801132
834.533801132
834.533801132
834.533801132
834.533801132
834.533801132
834.533801132
834.533801132
834.533801132
834.533801132
834.533801132
834.533801132
834.533801132
834.533801132
834.533801132
834.533801132
834.533801132
834.533801132
834.533801132
834.533801132
834.533801132
834.533801132
834.533801132
834.533801132
834.533801132
834.533801132
834.533801132
834.533801132
834.533801132
834.533801132
834.533801132
834.533801132
834.533801132
834.533801132
834.533801132
834.533801132
834.533801132
834.533801132
834.533801132
834.533801132
834.533801132
834.533801132
834.533801132
834.533801132
834.533801132
834.533801132
834.533801132
834.533801132
834.533801132
834.533801132
834.533801132
834.533801132
834.533801132
834.533801132
834.533801132
834.533801132
834.533801132
834.533801132
834.533801132
834.533801132
834.533801132
834.533801132
834.533801132
834.533801132
834.533801132
834.533801132
834.533801132
834.533801132
834.533801132
834.533801132
834.533801132
834.533801132
834.533801132
834.533801132
834.533801132
834.533801132
834.533801132
834.533801132
834.533801132
834.533801132
834.533801132
834.533801132
834.533801132
834.533801132
834.533801132
834.533801132
834.533801132
834.533801132
834.533801132
834.533801132
834.533801132
834.533801132
834.533801132
834.533801132
834.533801132
834.533801132
834.533801132
834.533801132
834.533801132
834.533801132
834.533801132
834.533801132
834.533801132
834.533801132
834.533801132
834.533801132
834.533801132
834.533801132
834.533801132
834.533801132
834.533801132
834.533801132
834.533801132
834.533801132
834.533801132
834.533801132
834.533801132
834.533801132
834.533801132
834.533801132
834.533801132
834.533801132
834.533801132
834.533801132
834.533801132
834.533801132
834.533801132
834.533801132
834.533801132
834.533801132
834.533801132
834.533801132
834.533801132
834.533801132
834.533801132
834.533801132
834.533801132
834.533801132
834.533801132
834.533801132
834.533801132
834.533801132
834.533801132
834.533801132
834.533801132
834.533801132
834.533801132
834.533801132
834.533801132
834.533801132
834.533801132
834.533801132
834.533801132
834.533801132
834.533801132
834.533801132
834.533801132
834.533801132
834.533801132
834.533801132
834.533801132
834.533801132
834.533801132
834.533801132
834.533801132
834.533801132
834.533801132
834.533801132
834.533801132
834.533801132
834.533801132
834.533801132
834.533801132
834.533801132
834.533801132
834.533801132
834.533801132
834.533801132
834.533801132
834.533801132
834.533801132
834.533801132
834.533801132
834.533801132
834.533801132
834.533801132
834.533801132
834.533801132
834.533801132
834.533801132
834.533801132
834.533801132
834.533801132
834.533801132
834.533801132
834.533801132
834.533801132
834.533801132
834.533801132
834.533801132
834.533801132
834.533801132
834.533801132
834.533801132
834.533801132
834.533801132
834.533801132
834.533801132
834.533801132
834.533801132
834.533801132
834.533801132
834.533801132
834.533801132
834.533801132
834.533801132
834.533801132
834.533801132
834.533801132
834.533801132
834.533801132
834.533801132
834.533801132
834.533801132
834.533801132
834.533801132
834.533801132
834.533801132
834.533801132
834.533801132
834.533801132
834.533801132
834.533801132
834.533801132
834.533801132
834.533801132
834.533801132
834.533801132
834.533801132
834.533801132
834.533801132
834.533801132
834.533801132
834.533801132
834.533801132
834.533801132
834.533801132
834.533801132
834.533801132
834.533801132
834.533801132
834.533801132
834.533801132
834.533801132
834.533801132
834.533801132
834.533801132
834.533801132
834.533801132
834.533801132
834.533801132
834.533801132
834.533801132
834.533801132
834.533801132
