1823.56470158
1823.56470158
1802.50551903
1780.69187276
1749.93824156
1579.69526628
1556.70328206
1470.54056777
1263.93521618
1085.58190067
1085.58190067
1085.58190067
1085.58190067
1085.58190067
1085.58190067
1085.58190067
1045.93839602
1038.01280839
1002.78057857
1002.78057857
999.30570401
992.160285376
989.791945854
989.276674881
979.233738242
979.192412121
975.449684169
975.449684169
975.449684169
975.449684169
974.932288516
934.741529248
934.741529248
933.867222337
933.867222337
933.867222337
933.867222337
933.867222337
933.867222337
933.867222337
933.867222337
933.867222337
933.867222337
933.867222337
933.867222337
933.867222337
933.867222337
933.867222337
933.867222337
933.867222337
933.867222337
933.867222337
933.867222337
933.867222337
933.867222337
933.867222337
933.867222337
933.867222337
933.867222337
933.867222337
933.867222337
933.867222337
933.867222337
933.867222337
933.867222337
933.867222337
933.867222337
933.867222337
933.867222337
933.867222337
933.867222337
933.867222337
933.867222337
933.867222337
933.867222337
933.867222337
933.867222337
933.867222337
933.867222337
933.867222337
933.867222337
933.867222337
933.867222337
933.867222337
933.867222337
933.867222337
933.867222337
933.867222337
933.867222337
933.867222337
933.867222337
933.867222337
933.867222337
933.867222337
933.867222337
933.867222337
933.867222337
933.867222337
933.867222337
933.867222337
933.867222337
933.867222337
933.867222337
933.867222337
933.867222337
933.867222337
933.867222337
933.867222337
933.867222337
933.867222337
933.867222337
933.867222337
933.867222337
933.867222337
933.867222337
933.867222337
933.867222337
933.867222337
933.867222337
933.867222337
933.867222337
933.867222337
933.867222337
933.867222337
933.867222337
933.867222337
933.867222337
933.867222337
933.867222337
933.867222337
933.867222337
933.867222337
933.867222337
933.867222337
933.867222337
933.867222337
933.867222337
933.867222337
933.867222337
933.867222337
933.867222337
933.867222337
933.867222337
933.867222337
933.867222337
933.867222337
933.867222337
933.867222337
933.867222337
933.867222337
933.867222337
933.867222337
933.867222337
933.867222337
933.867222337
933.867222337
933.867222337
933.867222337
933.867222337
933.867222337
933.867222337
933.867222337
933.867222337
933.867222337
933.867222337
933.867222337
933.867222337
933.867222337
933.867222337
933.867222337
933.867222337
933.867222337
933.867222337
933.867222337
933.867222337
933.867222337
933.867222337
933.867222337
933.867222337
933.867222337
933.867222337
933.867222337
933.867222337
933.867222337
933.867222337
933.867222337
933.867222337
933.867222337
933.867222337
933.867222337
933.867222337
933.867222337
933.867222337
933.867222337
933.867222337
933.867222337
933.867222337
933.867222337
933.867222337
933.867222337
933.867222337
933.867222337
933.867222337
933.867222337
933.867222337
933.867222337
933.867222337
933.867222337
933.867222337
933.867222337
933.867222337
933.867222337
933.867222337
933.867222337
933.867222337
933.867222337
933.867222337
933.867222337
933.867222337
933.867222337
933.867222337
933.867222337
933.867222337
933.867222337
933.867222337
933.867222337
933.867222337
933.867222337
933.867222337
933.867222337
933.867222337
933.867222337
933.867222337
933.867222337
933.867222337
933.867222337
933.867222337
933.867222337
933.867222337
933.867222337
933.867222337
933.867222337
933.867222337
933.867222337
933.867222337
933.867222337
933.867222337
933.867222337
933.867222337
933.867222337
933.867222337
933.867222337
933.867222337
933.867222337
933.867222337
933.867222337
933.867222337
933.867222337
933.867222337
933.867222337
933.867222337
933.867222337
933.867222337
933.867222337
933.867222337
933.867222337
933.867222337
933.867222337
933.867222337
933.867222337
933.867222337
933.867222337
933.867222337
933.867222337
933.867222337
933.867222337
933.867222337
933.867222337
933.867222337
933.867222337
933.867222337
933.867222337
933.867222337
933.867222337
933.867222337
933.867222337
933.867222337
933.867222337
933.867222337
933.867222337
933.867222337
933.867222337
933.867222337
933.867222337
933.867222337
933.867222337
933.867222337
933.867222337
933.867222337
933.867222337
933.867222337
933.867222337
933.867222337
933.867222337
933.867222337
933.867222337
933.867222337
933.867222337
933.867222337
933.867222337
933.867222337
933.867222337
933.867222337
933.867222337
933.867222337
933.867222337
933.867222337
933.867222337
933.867222337
933.867222337
933.867222337
933.867222337
933.867222337
933.867222337
933.867222337
933.867222337
933.867222337
933.867222337
933.867222337
933.867222337
933.867222337
933.867222337
933.867222337
933.867222337
933.867222337
933.867222337
933.867222337
933.867222337
933.867222337
933.867222337
933.867222337
933.867222337
933.867222337
933.867222337
933.867222337
933.867222337
933.867222337
933.867222337
933.867222337
933.867222337
933.867222337
933.867222337
933.867222337
933.867222337
933.867222337
933.867222337
933.867222337
933.867222337
933.867222337
933.867222337
933.867222337
933.867222337
933.867222337
933.867222337
933.867222337
933.867222337
933.867222337
933.867222337
933.867222337
933.867222337
933.867222337
933.867222337
933.867222337
933.867222337
933.867222337
933.867222337
933.867222337
933.867222337
933.867222337
933.867222337
933.867222337
933.867222337
933.867222337
933.867222337
933.867222337
933.867222337
933.867222337
933.867222337
933.867222337
933.867222337
933.867222337
933.867222337
933.867222337
933.867222337
933.867222337
933.867222337
933.867222337
933.867222337
933.867222337
933.867222337
933.867222337
933.867222337
933.867222337
933.867222337
933.867222337
933.867222337
933.867222337
933.867222337
933.867222337
933.867222337
933.867222337
933.867222337
933.867222337
933.867222337
933.867222337
933.867222337
933.867222337
933.867222337
933.867222337
933.867222337
933.867222337
933.867222337
933.867222337
933.867222337
933.867222337
933.867222337
933.867222337
933.867222337
933.867222337
933.867222337
933.867222337
933.867222337
933.867222337
933.867222337
933.867222337
933.867222337
933.867222337
933.867222337
933.867222337
933.867222337
933.867222337
933.867222337
933.867222337
933.867222337
933.867222337
933.867222337
933.867222337
933.867222337
933.867222337
933.867222337
933.867222337
933.867222337
933.867222337
933.867222337
933.867222337
933.867222337
933.867222337
933.867222337
933.867222337
933.867222337
933.867222337
933.867222337
933.867222337
933.867222337
933.867222337
933.867222337
933.867222337
933.867222337
933.867222337
933.867222337
933.867222337
933.867222337
933.867222337
933.867222337
933.867222337
933.867222337
933.867222337
933.867222337
933.867222337
933.867222337
933.867222337
933.867222337
933.867222337
933.867222337
933.867222337
933.867222337
933.867222337
933.867222337
933.867222337
933.867222337
933.867222337
933.867222337
933.867222337
933.867222337
933.867222337
933.867222337
933.867222337
933.867222337
933.867222337
933.867222337
933.867222337
933.867222337
933.867222337
933.867222337
933.867222337
933.867222337
933.867222337
933.867222337
933.867222337
933.867222337
933.867222337
933.867222337
933.867222337
933.867222337
933.867222337
933.867222337
933.867222337
933.867222337
933.867222337
933.867222337
933.867222337
933.867222337
933.867222337
933.867222337
933.867222337
933.867222337
933.867222337
933.867222337
933.867222337
933.867222337
933.867222337
933.867222337
933.867222337
933.867222337
933.867222337
933.867222337
933.867222337
933.867222337
933.867222337
933.867222337
933.867222337
933.867222337
933.867222337
933.867222337
933.867222337
933.867222337
933.867222337
933.867222337
933.867222337
933.867222337
933.867222337
933.867222337
933.867222337
933.867222337
933.867222337
933.867222337
933.867222337
933.867222337
933.867222337
933.867222337
933.867222337
933.867222337
933.867222337
933.867222337
933.867222337
933.867222337
933.867222337
933.867222337
933.867222337
933.867222337
933.867222337
933.867222337
933.867222337
933.867222337
933.867222337
933.867222337
933.867222337
933.867222337
933.867222337
933.867222337
933.867222337
933.867222337
933.867222337
933.867222337
933.867222337
933.867222337
933.867222337
933.867222337
933.867222337
933.867222337
933.867222337
933.867222337
933.867222337
933.867222337
933.867222337
933.867222337
933.867222337
933.867222337
933.867222337
933.867222337
933.867222337
933.867222337
933.867222337
933.867222337
933.867222337
933.867222337
933.867222337
933.867222337
933.867222337
933.867222337
933.867222337
933.867222337
933.867222337
933.867222337
933.867222337
933.867222337
933.867222337
933.867222337
933.867222337
933.867222337
933.867222337
933.867222337
933.867222337
933.867222337
933.867222337
933.867222337
933.867222337
933.867222337
933.867222337
933.867222337
933.867222337
933.867222337
933.867222337
933.867222337
933.867222337
933.867222337
933.867222337
933.867222337
933.867222337
933.867222337
933.867222337
933.867222337
933.867222337
933.867222337
933.867222337
933.867222337
933.867222337
933.867222337
933.867222337
933.867222337
933.867222337
933.867222337
933.867222337
933.867222337
933.867222337
933.867222337
933.867222337
933.867222337
933.867222337
933.867222337
933.867222337
933.867222337
933.867222337
933.867222337
933.867222337
933.867222337
933.867222337
933.867222337
933.867222337
933.867222337
933.867222337
933.867222337
933.867222337
933.867222337
933.867222337
933.867222337
933.867222337
933.867222337
933.867222337
933.867222337
933.867222337
933.867222337
933.867222337
933.867222337
933.867222337
933.867222337
933.867222337
933.867222337
933.867222337
933.867222337
933.867222337
933.867222337
933.867222337
933.867222337
933.867222337
933.867222337
933.867222337
933.867222337
933.867222337
933.867222337
933.867222337
933.867222337
933.867222337
933.867222337
933.867222337
933.867222337
933.867222337
933.867222337
933.867222337
933.867222337
933.867222337
933.867222337
933.867222337
933.867222337
933.867222337
933.867222337
933.867222337
933.867222337
933.867222337
933.867222337
933.867222337
933.867222337
933.867222337
933.867222337
933.867222337
933.867222337
933.867222337
933.867222337
933.867222337
933.867222337
933.867222337
933.867222337
933.867222337
933.867222337
933.867222337
933.867222337
933.867222337
933.867222337
933.867222337
933.867222337
933.867222337
933.867222337
933.867222337
933.867222337
933.867222337
933.867222337
933.867222337
933.867222337
933.867222337
933.867222337
933.867222337
933.867222337
933.867222337
933.867222337
933.867222337
933.867222337
933.867222337
933.867222337
933.867222337
933.867222337
933.867222337
933.867222337
933.867222337
933.867222337
933.867222337
933.867222337
933.867222337
933.867222337
933.867222337
933.867222337
933.867222337
933.867222337
933.867222337
933.867222337
933.867222337
933.867222337
933.867222337
933.867222337
933.867222337
933.867222337
933.867222337
933.867222337
933.867222337
933.867222337
933.867222337
933.867222337
933.867222337
933.867222337
933.867222337
933.867222337
933.867222337
933.867222337
933.867222337
933.867222337
933.867222337
933.867222337
933.867222337
933.867222337
933.867222337
933.867222337
933.867222337
933.867222337
933.867222337
933.867222337
933.867222337
933.867222337
933.867222337
933.867222337
933.867222337
933.867222337
933.867222337
933.867222337
933.867222337
933.867222337
933.867222337
933.867222337
933.867222337
933.867222337
933.867222337
933.867222337
933.867222337
933.867222337
933.867222337
933.867222337
933.867222337
933.867222337
933.867222337
933.867222337
933.867222337
933.867222337
933.867222337
933.867222337
933.867222337
933.867222337
933.867222337
933.867222337
933.867222337
933.867222337
933.867222337
933.867222337
933.867222337
933.867222337
933.867222337
933.867222337
933.867222337
933.867222337
933.867222337
933.867222337
933.867222337
933.867222337
933.867222337
933.867222337
933.867222337
933.867222337
933.867222337
933.867222337
933.867222337
933.867222337
933.867222337
933.867222337
933.867222337
933.867222337
933.867222337
933.867222337
933.867222337
933.867222337
933.867222337
933.867222337
933.867222337
933.867222337
933.867222337
933.867222337
933.867222337
933.867222337
933.867222337
933.867222337
933.867222337
933.867222337
933.867222337
933.867222337
933.867222337
933.867222337
933.867222337
933.867222337
933.867222337
933.867222337
933.867222337
933.867222337
933.867222337
933.867222337
933.867222337
933.867222337
933.867222337
933.867222337
933.867222337
933.867222337
933.867222337
933.867222337
933.867222337
933.867222337
933.867222337
933.867222337
933.867222337
933.867222337
933.867222337
933.867222337
933.867222337
933.867222337
933.867222337
933.867222337
933.867222337
933.867222337
933.867222337
933.867222337
933.867222337
933.867222337
933.867222337
933.867222337
933.867222337
933.867222337
933.867222337
933.867222337
933.867222337
933.867222337
933.867222337
933.867222337
933.867222337
933.867222337
933.867222337
933.867222337
933.867222337
933.867222337
933.867222337
933.867222337
933.867222337
933.867222337
933.867222337
933.867222337
933.867222337
933.867222337
933.867222337
933.867222337
933.867222337
933.867222337
933.867222337
933.867222337
933.867222337
933.867222337
933.867222337
933.867222337
933.867222337
933.867222337
933.867222337
933.867222337
933.867222337
933.867222337
933.867222337
933.867222337
933.867222337
933.867222337
933.867222337
933.867222337
933.867222337
933.867222337
933.867222337
933.867222337
933.867222337
933.867222337
933.867222337
933.867222337
933.867222337
933.867222337
933.867222337
933.867222337
933.867222337
933.867222337
933.867222337
933.867222337
933.867222337
933.867222337
933.867222337
933.867222337
933.867222337
933.867222337
933.867222337
933.867222337
933.867222337
933.867222337
933.867222337
933.867222337
933.867222337
933.867222337
933.867222337
933.867222337
933.867222337
933.867222337
933.867222337
933.867222337
933.867222337
933.867222337
