2058.0027532881813
2050.849229490909
1911.2386106036365
1870.645867198182
1768.939423481818
1699.406759418182
1661.960548650909
1631.8078775245456
1577.1493335836362
1499.9234859927271
1473.1593415599998
1409.4260778672724
1356.250041539909
1310.7367969557272
1283.9631957411818
1216.7916051878183
1156.3139191366363
1099.4567544543636
1072.5439749579093
1035.562195173
1033.442937753091
1023.5807766802728
1003.3993011390002
997.0319294661819
990.8731640772729
985.9387512450002
983.806271673182
975.6013818718184
972.9382752382728
961.6348855478184
957.2589650764547
953.0030587937275
951.6821619513638
946.4066225517273
940.2788084050001
924.5712783146365
919.7138548904549
908.746168285091
903.045062797
899.4114558088182
892.7131384925455
892.6715212984545
892.4864463493636
888.9630506926364
888.3134671805456
886.4831130560001
882.2835422424546
882.2835422424546
882.2835422424546
880.8511078823637
880.5280667109091
878.5037961093636
873.1967161215456
872.9539721829092
861.4508582553638
861.4508582553638
860.9041008804546
860.9041008804546
857.5829065351819
857.5829065351819
854.5461765882727
851.9899833003637
851.9899833003637
851.9899833003637
851.9899833003637
851.9899833003637
851.9899833003637
848.4282498653637
848.3926665731819
844.5679038718183
844.5679038718183
844.5679038718183
844.5662045101818
844.5662045101818
843.9299075600001
843.9299075600001
843.9299075600001
843.9299075600001
843.9299075600001
843.9299075600001
843.9299075600001
843.9299075600001
843.9299075600001
843.9299075600001
843.9299075600001
843.9299075600001
843.9299075600001
843.9299075600001
843.9299075600001
843.9299075600001
843.9299075600001
843.9299075600001
843.9299075600001
843.9299075600001
843.9299075600001
843.9299075600001
843.9299075600001
843.9299075600001
843.9299075600001
843.9299075600001
843.9299075600001
843.9299075600001
843.9299075600001
843.9299075600001
843.9299075600001
843.9299075600001
843.9299075600001
843.9299075600001
843.9299075600001
843.9299075600001
843.9299075600001
843.9299075600001
843.9299075600001
843.9299075600001
843.9299075600001
843.9299075600001
843.9299075600001
843.8868184302729
843.8868184302729
843.8868184302729
843.8868184302729
843.8868184302729
843.8868184302729
843.8868184302729
843.8868184302729
843.8868184302729
843.8868184302729
843.8868184302729
843.8868184302729
843.8868184302729
843.8868184302729
843.8868184302729
843.8868184302729
843.8868184302729
843.8868184302729
843.3385018487274
837.0415370219092
837.0415370219092
837.0415370219092
837.0415370219092
837.0415370219092
837.0415370219092
837.0415370219092
837.0415370219092
837.0415370219092
837.0415370219092
837.0415370219092
837.0415370219092
837.0415370219092
837.0415370219092
837.0415370219092
837.0415370219092
837.0415370219092
837.0415370219092
837.0415370219092
837.0415370219092
837.0415370219092
837.0415370219092
837.0415370219092
837.0415370219092
837.0415370219092
837.0415370219092
837.0415370219092
837.0415370219092
837.0415370219092
837.0415370219092
837.0415370219092
837.0415370219092
837.0415370219092
837.0415370219092
837.0415370219092
837.0415370219092
837.0415370219092
837.0415370219092
837.0415370219092
837.0415370219092
837.0415370219092
837.0415370219092
837.0415370219092
837.0415370219092
837.0415370219092
837.0415370219092
837.0415370219092
837.0415370219092
837.0415370219092
837.0415370219092
837.0415370219092
837.0415370219092
837.0415370219092
837.0415370219092
837.0415370219092
837.0415370219092
837.0415370219092
837.0415370219092
837.0415370219092
837.0415370219092
837.0415370219092
837.0415370219092
837.0415370219092
837.0415370219092
837.0415370219092
837.0415370219092
837.0415370219092
837.0415370219092
837.0415370219092
837.0415370219092
837.0415370219092
837.0415370219092
837.0415370219092
837.0415370219092
837.0415370219092
837.0415370219092
837.0415370219092
837.0415370219092
837.0415370219092
837.0415370219092
837.0415370219092
837.0415370219092
837.0415370219092
837.0415370219092
837.0415370219092
837.0415370219092
837.0415370219092
837.0415370219092
837.0415370219092
837.0415370219092
837.0415370219092
837.0415370219092
837.0415370219092
837.0415370219092
837.0415370219092
837.0415370219092
837.0415370219092
837.0415370219092
837.0415370219092
837.0415370219092
837.0415370219092
837.0415370219092
837.0415370219092
837.0415370219092
837.0415370219092
837.0415370219092
837.0415370219092
837.0415370219092
837.0415370219092
837.0415370219092
837.0415370219092
837.0415370219092
837.0415370219092
837.0415370219092
837.0415370219092
837.0415370219092
837.0415370219092
837.0415370219092
837.0415370219092
837.0415370219092
837.0415370219092
837.0415370219092
837.0415370219092
837.0415370219092
837.0415370219092
837.0415370219092
837.0415370219092
837.0415370219092
837.0415370219092
837.0415370219092
837.0415370219092
837.0415370219092
837.0415370219092
837.0415370219092
837.0415370219092
837.0415370219092
837.0415370219092
837.0415370219092
837.0415370219092
837.0415370219092
837.0415370219092
837.0415370219092
837.0415370219092
837.0415370219092
837.0415370219092
837.0415370219092
837.0415370219092
837.0415370219092
837.0415370219092
837.0415370219092
837.0415370219092
837.0415370219092
837.0415370219092
837.0415370219092
837.0415370219092
837.0415370219092
837.0415370219092
837.0415370219092
837.0415370219092
837.0415370219092
837.0415370219092
837.0415370219092
837.0415370219092
837.0415370219092
837.0415370219092
837.0415370219092
837.0415370219092
837.0415370219092
837.0415370219092
837.0415370219092
837.0415370219092
837.0415370219092
837.0415370219092
837.0415370219092
837.0415370219092
837.0415370219092
837.0415370219092
837.0415370219092
837.0415370219092
837.0415370219092
837.0415370219092
837.0415370219092
837.0415370219092
837.0415370219092
837.0415370219092
837.0415370219092
837.0415370219092
837.0415370219092
837.0415370219092
837.0415370219092
837.0415370219092
837.0415370219092
837.0415370219092
837.0415370219092
837.0415370219092
837.0415370219092
837.0415370219092
837.0415370219092
837.0415370219092
837.0415370219092
837.0415370219092
837.0415370219092
837.0415370219092
837.0415370219092
837.0415370219092
837.0415370219092
837.0415370219092
837.0415370219092
837.0415370219092
837.0415370219092
837.0415370219092
837.0415370219092
837.0415370219092
837.0415370219092
837.0415370219092
837.0415370219092
837.0415370219092
837.0415370219092
837.0415370219092
837.0415370219092
837.0415370219092
837.0415370219092
837.0415370219092
837.0415370219092
837.0415370219092
837.0415370219092
837.0415370219092
837.0415370219092
837.0415370219092
837.0415370219092
837.0415370219092
837.0415370219092
837.0415370219092
837.0415370219092
837.0415370219092
837.0415370219092
837.0415370219092
837.0415370219092
837.0415370219092
837.0415370219092
837.0415370219092
837.0415370219092
837.0415370219092
837.0415370219092
837.0415370219092
837.0415370219092
837.0415370219092
837.0415370219092
837.0415370219092
837.0415370219092
837.0415370219092
837.0415370219092
837.0415370219092
837.0415370219092
837.0415370219092
837.0415370219092
837.0415370219092
837.0415370219092
837.0415370219092
837.0415370219092
837.0415370219092
837.0415370219092
837.0415370219092
837.0415370219092
837.0415370219092
837.0415370219092
837.0415370219092
837.0415370219092
837.0415370219092
837.0415370219092
837.0415370219092
837.0415370219092
837.0415370219092
837.0415370219092
837.0415370219092
837.0415370219092
837.0415370219092
837.0415370219092
837.0415370219092
837.0415370219092
837.0415370219092
837.0415370219092
837.0415370219092
837.0415370219092
837.0415370219092
837.0415370219092
837.0415370219092
837.0415370219092
837.0415370219092
837.0415370219092
837.0415370219092
837.0415370219092
837.0415370219092
837.0415370219092
837.0415370219092
837.0415370219092
837.0415370219092
837.0415370219092
837.0415370219092
837.0415370219092
837.0415370219092
837.0415370219092
837.0415370219092
837.0415370219092
837.0415370219092
837.0415370219092
837.0415370219092
837.0415370219092
837.0415370219092
837.0415370219092
837.0415370219092
837.0415370219092
837.0415370219092
837.0415370219092
837.0415370219092
837.0415370219092
837.0415370219092
837.0415370219092
837.0415370219092
837.0415370219092
837.0415370219092
837.0415370219092
837.0415370219092
837.0415370219092
837.0415370219092
837.0415370219092
837.0415370219092
837.0415370219092
837.0415370219092
837.0415370219092
837.0415370219092
837.0415370219092
837.0415370219092
837.0415370219092
837.0415370219092
837.0415370219092
837.0415370219092
837.0415370219092
837.0415370219092
837.0415370219092
837.0415370219092
837.0415370219092
837.0415370219092
837.0415370219092
837.0415370219092
837.0415370219092
837.0415370219092
837.0415370219092
837.0415370219092
837.0415370219092
837.0415370219092
837.0415370219092
837.0415370219092
837.0415370219092
837.0415370219092
837.0415370219092
837.0415370219092
837.0415370219092
837.0415370219092
837.0415370219092
837.0415370219092
837.0415370219092
837.0415370219092
837.0415370219092
837.0415370219092
837.0415370219092
837.0415370219092
837.0415370219092
837.0415370219092
837.0415370219092
837.0415370219092
837.0415370219092
837.0415370219092
837.0415370219092
837.0415370219092
837.0415370219092
837.0415370219092
837.0415370219092
837.0415370219092
837.0415370219092
837.0415370219092
837.0415370219092
837.0415370219092
837.0415370219092
837.0415370219092
837.0415370219092
837.0415370219092
837.0415370219092
837.0415370219092
837.0415370219092
837.0415370219092
837.0415370219092
837.0415370219092
837.0415370219092
837.0415370219092
837.0415370219092
837.0415370219092
837.0415370219092
837.0415370219092
837.0415370219092
837.0415370219092
837.0415370219092
837.0415370219092
837.0415370219092
837.0415370219092
837.0415370219092
837.0415370219092
837.0415370219092
837.0415370219092
837.0415370219092
837.0415370219092
837.0415370219092
837.0415370219092
837.0415370219092
837.0415370219092
837.0415370219092
837.0415370219092
837.0415370219092
837.0415370219092
837.0415370219092
837.0415370219092
837.0415370219092
837.0415370219092
837.0415370219092
837.0415370219092
837.0415370219092
837.0415370219092
837.0415370219092
837.0415370219092
837.0415370219092
837.0415370219092
837.0415370219092
837.0415370219092
837.0415370219092
837.0415370219092
837.0415370219092
837.0415370219092
837.0415370219092
837.0415370219092
837.0415370219092
837.0415370219092
837.0415370219092
837.0415370219092
837.0415370219092
837.0415370219092
837.0415370219092
837.0415370219092
837.0415370219092
837.0415370219092
837.0415370219092
837.0415370219092
837.0415370219092
837.0415370219092
837.0415370219092
837.0415370219092
837.0415370219092
837.0415370219092
837.0415370219092
837.0415370219092
837.0415370219092
837.0415370219092
837.0415370219092
837.0415370219092
837.0415370219092
837.0415370219092
837.0415370219092
837.0415370219092
837.0415370219092
837.0415370219092
837.0415370219092
837.0415370219092
837.0415370219092
837.0415370219092
837.0415370219092
837.0415370219092
837.0415370219092
837.0415370219092
837.0415370219092
837.0415370219092
837.0415370219092
837.0415370219092
837.0415370219092
837.0415370219092
837.0415370219092
837.0415370219092
837.0415370219092
837.0415370219092
837.0415370219092
837.0415370219092
837.0415370219092
837.0415370219092
837.0415370219092
837.0415370219092
837.0415370219092
837.0415370219092
837.0415370219092
837.0415370219092
837.0415370219092
837.0415370219092
837.0415370219092
837.0415370219092
837.0415370219092
837.0415370219092
837.0415370219092
837.0415370219092
837.0415370219092
837.0415370219092
837.0415370219092
837.0415370219092
837.0415370219092
837.0415370219092
837.0415370219092
837.0415370219092
837.0415370219092
837.0415370219092
837.0415370219092
837.0415370219092
837.0415370219092
837.0415370219092
837.0415370219092
837.0415370219092
837.0415370219092
837.0415370219092
837.0415370219092
837.0415370219092
837.0415370219092
837.0415370219092
837.0415370219092
837.0415370219092
837.0415370219092
837.0415370219092
837.0415370219092
837.0415370219092
837.0415370219092
837.0415370219092
837.0415370219092
837.0415370219092
837.0415370219092
837.0415370219092
837.0415370219092
837.0415370219092
837.0415370219092
837.0415370219092
837.0415370219092
837.0415370219092
837.0415370219092
837.0415370219092
837.0415370219092
837.0415370219092
837.0415370219092
837.0415370219092
837.0415370219092
837.0415370219092
837.0415370219092
837.0415370219092
837.0415370219092
837.0415370219092
837.0415370219092
837.0415370219092
837.0415370219092
837.0415370219092
837.0415370219092
837.0415370219092
837.0415370219092
837.0415370219092
837.0415370219092
837.0415370219092
837.0415370219092
837.0415370219092
837.0415370219092
837.0415370219092
837.0415370219092
837.0415370219092
837.0415370219092
837.0415370219092
837.0415370219092
837.0415370219092
837.0415370219092
837.0415370219092
837.0415370219092
837.0415370219092
837.0415370219092
837.0415370219092
837.0415370219092
837.0415370219092
837.0415370219092
837.0415370219092
837.0415370219092
837.0415370219092
837.0415370219092
837.0415370219092
837.0415370219092
837.0415370219092
837.0415370219092
837.0415370219092
837.0415370219092
837.0415370219092
837.0415370219092
837.0415370219092
837.0415370219092
837.0415370219092
837.0415370219092
837.0415370219092
837.0415370219092
837.0415370219092
837.0415370219092
837.0415370219092
837.0415370219092
837.0415370219092
837.0415370219092
837.0415370219092
837.0415370219092
837.0415370219092
837.0415370219092
837.0415370219092
837.0415370219092
837.0415370219092
837.0415370219092
837.0415370219092
837.0415370219092
837.0415370219092
837.0415370219092
837.0415370219092
837.0415370219092
837.0415370219092
837.0415370219092
837.0415370219092
837.0415370219092
837.0415370219092
837.0415370219092
837.0415370219092
837.0415370219092
837.0415370219092
837.0415370219092
837.0415370219092
837.0415370219092
837.0415370219092
837.0415370219092
837.0415370219092
837.0415370219092
837.0415370219092
837.0415370219092
837.0415370219092
837.0415370219092
837.0415370219092
837.0415370219092
837.0415370219092
837.0415370219092
837.0415370219092
837.0415370219092
837.0415370219092
837.0415370219092
837.0415370219092
837.0415370219092
837.0415370219092
837.0415370219092
837.0415370219092
837.0415370219092
837.0415370219092
837.0415370219092
837.0415370219092
837.0415370219092
837.0415370219092
837.0415370219092
837.0415370219092
837.0415370219092
837.0415370219092
837.0415370219092
837.0415370219092
837.0415370219092
837.0415370219092
837.0415370219092
837.0415370219092
837.0415370219092
837.0415370219092
837.0415370219092
837.0415370219092
837.0415370219092
837.0415370219092
837.0415370219092
837.0415370219092
837.0415370219092
837.0415370219092
837.0415370219092
837.0415370219092
837.0415370219092
837.0415370219092
837.0415370219092
837.0415370219092
837.0415370219092
837.0415370219092
837.0415370219092
837.0415370219092
837.0415370219092
837.0415370219092
837.0415370219092
837.0415370219092
837.0415370219092
837.0415370219092
837.0415370219092
837.0415370219092
837.0415370219092
837.0415370219092
837.0415370219092
837.0415370219092
837.0415370219092
837.0415370219092
837.0415370219092
837.0415370219092
837.0415370219092
837.0415370219092
837.0415370219092
837.0415370219092
837.0415370219092
837.0415370219092
837.0415370219092
837.0415370219092
837.0415370219092
837.0415370219092
837.0415370219092
837.0415370219092
837.0415370219092
837.0415370219092
837.0415370219092
837.0415370219092
837.0415370219092
837.0415370219092
837.0415370219092
837.0415370219092
837.0415370219092
837.0415370219092
837.0415370219092
837.0415370219092
837.0415370219092
837.0415370219092
837.0415370219092
837.0415370219092
837.0415370219092
837.0415370219092
837.0415370219092
837.0415370219092
837.0415370219092
837.0415370219092
837.0415370219092
837.0415370219092
837.0415370219092
837.0415370219092
837.0415370219092
837.0415370219092
837.0415370219092
837.0415370219092
837.0415370219092
837.0415370219092
837.0415370219092
837.0415370219092
837.0415370219092
837.0415370219092
837.0415370219092
837.0415370219092
837.0415370219092
837.0415370219092
837.0415370219092
837.0415370219092
837.0415370219092
837.0415370219092
837.0415370219092
837.0415370219092
837.0415370219092
837.0415370219092
837.0415370219092
837.0415370219092
837.0415370219092
837.0415370219092
837.0415370219092
837.0415370219092
837.0415370219092
837.0415370219092
837.0415370219092
837.0415370219092
837.0415370219092
837.0415370219092
837.0415370219092
837.0415370219092
837.0415370219092
837.0415370219092
837.0415370219092
837.0415370219092
837.0415370219092
837.0415370219092
837.0415370219092
837.0415370219092
837.0415370219092
837.0415370219092
837.0415370219092
837.0415370219092
837.0415370219092
837.0415370219092
837.0415370219092
837.0415370219092
837.0415370219092
837.0415370219092
837.0415370219092
837.0415370219092
837.0415370219092
837.0415370219092
837.0415370219092
837.0415370219092
837.0415370219092
837.0415370219092
837.0415370219092
837.0415370219092
837.0415370219092
837.0415370219092
837.0415370219092
837.0415370219092
837.0415370219092
837.0415370219092
837.0415370219092
837.0415370219092
837.0415370219092
837.0415370219092
837.0415370219092
837.0415370219092
837.0415370219092
837.0415370219092
837.0415370219092
837.0415370219092
837.0415370219092
837.0415370219092
837.0415370219092
837.0415370219092
837.0415370219092
837.0415370219092
837.0415370219092
837.0415370219092
837.0415370219092
837.0415370219092
837.0415370219092
837.0415370219092
837.0415370219092
837.0415370219092
837.0415370219092
837.0415370219092
837.0415370219092
837.0415370219092
837.0415370219092
837.0415370219092
837.0415370219092
837.0415370219092
837.0415370219092
837.0415370219092
837.0415370219092
837.0415370219092
837.0415370219092
837.0415370219092
837.0415370219092
837.0415370219092
837.0415370219092
837.0415370219092
837.0415370219092
837.0415370219092
837.0415370219092
837.0415370219092
837.0415370219092
