2098.794150998182
2029.3965523427273
1891.4988388663637
1796.5118837236362
1671.406505620909
1620.0763547099998
1553.774730643636
1495.1686533881818
1478.9151325745454
1444.29620323
1351.3494674269089
1316.1035421914546
1289.245679656
1227.3868392187273
1152.8828053643638
1117.902229864182
1089.380959720909
1018.2818568353637
973.6141152736365
968.9236225904548
942.7406088273638
910.4023817730911
894.6085776968183
890.920222910091
889.2872621532726
883.1859191573639
881.2775552674547
878.7865878690001
876.1005988012729
874.9852849975455
869.3570312497272
866.9026069125455
865.7641464132728
864.284757629182
856.773365238182
856.773365238182
856.773365238182
856.7418674299092
854.930369169182
852.6651139485457
851.8349093832729
851.8349093832729
851.8349093832729
851.8349093832729
851.8349093832729
851.8349093832729
851.0941738471819
851.0941738471819
851.0941738471819
851.0941738471819
851.0941738471819
851.0941738471819
851.0941738471819
851.0941738471819
851.0941738471819
851.0941738471819
851.0941738471819
851.0941738471819
851.0941738471819
851.0941738471819
851.0941738471819
851.0941738471819
851.0941738471819
851.0941738471819
851.0941738471819
851.0941738471819
851.0941738471819
851.0941738471819
851.0941738471819
851.0941738471819
851.0941738471819
851.0941738471819
851.0941738471819
851.0941738471819
851.0941738471819
851.0941738471819
851.0941738471819
851.0941738471819
851.0941738471819
851.0941738471819
851.0941738471819
851.0941738471819
850.8478392164546
850.8478392164546
850.8478392164546
848.4233450297273
848.4233450297273
848.4233450297273
848.4233450297273
848.4233450297273
848.4233450297273
848.4233450297273
848.4233450297273
848.4233450297273
848.4233450297273
848.4233450297273
848.4233450297273
848.4233450297273
848.4233450297273
848.4233450297273
848.4233450297273
848.4233450297273
848.4233450297273
848.4233450297273
848.4233450297273
848.4233450297273
848.4233450297273
848.4233450297273
848.4233450297273
848.4233450297273
848.4233450297273
848.4233450297273
848.4233450297273
848.4233450297273
848.4233450297273
848.4233450297273
848.4233450297273
848.4233450297273
848.4233450297273
848.4233450297273
848.4233450297273
848.4233450297273
848.4233450297273
848.4233450297273
848.4233450297273
848.4233450297273
848.4233450297273
848.4233450297273
848.4233450297273
848.4233450297273
848.4233450297273
848.4233450297273
848.4233450297273
848.4233450297273
848.4233450297273
848.4233450297273
848.4233450297273
848.4233450297273
848.4233450297273
848.4233450297273
848.4233450297273
848.4233450297273
848.4233450297273
848.4233450297273
848.4233450297273
848.4233450297273
848.4233450297273
848.4233450297273
848.4233450297273
848.4233450297273
848.4233450297273
848.4233450297273
848.4233450297273
848.4233450297273
848.4233450297273
848.4233450297273
848.4233450297273
848.4233450297273
848.4233450297273
848.4233450297273
848.4233450297273
848.4233450297273
848.4233450297273
848.4233450297273
848.4233450297273
848.4233450297273
848.4233450297273
848.4233450297273
848.4233450297273
848.4233450297273
848.4233450297273
848.4233450297273
848.4233450297273
848.4233450297273
848.4233450297273
848.4233450297273
848.4233450297273
848.4233450297273
848.4233450297273
848.4233450297273
848.4233450297273
848.4233450297273
848.4233450297273
848.4233450297273
848.4233450297273
848.4233450297273
848.4233450297273
848.4233450297273
848.4233450297273
848.4233450297273
848.1139611612729
848.1139611612729
848.1139611612729
848.1139611612729
848.1139611612729
848.1139611612729
848.1139611612729
848.1139611612729
848.1139611612729
848.1139611612729
848.1139611612729
848.1139611612729
848.1139611612729
848.1139611612729
848.1139611612729
848.1139611612729
848.1139611612729
848.1139611612729
848.1139611612729
848.1139611612729
848.1139611612729
848.1139611612729
848.1139611612729
848.1139611612729
848.1139611612729
848.1139611612729
848.1139611612729
848.1139611612729
848.1139611612729
848.1139611612729
848.1139611612729
848.1139611612729
848.1139611612729
848.1139611612729
848.1139611612729
848.1139611612729
848.1139611612729
848.1139611612729
848.1139611612729
848.1139611612729
848.1139611612729
848.1139611612729
848.1139611612729
848.1139611612729
848.1139611612729
848.1139611612729
848.1139611612729
848.1139611612729
848.1139611612729
848.1139611612729
848.1139611612729
848.1139611612729
848.1139611612729
848.1139611612729
848.1139611612729
848.1139611612729
848.1139611612729
848.1139611612729
848.1139611612729
848.1139611612729
848.1139611612729
848.1139611612729
848.1139611612729
848.1139611612729
848.1139611612729
848.1139611612729
848.1139611612729
848.1139611612729
848.1139611612729
848.1139611612729
848.1139611612729
848.1139611612729
848.1139611612729
848.1139611612729
848.1139611612729
848.1139611612729
848.1139611612729
848.1139611612729
848.1139611612729
848.1139611612729
848.1139611612729
848.1139611612729
848.1139611612729
848.1139611612729
848.1139611612729
848.1139611612729
848.1139611612729
848.1139611612729
848.1139611612729
848.1139611612729
848.1139611612729
848.1139611612729
848.1139611612729
848.1139611612729
848.1139611612729
848.1139611612729
848.1139611612729
848.1139611612729
848.1139611612729
848.1139611612729
848.1139611612729
848.1139611612729
848.1139611612729
848.1139611612729
848.1139611612729
848.1139611612729
848.1139611612729
848.1139611612729
848.1139611612729
848.1139611612729
848.1139611612729
848.1139611612729
848.1139611612729
848.1139611612729
848.1139611612729
848.1139611612729
848.1139611612729
848.1139611612729
848.1139611612729
848.1139611612729
848.1139611612729
848.1139611612729
848.1139611612729
848.1139611612729
848.1139611612729
848.1139611612729
848.1139611612729
848.1139611612729
848.1139611612729
848.1139611612729
848.1139611612729
848.1139611612729
848.1139611612729
848.1139611612729
848.1139611612729
848.1139611612729
848.1139611612729
848.1139611612729
848.1139611612729
848.1139611612729
848.1139611612729
848.1139611612729
848.1139611612729
848.1139611612729
848.1139611612729
848.1139611612729
848.1139611612729
848.1139611612729
848.1139611612729
848.1139611612729
848.1139611612729
848.1139611612729
848.1139611612729
848.1139611612729
848.1139611612729
848.1139611612729
848.1139611612729
848.1139611612729
848.1139611612729
848.1139611612729
848.1139611612729
848.1139611612729
848.1139611612729
848.1139611612729
848.1139611612729
848.1139611612729
848.1139611612729
848.1139611612729
848.1139611612729
848.1139611612729
848.1139611612729
848.1139611612729
848.1139611612729
848.1139611612729
848.1139611612729
848.1139611612729
848.1139611612729
848.1139611612729
848.1139611612729
848.1139611612729
848.1139611612729
848.1139611612729
848.1139611612729
848.1139611612729
848.1139611612729
848.1139611612729
848.1139611612729
848.1139611612729
848.1139611612729
848.1139611612729
848.1139611612729
848.1139611612729
848.1139611612729
848.1139611612729
848.1139611612729
848.1139611612729
848.1139611612729
848.1139611612729
848.1139611612729
848.1139611612729
848.1139611612729
848.1139611612729
848.1139611612729
848.1139611612729
848.1139611612729
848.1139611612729
848.1139611612729
848.1139611612729
848.1139611612729
848.1139611612729
848.1139611612729
848.1139611612729
848.1139611612729
848.1139611612729
848.1139611612729
848.1139611612729
848.1139611612729
848.1139611612729
848.1139611612729
848.1139611612729
848.1139611612729
848.1139611612729
848.1139611612729
848.1139611612729
848.1139611612729
848.1139611612729
848.1139611612729
848.1139611612729
848.1139611612729
848.1139611612729
848.1139611612729
848.1139611612729
848.1139611612729
848.1139611612729
848.1139611612729
848.1139611612729
848.1139611612729
848.1139611612729
848.1139611612729
848.1139611612729
848.1139611612729
848.1139611612729
848.1139611612729
848.1139611612729
848.1139611612729
848.1139611612729
848.1139611612729
848.1139611612729
848.1139611612729
848.1139611612729
848.1139611612729
848.1139611612729
848.1139611612729
848.1139611612729
848.1139611612729
848.1139611612729
848.1139611612729
848.1139611612729
848.1139611612729
848.1139611612729
848.1139611612729
848.1139611612729
848.1139611612729
848.1139611612729
848.1139611612729
848.1139611612729
848.1139611612729
848.1139611612729
848.1139611612729
848.1139611612729
848.1139611612729
848.1139611612729
848.1139611612729
848.1139611612729
848.1139611612729
848.1139611612729
848.1139611612729
848.1139611612729
848.1139611612729
848.1139611612729
848.1139611612729
848.1139611612729
848.1139611612729
848.1139611612729
848.1139611612729
848.1139611612729
848.1139611612729
848.1139611612729
848.1139611612729
848.1139611612729
848.1139611612729
848.1139611612729
848.1139611612729
848.1139611612729
848.1139611612729
848.1139611612729
848.1139611612729
848.1139611612729
848.1139611612729
848.1139611612729
848.1139611612729
848.1139611612729
848.1139611612729
848.1139611612729
848.1139611612729
848.1139611612729
848.1139611612729
848.1139611612729
848.1139611612729
848.1139611612729
848.1139611612729
848.1139611612729
848.1139611612729
848.1139611612729
848.1139611612729
848.1139611612729
848.1139611612729
848.1139611612729
848.1139611612729
848.1139611612729
848.1139611612729
848.1139611612729
848.1139611612729
848.1139611612729
848.1139611612729
848.1139611612729
848.1139611612729
848.1139611612729
848.1139611612729
848.1139611612729
848.1139611612729
848.1139611612729
848.1139611612729
848.1139611612729
848.1139611612729
848.1139611612729
848.1139611612729
848.1139611612729
848.1139611612729
848.1139611612729
848.1139611612729
848.1139611612729
848.1139611612729
848.1139611612729
848.1139611612729
848.1139611612729
848.1139611612729
848.1139611612729
848.1139611612729
848.1139611612729
848.1139611612729
848.1139611612729
848.1139611612729
848.1139611612729
848.1139611612729
848.1139611612729
848.1139611612729
848.1139611612729
848.1139611612729
848.1139611612729
848.1139611612729
848.1139611612729
848.1139611612729
848.1139611612729
848.1139611612729
848.1139611612729
848.1139611612729
848.1139611612729
848.1139611612729
848.1139611612729
848.1139611612729
848.1139611612729
848.1139611612729
848.1139611612729
848.1139611612729
848.1139611612729
848.1139611612729
848.1139611612729
848.1139611612729
848.1139611612729
848.1139611612729
848.1139611612729
848.1139611612729
848.1139611612729
848.1139611612729
848.1139611612729
848.1139611612729
848.1139611612729
848.1139611612729
848.1139611612729
848.1139611612729
848.1139611612729
848.1139611612729
848.1139611612729
848.1139611612729
848.1139611612729
848.1139611612729
848.1139611612729
848.1139611612729
848.1139611612729
848.1139611612729
848.1139611612729
848.1139611612729
848.1139611612729
848.1139611612729
848.1139611612729
848.1139611612729
848.1139611612729
848.1139611612729
848.1139611612729
848.1139611612729
848.1139611612729
848.1139611612729
848.1139611612729
848.1139611612729
848.1139611612729
848.1139611612729
848.1139611612729
848.1139611612729
848.1139611612729
848.1139611612729
848.1139611612729
848.1139611612729
848.1139611612729
848.1139611612729
848.1139611612729
848.1139611612729
848.1139611612729
848.1139611612729
848.1139611612729
848.1139611612729
848.1139611612729
848.1139611612729
848.1139611612729
848.1139611612729
848.1139611612729
848.1139611612729
848.1139611612729
848.1139611612729
848.1139611612729
848.1139611612729
848.1139611612729
848.1139611612729
848.1139611612729
848.1139611612729
848.1139611612729
848.1139611612729
848.1139611612729
848.1139611612729
848.1139611612729
848.1139611612729
848.1139611612729
848.1139611612729
848.1139611612729
848.1139611612729
848.1139611612729
848.1139611612729
848.1139611612729
848.1139611612729
848.1139611612729
848.1139611612729
848.1139611612729
848.1139611612729
848.1139611612729
848.1139611612729
848.1139611612729
848.1139611612729
848.1139611612729
848.1139611612729
848.1139611612729
848.1139611612729
848.1139611612729
848.1139611612729
848.1139611612729
848.1139611612729
848.1139611612729
848.1139611612729
848.1139611612729
848.1139611612729
848.1139611612729
848.1139611612729
848.1139611612729
848.1139611612729
848.1139611612729
848.1139611612729
848.1139611612729
848.1139611612729
848.1139611612729
848.1139611612729
848.1139611612729
848.1139611612729
848.1139611612729
848.1139611612729
848.1139611612729
848.1139611612729
848.1139611612729
848.1139611612729
848.1139611612729
848.1139611612729
848.1139611612729
848.1139611612729
848.1139611612729
848.1139611612729
848.1139611612729
848.1139611612729
848.1139611612729
848.1139611612729
848.1139611612729
848.1139611612729
848.1139611612729
848.1139611612729
848.1139611612729
848.1139611612729
848.1139611612729
848.1139611612729
848.1139611612729
848.1139611612729
848.1139611612729
848.1139611612729
848.1139611612729
848.1139611612729
848.1139611612729
848.1139611612729
848.1139611612729
848.1139611612729
848.1139611612729
848.1139611612729
848.1139611612729
848.1139611612729
848.1139611612729
848.1139611612729
848.1139611612729
848.1139611612729
848.1139611612729
848.1139611612729
848.1139611612729
848.1139611612729
848.1139611612729
848.1139611612729
848.1139611612729
848.1139611612729
848.1139611612729
848.1139611612729
848.1139611612729
848.1139611612729
848.1139611612729
848.1139611612729
848.1139611612729
848.1139611612729
848.1139611612729
848.1139611612729
848.1139611612729
848.1139611612729
848.1139611612729
848.1139611612729
848.1139611612729
848.1139611612729
848.1139611612729
848.1139611612729
848.1139611612729
848.1139611612729
848.1139611612729
848.1139611612729
848.1139611612729
848.1139611612729
848.1139611612729
848.1139611612729
848.1139611612729
848.1139611612729
848.1139611612729
848.1139611612729
848.1139611612729
848.1139611612729
848.1139611612729
848.1139611612729
848.1139611612729
848.1139611612729
848.1139611612729
848.1139611612729
848.1139611612729
848.1139611612729
848.1139611612729
848.1139611612729
848.1139611612729
848.1139611612729
848.1139611612729
848.1139611612729
848.1139611612729
848.1139611612729
848.1139611612729
848.1139611612729
848.1139611612729
848.1139611612729
848.1139611612729
848.1139611612729
848.1139611612729
848.1139611612729
848.1139611612729
848.1139611612729
848.1139611612729
848.1139611612729
848.1139611612729
848.1139611612729
848.1139611612729
848.1139611612729
848.1139611612729
848.1139611612729
848.1139611612729
848.1139611612729
848.1139611612729
848.1139611612729
848.1139611612729
848.1139611612729
848.1139611612729
848.1139611612729
848.1139611612729
848.1139611612729
848.1139611612729
848.1139611612729
848.1139611612729
848.1139611612729
848.1139611612729
848.1139611612729
848.1139611612729
848.1139611612729
848.1139611612729
848.1139611612729
848.1139611612729
848.1139611612729
848.1139611612729
848.1139611612729
848.1139611612729
848.1139611612729
848.1139611612729
848.1139611612729
848.1139611612729
848.1139611612729
848.1139611612729
848.1139611612729
848.1139611612729
848.1139611612729
848.1139611612729
848.1139611612729
848.1139611612729
848.1139611612729
848.1139611612729
848.1139611612729
848.1139611612729
848.1139611612729
848.1139611612729
848.1139611612729
848.1139611612729
848.1139611612729
848.1139611612729
848.1139611612729
848.1139611612729
848.1139611612729
848.1139611612729
848.1139611612729
848.1139611612729
848.1139611612729
848.1139611612729
848.1139611612729
848.1139611612729
848.1139611612729
848.1139611612729
848.1139611612729
848.1139611612729
848.1139611612729
848.1139611612729
848.1139611612729
848.1139611612729
848.1139611612729
848.1139611612729
848.1139611612729
848.1139611612729
848.1139611612729
848.1139611612729
848.1139611612729
848.1139611612729
848.1139611612729
848.1139611612729
848.1139611612729
848.1139611612729
848.1139611612729
848.1139611612729
848.1139611612729
848.1139611612729
848.1139611612729
848.1139611612729
848.1139611612729
848.1139611612729
848.1139611612729
848.1139611612729
848.1139611612729
848.1139611612729
848.1139611612729
848.1139611612729
848.1139611612729
848.1139611612729
848.1139611612729
848.1139611612729
848.1139611612729
848.1139611612729
848.1139611612729
848.1139611612729
848.1139611612729
848.1139611612729
848.1139611612729
848.1139611612729
848.1139611612729
848.1139611612729
848.1139611612729
848.1139611612729
848.1139611612729
848.1139611612729
848.1139611612729
848.1139611612729
848.1139611612729
848.1139611612729
848.1139611612729
848.1139611612729
848.1139611612729
848.1139611612729
848.1139611612729
848.1139611612729
848.1139611612729
848.1139611612729
848.1139611612729
848.1139611612729
848.1139611612729
848.1139611612729
848.1139611612729
848.1139611612729
848.1139611612729
848.1139611612729
848.1139611612729
848.1139611612729
848.1139611612729
848.1139611612729
848.1139611612729
848.1139611612729
848.1139611612729
848.1139611612729
848.1139611612729
848.1139611612729
848.1139611612729
848.1139611612729
848.1139611612729
848.1139611612729
848.1139611612729
848.1139611612729
848.1139611612729
848.1139611612729
848.1139611612729
848.1139611612729
848.1139611612729
848.1139611612729
848.1139611612729
848.1139611612729
848.1139611612729
848.1139611612729
848.1139611612729
848.1139611612729
848.1139611612729
848.1139611612729
848.1139611612729
848.1139611612729
848.1139611612729
848.1139611612729
848.1139611612729
848.1139611612729
848.1139611612729
848.1139611612729
848.1139611612729
848.1139611612729
848.1139611612729
848.1139611612729
848.1139611612729
848.1139611612729
848.1139611612729
848.1139611612729
848.1139611612729
848.1139611612729
848.1139611612729
848.1139611612729
848.1139611612729
848.1139611612729
848.1139611612729
848.1139611612729
848.1139611612729
848.1139611612729
848.1139611612729
848.1139611612729
848.1139611612729
848.1139611612729
848.1139611612729
848.1139611612729
848.1139611612729
848.1139611612729
848.1139611612729
848.1139611612729
848.1139611612729
848.1139611612729
848.1139611612729
848.1139611612729
848.1139611612729
848.1139611612729
848.1139611612729
848.1139611612729
