2196.84397199
2188.00676588
2159.9572789
1990.05971193
1990.05971193
1990.05971193
1987.91557392
1987.91557392
1943.38444672
1943.38444672
1943.38444672
1943.38444672
1922.83565579
1874.0514963
1874.0514963
1874.0514963
1848.97423608
1848.97423608
1804.48157866
1804.48157866
1804.48157866
1804.48157866
1781.19145033
1781.19145033
1781.19145033
1781.19145033
1781.19145033
1781.19145033
1763.24791818
1763.24791818
1763.24791818
1763.24791818
1763.24791818
1763.24791818
1763.24791818
1763.24791818
1763.24791818
1763.24791818
1763.24791818
1712.60627401
1712.60627401
1712.60627401
1712.60627401
1712.60627401
1712.60627401
1712.60627401
1712.60627401
1712.60627401
1712.60627401
1712.60627401
1711.93151985
1711.93151985
1711.93151985
1711.93151985
1711.93151985
1711.93151985
1711.93151985
1711.93151985
1711.93151985
1699.4002094
1699.4002094
1699.4002094
1699.4002094
1699.4002094
1699.4002094
1699.4002094
1699.4002094
1699.4002094
1699.4002094
1699.4002094
1699.4002094
1699.4002094
1685.48584452
1673.55345667
1673.55345667
1669.56686351
1669.56686351
1669.56686351
1669.56686351
1669.56686351
1669.56686351
1661.14551711
1642.55346597
1642.55346597
1642.55346597
1642.55346597
1638.86953117
1638.86953117
1638.86953117
1638.86953117
1638.86953117
1638.86953117
1636.09724334
1636.09724334
1636.09724334
1636.09724334
1636.09724334
1636.09724334
1636.09724334
1636.09724334
1636.09724334
1636.09724334
1636.09724334
1636.09724334
1636.09724334
1636.09724334
1636.09724334
1634.9999084
1634.9999084
1634.9999084
1634.9999084
1634.9999084
1634.9999084
1634.9999084
1634.9999084
1634.9999084
1634.9999084
1634.9999084
1634.9999084
1634.9999084
1634.9999084
1632.75374093
1632.75374093
1632.75374093
1632.75374093
1632.75374093
1632.75374093
1632.75374093
1632.75374093
1632.75374093
1632.75374093
1632.20522237
1632.20522237
1632.20522237
1632.20522237
1632.20522237
1632.20522237
1632.20522237
1632.20522237
1632.20522237
1632.20522237
1632.20522237
1632.20522237
1632.20522237
1632.20522237
1632.20522237
1632.20522237
1632.20522237
1632.20522237
1632.20522237
1632.20522237
1632.20522237
1632.20522237
1620.843969
1612.41919718
1612.41919718
1605.88453991
1605.88453991
1605.88453991
1605.88453991
1605.88453991
1605.88453991
1605.88453991
1605.88453991
1605.88453991
1605.88453991
1597.7796412
1597.7796412
1597.7796412
1597.7796412
1597.7796412
1597.7796412
1597.7796412
1597.7796412
1597.7796412
1597.7796412
1597.7796412
1597.7796412
1597.7796412
1597.7796412
1597.7796412
1597.7796412
1597.7796412
1597.7796412
1597.7796412
1597.7796412
1597.7796412
1597.7796412
1597.7796412
1597.7796412
1597.7796412
1597.7796412
1597.7796412
1597.7796412
1597.7796412
1597.7796412
1597.7796412
1597.7796412
1597.7796412
1597.7796412
1597.7796412
1597.7796412
1597.7796412
1597.7796412
1597.7796412
1597.7796412
1597.7796412
1597.7796412
1597.7796412
1597.7796412
1597.7796412
1597.7796412
1597.7796412
1597.7796412
1597.7796412
1582.75691974
1582.75691974
1582.75691974
1582.75691974
1582.75691974
1582.75691974
1581.23929699
1580.14196206
1580.14196206
1580.14196206
1580.14196206
1580.14196206
1580.14196206
1580.14196206
1580.14196206
1580.14196206
1580.14196206
1580.14196206
1580.14196206
1580.14196206
1580.14196206
1580.14196206
1580.14196206
1580.14196206
1580.14196206
1580.14196206
1580.14196206
1580.14196206
1580.14196206
1580.14196206
1580.14196206
1580.14196206
1580.14196206
1580.14196206
1580.14196206
1580.14196206
1580.14196206
1580.14196206
1580.14196206
1580.14196206
1580.14196206
1580.14196206
1580.14196206
1580.14196206
1580.14196206
1580.14196206
1580.14196206
1580.14196206
1580.14196206
1580.14196206
1580.14196206
1580.14196206
1580.14196206
1580.14196206
1580.14196206
1580.14196206
1576.42310387
1575.32576893
1575.32576893
1575.32576893
1575.32576893
1575.32576893
1575.32576893
1575.32576893
1575.32576893
1575.32576893
1575.32576893
1575.32576893
1575.32576893
1575.32576893
1575.32576893
1575.32576893
1575.32576893
1575.32576893
1575.32576893
1575.32576893
1575.32576893
1575.32576893
1575.32576893
1575.32576893
1575.32576893
1575.32576893
1575.32576893
1575.32576893
1575.32576893
1575.32576893
1575.32576893
1575.32576893
1575.32576893
1575.32576893
1575.32576893
1575.32576893
1575.32576893
1575.32576893
1575.32576893
1575.32576893
1575.32576893
1575.32576893
1575.32576893
1575.32576893
1575.32576893
1575.32576893
1575.32576893
1575.32576893
1575.32576893
1575.32576893
1575.32576893
1575.32576893
1575.32576893
1575.32576893
1575.32576893
1575.32576893
1575.32576893
1575.32576893
1575.32576893
1575.32576893
1575.32576893
1575.32576893
1575.32576893
1575.32576893
1575.32576893
1575.32576893
1575.32576893
1575.32576893
1575.32576893
1575.32576893
1575.32576893
1575.32576893
1575.32576893
1575.32576893
1575.32576893
1575.32576893
1575.32576893
1575.32576893
1575.32576893
1575.32576893
1575.32576893
1575.32576893
1575.32576893
1575.32576893
1575.32576893
1575.32576893
1575.32576893
1575.32576893
1575.32576893
1575.32576893
1575.32576893
1575.32576893
1575.32576893
1575.32576893
1575.32576893
1575.32576893
1575.32576893
1575.32576893
1575.32576893
1575.32576893
1575.32576893
1575.32576893
1575.32576893
1575.32576893
1575.32576893
1575.32576893
1575.32576893
1575.32576893
1575.32576893
1575.32576893
1575.32576893
1575.32576893
1575.32576893
1575.32576893
1575.32576893
1575.32576893
1575.32576893
1575.32576893
1575.32576893
1575.32576893
1575.32576893
1575.32576893
1575.32576893
1575.32576893
1575.32576893
1575.32576893
1575.32576893
1575.32576893
1575.32576893
1575.32576893
1575.32576893
1575.32576893
1575.32576893
1575.32576893
1575.32576893
1575.32576893
1575.32576893
1575.32576893
1575.32576893
1575.32576893
1575.32576893
1575.32576893
1575.32576893
1575.32576893
1575.32576893
1575.32576893
1575.32576893
1575.32576893
1575.32576893
1575.32576893
1575.32576893
1575.32576893
1575.32576893
1575.32576893
1575.32576893
1575.32576893
1575.32576893
1575.32576893
1575.32576893
1575.32576893
1575.32576893
1575.32576893
1575.32576893
1575.32576893
1575.32576893
1575.32576893
1575.32576893
1575.32576893
1575.32576893
1575.32576893
1575.32576893
1575.32576893
1575.32576893
1575.32576893
1575.32576893
1575.32576893
1575.32576893
1575.32576893
1575.32576893
1575.32576893
1575.32576893
1575.32576893
1575.32576893
1575.32576893
1575.32576893
1575.32576893
1575.32576893
1575.32576893
1575.32576893
1575.32576893
1575.32576893
1575.32576893
1575.32576893
1575.32576893
1575.32576893
1575.32576893
1575.32576893
1575.32576893
1575.32576893
1575.32576893
1575.32576893
1575.32576893
1575.32576893
1575.32576893
1575.32576893
1575.32576893
1575.32576893
1575.32576893
1575.32576893
1575.32576893
1575.32576893
1575.32576893
1575.32576893
1575.32576893
1575.32576893
1575.32576893
1575.32576893
1575.32576893
1575.32576893
1575.32576893
1575.32576893
1575.32576893
1575.32576893
1575.32576893
1575.32576893
1575.32576893
1575.32576893
1575.32576893
1575.32576893
1575.32576893
1575.32576893
1575.32576893
1575.32576893
1575.32576893
1575.32576893
1575.32576893
1575.32576893
1575.32576893
1575.32576893
1575.32576893
1575.32576893
1575.32576893
1575.32576893
1575.32576893
1575.32576893
1575.32576893
1575.32576893
1575.32576893
1575.32576893
1575.32576893
1575.32576893
1575.32576893
1575.32576893
1575.32576893
1575.32576893
1575.32576893
1575.32576893
1575.32576893
1575.32576893
1575.32576893
1575.32576893
1575.32576893
1575.32576893
1575.32576893
1575.32576893
1575.32576893
1575.32576893
1575.32576893
1575.32576893
1575.32576893
1575.32576893
1575.32576893
1575.32576893
1575.32576893
1575.32576893
1575.32576893
1575.32576893
1575.32576893
1575.32576893
1575.32576893
1575.32576893
1575.32576893
1575.32576893
1575.32576893
1575.32576893
1575.32576893
1575.32576893
1575.32576893
1575.32576893
1575.32576893
1575.32576893
1575.32576893
1575.32576893
1575.32576893
1575.32576893
1575.32576893
1575.32576893
1575.32576893
1575.32576893
1575.32576893
1575.32576893
1575.32576893
1575.32576893
1575.32576893
1575.32576893
1575.32576893
1575.32576893
1575.32576893
1575.32576893
1575.32576893
1575.32576893
1575.32576893
1575.32576893
1575.32576893
1575.32576893
1575.32576893
1575.32576893
1575.32576893
1575.32576893
1575.32576893
1575.32576893
1575.32576893
1575.32576893
1575.32576893
1575.32576893
1575.32576893
1575.32576893
1575.32576893
1575.32576893
1575.32576893
1575.32576893
1575.32576893
1575.32576893
1575.32576893
1575.32576893
1575.32576893
1575.32576893
1575.32576893
1575.32576893
1575.32576893
1575.32576893
1575.32576893
1575.32576893
1575.32576893
1575.32576893
1575.32576893
1575.32576893
1575.32576893
1575.32576893
1575.32576893
1575.32576893
1575.32576893
1575.32576893
1575.32576893
1575.32576893
1575.32576893
1575.32576893
1575.32576893
1575.32576893
1575.32576893
1575.32576893
1575.32576893
1575.32576893
1575.32576893
1575.32576893
1575.32576893
1575.32576893
1575.32576893
1575.32576893
1575.32576893
1575.32576893
1575.32576893
1575.32576893
1575.32576893
1575.32576893
1575.32576893
1575.32576893
1575.32576893
1575.32576893
1575.32576893
1575.32576893
1575.32576893
1575.32576893
1575.32576893
1575.32576893
1575.32576893
1575.32576893
1575.32576893
1575.32576893
1575.32576893
1575.32576893
1575.32576893
1575.32576893
1575.32576893
1575.32576893
1575.32576893
1575.32576893
1575.32576893
1575.32576893
1575.32576893
1575.32576893
1575.32576893
1575.32576893
1575.32576893
1575.32576893
1575.32576893
1575.32576893
1575.32576893
1575.32576893
1575.32576893
1575.32576893
1575.32576893
1575.32576893
1575.32576893
1575.32576893
1575.32576893
1575.32576893
1575.32576893
1575.32576893
1575.32576893
1575.32576893
1575.32576893
1575.32576893
1575.32576893
1575.32576893
1575.32576893
1575.32576893
1575.32576893
1575.32576893
1575.32576893
1575.32576893
1575.32576893
1575.32576893
1575.32576893
1575.32576893
1575.32576893
1575.32576893
1575.32576893
1575.32576893
1575.32576893
1575.32576893
1575.32576893
1575.32576893
1575.32576893
1575.32576893
1575.32576893
1575.32576893
1575.32576893
1575.32576893
1575.32576893
1575.32576893
1575.32576893
1575.32576893
1575.32576893
1575.32576893
1575.32576893
1575.32576893
1575.32576893
1575.32576893
1575.32576893
1575.32576893
1575.32576893
1575.32576893
1575.32576893
1575.32576893
1575.32576893
1575.32576893
1575.32576893
1575.32576893
1575.32576893
1575.32576893
1575.32576893
1575.32576893
1575.32576893
1575.32576893
1575.32576893
1575.32576893
1575.32576893
1575.32576893
1575.32576893
1575.32576893
1575.32576893
1575.32576893
1575.32576893
1575.32576893
1575.32576893
1575.32576893
1575.32576893
1575.32576893
1575.32576893
1575.32576893
1575.32576893
1575.32576893
1575.32576893
1575.32576893
1575.32576893
1575.32576893
1575.32576893
1575.32576893
1575.32576893
1575.32576893
1575.32576893
1575.32576893
1575.32576893
1575.32576893
1575.32576893
1575.32576893
1575.32576893
1575.32576893
1575.32576893
1575.32576893
1575.32576893
1575.32576893
1575.32576893
1575.32576893
1575.32576893
1575.32576893
1575.32576893
1575.32576893
1575.32576893
1575.32576893
1575.32576893
1575.32576893
1575.32576893
1575.32576893
1575.32576893
1575.32576893
1575.32576893
1575.32576893
1575.32576893
1575.32576893
1575.32576893
1575.32576893
1575.32576893
1575.32576893
1575.32576893
1575.32576893
1575.32576893
1575.32576893
1575.32576893
1575.32576893
1575.32576893
1575.32576893
1575.32576893
1575.32576893
1575.32576893
1575.32576893
1575.32576893
1575.32576893
1575.32576893
1575.32576893
1575.32576893
1575.32576893
1575.32576893
1575.32576893
1575.32576893
1575.32576893
1575.32576893
1575.32576893
1575.32576893
1575.32576893
1575.32576893
1575.32576893
1575.32576893
1575.32576893
1575.32576893
1575.32576893
1575.32576893
1575.32576893
1575.32576893
1575.32576893
1575.32576893
1575.32576893
1575.32576893
1575.32576893
1575.32576893
1575.32576893
1575.32576893
1575.32576893
1575.32576893
1575.32576893
1575.32576893
1575.32576893
1575.32576893
1575.32576893
1575.32576893
1575.32576893
1575.32576893
1575.32576893
1575.32576893
1575.32576893
1575.32576893
1575.32576893
1575.32576893
1575.32576893
1575.32576893
1575.32576893
1575.32576893
1575.32576893
1575.32576893
1575.32576893
1575.32576893
1575.32576893
1575.32576893
1575.32576893
1575.32576893
1575.32576893
1575.32576893
1575.32576893
1575.32576893
1575.32576893
1575.32576893
1575.32576893
1575.32576893
1575.32576893
1575.32576893
1575.32576893
1575.32576893
1575.32576893
1575.32576893
1575.32576893
1575.32576893
1575.32576893
1575.32576893
1575.32576893
1575.32576893
1575.32576893
1575.32576893
1575.32576893
1575.32576893
1575.32576893
1575.32576893
1575.32576893
1575.32576893
1575.32576893
1575.32576893
1575.32576893
1575.32576893
1575.32576893
1575.32576893
1575.32576893
1575.32576893
1575.32576893
1575.32576893
1575.32576893
1575.32576893
1575.32576893
1575.32576893
1575.32576893
1575.32576893
1575.32576893
1575.32576893
1575.32576893
1575.32576893
1575.32576893
1575.32576893
1575.32576893
1575.32576893
1575.32576893
1575.32576893
1575.32576893
1575.32576893
1575.32576893
1575.32576893
1575.32576893
1575.32576893
1575.32576893
1575.32576893
1575.32576893
1575.32576893
1575.32576893
1575.32576893
1575.32576893
1575.32576893
1575.32576893
1575.32576893
1575.32576893
1575.32576893
1575.32576893
1575.32576893
1575.32576893
1575.32576893
1575.32576893
1575.32576893
1575.32576893
1575.32576893
1575.32576893
1575.32576893
1575.32576893
1575.32576893
1575.32576893
1575.32576893
1575.32576893
1575.32576893
1575.32576893
1575.32576893
1575.32576893
1575.32576893
1575.32576893
1575.32576893
1575.32576893
1575.32576893
1575.32576893
1575.32576893
1575.32576893
1575.32576893
1575.32576893
1575.32576893
1575.32576893
1575.32576893
1575.32576893
1575.32576893
1575.32576893
1575.32576893
1575.32576893
1575.32576893
1575.32576893
1575.32576893
1575.32576893
1575.32576893
1575.32576893
1575.32576893
1575.32576893
1575.32576893
1575.32576893
1575.32576893
1575.32576893
1575.32576893
1575.32576893
