2060.08421785
2014.15043453
2014.15043453
1987.43983406
1980.73746044
1903.57043489
1903.57043489
1903.57043489
1903.57043489
1866.00214405
1866.00214405
1866.00214405
1866.00214405
1866.00214405
1866.00214405
1866.00214405
1866.00214405
1866.00214405
1866.00214405
1866.00214405
1866.00214405
1866.00214405
1866.00214405
1854.94792586
1854.94792586
1813.55163791
1813.55163791
1813.55163791
1802.81302792
1802.81302792
1802.81302792
1802.81302792
1802.81302792
1800.23687727
1768.05167169
1768.05167169
1752.20411056
1752.20411056
1752.20411056
1752.20411056
1752.20411056
1752.20411056
1752.20411056
1752.20411056
1752.20411056
1740.68621101
1740.12136864
1740.12136864
1740.12136864
1740.12136864
1738.35018475
1738.35018475
1738.35018475
1738.35018475
1738.35018475
1738.35018475
1738.35018475
1738.35018475
1738.35018475
1715.6899009
1715.6899009
1715.6899009
1715.6899009
1715.6899009
1715.6899009
1715.6899009
1715.6899009
1715.6899009
1715.6899009
1715.6899009
1715.6899009
1715.6899009
1715.6899009
1715.6899009
1715.6899009
1715.6899009
1715.6899009
1715.6899009
1715.6899009
1715.6899009
1715.6899009
1715.6899009
1715.6899009
1715.6899009
1715.6899009
1715.6899009
1714.85791996
1714.85791996
1714.85791996
1714.85791996
1714.85791996
1714.85791996
1714.85791996
1714.85791996
1699.80959149
1699.80959149
1699.80959149
1699.80959149
1699.80959149
1693.81293721
1690.95675933
1690.95675933
1690.95675933
1690.95675933
1690.95675933
1687.5843007
1687.5843007
1687.5843007
1687.5843007
1671.64154266
1671.64154266
1671.64154266
1671.64154266
1671.64154266
1671.64154266
1671.64154266
1671.64154266
1671.64154266
1671.64154266
1671.64154266
1671.64154266
1671.64154266
1667.39703107
1667.39703107
1667.39703107
1667.39703107
1665.10000329
1665.10000329
1665.10000329
1665.10000329
1665.10000329
1665.10000329
1665.10000329
1665.10000329
1664.48662325
1664.48662325
1664.41781256
1664.41781256
1647.69195308
1647.69195308
1647.69195308
1637.02062454
1637.02062454
1637.02062454
1637.02062454
1637.02062454
1637.02062454
1637.02062454
1637.02062454
1637.02062454
1637.02062454
1637.02062454
1637.02062454
1637.02062454
1637.02062454
1637.02062454
1637.02062454
1637.02062454
1637.02062454
1637.02062454
1637.02062454
1637.02062454
1637.02062454
1637.02062454
1637.02062454
1637.02062454
1637.02062454
1636.4072445
1632.77611294
1632.77611294
1632.77611294
1632.77611294
1632.77611294
1632.77611294
1632.77611294
1632.77611294
1632.77611294
1632.77611294
1632.77611294
1632.77611294
1632.77611294
1632.77611294
1632.77611294
1632.77611294
1632.77611294
1632.77611294
1632.77611294
1631.89365332
1631.89365332
1631.89365332
1631.89365332
1631.89365332
1631.89365332
1631.89365332
1631.89365332
1631.89365332
1631.89365332
1631.89365332
1631.89365332
1631.89365332
1631.89365332
1631.89365332
1631.89365332
1631.89365332
1631.89365332
1631.89365332
1631.89365332
1631.89365332
1631.89365332
1631.89365332
1631.89365332
1631.89365332
1631.89365332
1631.89365332
1631.89365332
1631.89365332
1631.89365332
1631.89365332
1631.89365332
1631.89365332
1631.89365332
1631.89365332
1631.89365332
1631.89365332
1631.89365332
1631.89365332
1631.89365332
1631.89365332
1631.89365332
1631.89365332
1631.89365332
1631.89365332
1631.89365332
1631.89365332
1631.89365332
1631.89365332
1631.89365332
1631.89365332
1631.89365332
1631.89365332
1631.89365332
1631.89365332
1631.89365332
1631.89365332
1631.89365332
1631.89365332
1631.89365332
1631.89365332
1631.89365332
1631.89365332
1631.89365332
1631.89365332
1631.89365332
1631.89365332
1629.62347282
1629.62347282
1629.62347282
1629.62347282
1629.62347282
1629.62347282
1629.62347282
1629.62347282
1629.62347282
1629.62347282
1629.62347282
1629.62347282
1629.62347282
1629.62347282
1629.62347282
1629.62347282
1629.62347282
1629.62347282
1629.62347282
1629.62347282
1629.62347282
1629.62347282
1628.7410132
1628.7410132
1628.7410132
1628.7410132
1628.7410132
1628.7410132
1628.7410132
1628.7410132
1628.7410132
1628.7410132
1628.7410132
1628.7410132
1628.7410132
1628.7410132
1628.7410132
1628.7410132
1628.7410132
1628.7410132
1628.7410132
1628.7410132
1628.7410132
1628.7410132
1628.7410132
1628.7410132
1628.7410132
1628.7410132
1628.7410132
1628.7410132
1628.7410132
1628.7410132
1628.7410132
1628.7410132
1628.7410132
1628.7410132
1628.7410132
1628.7410132
1628.7410132
1628.7410132
1628.7410132
1628.7410132
1621.79159618
1621.79159618
1621.79159618
1621.79159618
1621.79159618
1621.79159618
1621.79159618
1621.79159618
1621.79159618
1621.79159618
1621.79159618
1621.79159618
1621.79159618
1621.79159618
1621.79159618
1621.79159618
1620.90913656
1620.90913656
1620.90913656
1620.90913656
1620.90913656
1620.90913656
1620.90913656
1620.90913656
1620.90913656
1620.90913656
1620.90913656
1620.90913656
1620.90913656
1620.90913656
1620.90913656
1620.90913656
1620.90913656
1620.90913656
1620.90913656
1620.90913656
1620.90913656
1620.90913656
1620.90913656
1620.90913656
1620.90913656
1620.90913656
1620.90913656
1620.90913656
1620.90913656
1620.90913656
1620.90913656
1620.90913656
1620.90913656
1620.90913656
1620.90913656
1620.90913656
1620.90913656
1620.90913656
1620.90913656
1620.90913656
1620.90913656
1620.90913656
1620.90913656
1620.90913656
1620.90913656
1620.90913656
1620.90913656
1620.90913656
1620.90913656
1620.90913656
1620.90913656
1620.90913656
1620.90913656
1620.90913656
1620.90913656
1620.90913656
1620.90913656
1620.90913656
1620.90913656
1620.90913656
1620.87128903
1620.87128903
1620.87128903
1620.87128903
1620.87128903
1620.87128903
1620.87128903
1620.87128903
1620.87128903
1620.87128903
1620.87128903
1620.87128903
1620.87128903
1620.87128903
1620.87128903
1620.87128903
1620.87128903
1620.87128903
1620.87128903
1620.87128903
1620.87128903
1620.87128903
1620.87128903
1620.87128903
1620.87128903
1620.87128903
1620.87128903
1620.87128903
1620.87128903
1620.87128903
1620.87128903
1620.87128903
1620.87128903
1620.87128903
1620.87128903
1620.87128903
1620.87128903
1620.87128903
1620.87128903
1620.87128903
1620.87128903
1620.87128903
1620.87128903
1620.87128903
1620.87128903
1620.87128903
1620.87128903
1620.87128903
1620.87128903
1620.87128903
1620.87128903
1620.87128903
1620.87128903
1620.87128903
1620.87128903
1620.87128903
1620.87128903
1620.87128903
1620.87128903
1620.87128903
1620.87128903
1620.87128903
1620.87128903
1620.87128903
1620.87128903
1620.87128903
1620.87128903
1620.87128903
1620.87128903
1620.87128903
1620.87128903
1620.87128903
1620.87128903
1620.87128903
1620.87128903
1620.87128903
1620.87128903
1620.87128903
1620.87128903
1620.87128903
1620.87128903
1620.87128903
1620.87128903
1620.87128903
1620.87128903
1620.87128903
1620.87128903
1620.87128903
1620.87128903
1620.87128903
1620.87128903
1620.87128903
1620.87128903
1620.87128903
1620.87128903
1620.87128903
1620.87128903
1620.87128903
1620.87128903
1620.87128903
1620.87128903
1620.87128903
1620.87128903
1620.87128903
1620.87128903
1620.87128903
1620.87128903
1620.87128903
1620.87128903
1620.87128903
1620.87128903
1620.87128903
1620.87128903
1620.87128903
1620.87128903
1620.87128903
1620.87128903
1620.87128903
1620.87128903
1620.87128903
1620.87128903
1620.87128903
1620.87128903
1620.87128903
1620.87128903
1620.87128903
1620.87128903
1620.87128903
1620.87128903
1620.87128903
1620.87128903
1620.87128903
1620.87128903
1620.87128903
1620.87128903
1620.87128903
1620.87128903
1620.87128903
1620.87128903
1620.87128903
1620.87128903
1620.87128903
1620.87128903
1620.87128903
1620.87128903
1620.87128903
1620.87128903
1620.87128903
1620.87128903
1620.87128903
1620.87128903
1620.87128903
1620.87128903
1620.87128903
1620.87128903
1620.87128903
1620.87128903
1620.87128903
1620.87128903
1620.87128903
1620.87128903
1620.87128903
1620.87128903
1620.87128903
1620.87128903
1620.87128903
1620.87128903
1620.87128903
1620.87128903
1620.87128903
1620.87128903
1620.87128903
1620.87128903
1620.87128903
1620.87128903
1620.87128903
1620.87128903
1620.87128903
1620.87128903
1620.87128903
1620.87128903
1620.87128903
1620.87128903
1620.87128903
1620.87128903
1620.87128903
1620.87128903
1620.87128903
1620.87128903
1620.87128903
1620.87128903
1620.87128903
1620.87128903
1620.87128903
1620.87128903
1620.87128903
1620.87128903
1620.87128903
1620.87128903
1620.87128903
1620.87128903
1620.87128903
1620.87128903
1620.87128903
1620.87128903
1620.87128903
1620.87128903
1620.87128903
1620.87128903
1620.87128903
1620.87128903
1620.87128903
1620.87128903
1620.87128903
1620.87128903
1620.87128903
1620.87128903
1620.87128903
1620.87128903
1620.87128903
1620.87128903
1620.87128903
1620.87128903
1620.87128903
1620.87128903
1620.87128903
1620.87128903
1620.87128903
1620.87128903
1620.87128903
1620.87128903
1620.87128903
1620.87128903
1620.87128903
1620.87128903
1620.87128903
1620.87128903
1620.87128903
1620.87128903
1620.87128903
1620.87128903
1620.87128903
1620.87128903
1620.87128903
1620.87128903
1620.87128903
1620.87128903
1620.87128903
1620.87128903
1620.87128903
1620.87128903
1620.87128903
1620.87128903
1620.87128903
1620.87128903
1620.87128903
1620.87128903
1620.87128903
1620.87128903
1620.87128903
1620.87128903
1620.87128903
1620.87128903
1620.87128903
1620.87128903
1620.87128903
1620.87128903
1620.87128903
1620.87128903
1620.87128903
1620.87128903
1620.87128903
1620.87128903
1620.87128903
1620.87128903
1620.87128903
1620.87128903
1620.87128903
1620.87128903
1620.87128903
1620.87128903
1620.87128903
1620.87128903
1620.87128903
1620.87128903
1620.87128903
1620.87128903
1620.87128903
1620.87128903
1620.87128903
1620.87128903
1620.87128903
1620.87128903
1620.87128903
1620.87128903
1620.87128903
1620.87128903
1620.87128903
1620.87128903
1620.87128903
1620.87128903
1620.87128903
1620.87128903
1620.87128903
1620.87128903
1620.87128903
1620.87128903
1620.87128903
1620.87128903
1620.87128903
1620.87128903
1620.87128903
1620.87128903
1620.87128903
1620.87128903
1620.87128903
1620.87128903
1620.87128903
1620.87128903
1620.87128903
1620.87128903
1620.87128903
1620.87128903
1620.87128903
1620.87128903
1620.87128903
1620.87128903
1620.87128903
1620.87128903
1620.87128903
1620.87128903
1620.87128903
1620.87128903
1620.87128903
1620.87128903
1620.87128903
1620.87128903
1620.87128903
1620.87128903
1620.87128903
1620.87128903
1620.87128903
1620.87128903
1620.87128903
1620.87128903
1620.87128903
1620.87128903
1620.87128903
1620.87128903
1620.87128903
1620.87128903
1620.87128903
1620.87128903
1620.87128903
1620.87128903
1620.87128903
1620.87128903
1620.87128903
1620.87128903
1620.87128903
1620.87128903
1620.87128903
1620.87128903
1620.87128903
1620.87128903
1620.87128903
1620.87128903
1620.87128903
1620.87128903
1620.87128903
1620.87128903
1620.87128903
1620.87128903
1620.87128903
1620.87128903
1620.87128903
1620.87128903
1620.87128903
1620.87128903
1620.87128903
1620.87128903
1620.87128903
1620.87128903
1620.87128903
1620.87128903
1620.87128903
1620.87128903
1620.87128903
1620.87128903
1620.87128903
1620.87128903
1620.87128903
1620.87128903
1620.87128903
1620.87128903
1620.87128903
1620.87128903
1620.87128903
1620.87128903
1620.87128903
1620.87128903
1620.87128903
1620.87128903
1620.87128903
1620.87128903
1620.87128903
1620.87128903
1620.87128903
1620.87128903
1620.87128903
1620.87128903
1620.87128903
1620.87128903
1620.87128903
1620.87128903
1620.87128903
1620.87128903
1620.87128903
1620.87128903
1620.87128903
1620.87128903
1620.87128903
1620.87128903
1620.87128903
1620.87128903
1620.87128903
1620.87128903
1620.87128903
1620.87128903
1620.87128903
1620.87128903
1620.87128903
1620.87128903
1620.87128903
1620.87128903
1620.87128903
1620.87128903
1620.87128903
1620.87128903
1620.87128903
1620.87128903
1620.87128903
1620.87128903
1620.87128903
1620.87128903
1620.87128903
1620.87128903
1620.87128903
1620.87128903
1620.87128903
1620.87128903
1620.87128903
1620.87128903
1620.87128903
1620.87128903
1620.87128903
1620.87128903
1620.87128903
1620.87128903
1620.87128903
1620.87128903
1620.87128903
1620.87128903
1620.87128903
1620.87128903
1620.87128903
1620.87128903
1620.87128903
1620.87128903
1620.87128903
1620.87128903
1620.87128903
1620.87128903
1620.87128903
1620.87128903
1620.87128903
1620.87128903
1620.87128903
1620.87128903
1620.87128903
1620.87128903
1620.87128903
1620.87128903
1620.87128903
1620.87128903
1620.87128903
1620.87128903
1620.87128903
1620.87128903
1620.87128903
1620.87128903
1620.87128903
1620.87128903
1620.87128903
1620.87128903
1620.87128903
1620.87128903
1620.87128903
1620.87128903
1620.87128903
1620.87128903
1620.87128903
1620.87128903
1620.87128903
1620.87128903
1620.87128903
1620.87128903
1620.87128903
1620.87128903
1620.87128903
1620.87128903
1620.87128903
1620.87128903
1620.87128903
1620.87128903
1620.87128903
1620.87128903
1620.87128903
1620.87128903
1620.87128903
1620.87128903
1620.87128903
1620.87128903
1620.87128903
1620.87128903
1620.87128903
1620.87128903
1620.87128903
1620.87128903
1620.87128903
1620.87128903
1620.87128903
1620.87128903
1620.87128903
1620.87128903
1620.87128903
1620.87128903
1620.87128903
1620.87128903
1620.87128903
1620.87128903
1620.87128903
1620.87128903
1620.87128903
1620.87128903
1620.87128903
1620.87128903
1620.87128903
1620.87128903
1620.87128903
1620.87128903
1620.87128903
1620.87128903
1620.87128903
1620.87128903
1620.87128903
1620.87128903
1620.87128903
1620.87128903
1620.87128903
1620.87128903
1620.87128903
1620.87128903
1620.87128903
1620.87128903
1620.87128903
1620.87128903
1620.87128903
1620.87128903
1620.87128903
1620.87128903
1620.87128903
1620.87128903
1620.87128903
1620.87128903
1620.87128903
1620.87128903
1620.87128903
1620.87128903
1620.87128903
1620.87128903
1620.87128903
1620.87128903
1620.87128903
1620.87128903
1620.87128903
1620.87128903
1620.87128903
1620.87128903
1620.87128903
1620.87128903
1620.87128903
1620.87128903
1620.87128903
1620.87128903
1620.87128903
1620.87128903
1620.87128903
1620.87128903
1620.87128903
1620.87128903
1620.87128903
1620.87128903
1620.87128903
1620.87128903
1620.87128903
1620.87128903
1620.87128903
