2164.8654910150003
2114.750668262
2073.700041066
2036.105600819
2031.205373399
2015.5708185079998
2005.7564300870004
1987.4654609640002
1975.2468602520003
1970.5604119020002
1963.470907375
1956.3290009790003
1954.2741218860003
1942.1756031880002
1934.9257226670002
1933.8714155790003
1925.260696216
1925.145957976
1919.423023344
1919.423023344
1919.423023344
1915.3588259359997
1913.0298131030002
1902.714640192
1895.0010799559998
1888.8918673059998
1878.4043274649998
1862.677853888
1852.5044998050003
1844.6248801640002
1844.6248801640002
1839.4718027960002
1839.4718027960002
1836.455118599
1831.6344327250001
1831.6344327250001
1828.653838202
1824.9952680239999
1824.9952680239999
1817.3917912439997
1814.7673354869996
1812.9271691829995
1811.5342432399998
1808.0703260349997
1803.464498089
1799.844770316
1799.788286079
1792.0778795850001
1790.852288277
1788.7942662500002
1788.549672445
1780.913687034
1776.7107744010002
1776.7107744010002
1775.446624984
1775.446624984
1773.8383604449998
1773.8383604449998
1773.8383604449998
1770.319201015
1770.319201015
1769.53314555
1769.509553257
1765.267312313
1765.267312313
1765.267312313
1765.267312313
1764.260824206
1764.260824206
1763.528426544
1763.372674009
1763.372674009
1761.501176122
1760.067972065
1760.067972065
1758.264077712
1757.8655759050002
1753.341146467
1750.52604335
1750.5024510560002
1750.5024510560002
1749.0707432949998
1747.211538181
1746.744589101
1745.6557222980002
1741.462667442
1739.6947185780002
1739.6947185780002
1739.6947185780002
1739.6947185780002
1739.6947185780002
1739.6947185780002
1739.4174897950002
1739.344814547
1737.8399817000002
1737.8399817000002
1737.8399817000002
1737.7458583410003
1737.7458583410003
1736.981765393
1736.696147605
1735.062942774
1735.062942774
1734.8078137740001
1734.249222025
1733.9119761620004
1733.9119761620004
1733.0154749380004
1732.9551258580002
1730.3236868340002
1730.3236868340002
1730.2542451140002
1730.2542451140002
1730.2542451140002
1730.1949181339999
1730.1949181339999
1730.1949181339999
1729.205621033
1729.205621033
1728.465625299
1728.465625299
1728.07858052
1727.654129361
1727.0505336320002
1727.0505336320002
1727.0505336320002
1726.8208308540002
1726.8208308540002
1726.8208308540002
1726.044150039
1725.62053598
1725.1124021709998
1723.0905600719998
1723.0905600719998
1723.0292220679999
1722.6868448269997
1722.679963758
1722.679963758
1719.6897105209998
1719.6897105209998
1715.2638550789998
1713.346631765
1713.346631765
1713.346631765
1713.346631765
1713.346631765
1713.346631765
1713.346631765
1713.346631765
1713.1866507219997
1713.1866507219997
1713.1159486669999
1713.1159486669999
1710.035210991
1708.6681311760003
1708.4598861050004
1707.8064203780002
1706.717201925
1706.401379595
1705.3110804659998
1705.3110804659998
1705.3110804659998
1704.3229952959998
1704.2596529099999
1702.809986012
1702.809986012
1701.7748793940002
1700.9031734970001
1699.2444716410002
1698.553577606
1698.553577606
1698.553577606
1696.366099887
1696.366099887
1696.366099887
1696.366099887
1696.366099887
1696.366099887
1696.366099887
1696.2491943730001
1696.2491943730001
1696.2491943730001
1695.214230644
1695.0993473910003
1694.9811203230001
1694.9811203230001
1694.9811203230001
1694.8928743610002
1694.8928743610002
1694.8928743610002
1694.8928743610002
1694.805796863
1694.805796863
1694.32476747
1694.32476747
1694.32476747
1694.32476747
1694.32476747
1694.32476747
1694.32476747
1694.32476747
1694.32476747
1694.32476747
1694.32476747
1694.32476747
1691.9435672719999
1691.9435672719999
1691.9435672719999
1691.257491191
1691.257491191
1690.975190702
1690.6186422859998
1690.6186422859998
1690.6186422859998
1690.6186422859998
1688.7363611750002
1687.8276542500003
1687.8276542500003
1687.8276542500003
1687.8276542500003
1687.8276542500003
1687.6758919750002
1687.5661584820002
1687.5661584820002
1687.5661584820002
1687.5661584820002
1687.5661584820002
1687.5661584820002
1687.5661584820002
1687.5661584820002
1687.5661584820002
1687.5661584820002
1687.5661584820002
1687.5661584820002
1687.5661584820002
1687.5661584820002
1687.5661584820002
1687.369593581
1687.369593581
1687.369593581
1687.369593581
1687.369593581
1687.03017449
1687.03017449
1687.03017449
1687.03017449
1687.03017449
1686.6947136620001
1686.6947136620001
1686.6947136620001
1686.6947136620001
1686.4700969150003
1686.4700969150003
1686.4700969150003
1686.2430788650004
1683.4953976260003
1682.7932263440002
1682.7932263440002
1682.7028166050004
1682.7028166050004
1682.7028166050004
1682.4250825170002
1681.939430702
1681.939430702
1681.9348643
1681.9348643
1681.9348643
1681.6535579310003
1681.5140735460002
1681.5140735460002
1680.9258028860004
1680.5539170670004
1680.4441835730001
1680.4441835730001
1678.7364985620002
1678.6649440970002
1678.37997279
1678.37997279
1678.37997279
1678.37997279
1678.37997279
1678.37997279
1678.37997279
1677.684899152
1677.684899152
1677.684899152
1677.5129849730001
1677.5129849730001
1677.428782496
1677.428782496
1677.428782496
1677.428782496
1677.428782496
1676.9843886449999
1676.9843886449999
1676.6431977500001
1676.6431977500001
1676.6431977500001
1675.8771739889999
1675.8771739889999
1675.8771739889999
1675.026533052
1675.0008523259999
1675.0008523259999
1675.0008523259999
1675.0008523259999
1675.0008523259999
1675.0008523259999
1675.0008523259999
1675.0008523259999
1675.0008523259999
1675.0008523259999
1675.0008523259999
1675.0008523259999
1674.251408637
1674.251408637
1673.556466935
1673.556466935
1673.556466935
1673.556466935
1673.556466935
1672.8244052410002
1672.8244052410002
1672.6646244039998
1672.6646244039998
1672.6646244039998
1672.6389436780003
1672.6389436780003
1672.6389436780003
1672.6389436780003
1672.6389436780003
1672.4414822580002
1672.353236296
1672.353236296
1672.353236296
1672.353236296
1671.473620064
1671.1687269540002
1671.1687269540002
1671.1687269540002
1670.645061945
1670.645061945
1670.645061945
1670.645061945
1670.645061945
1670.645061945
1670.645061945
1670.645061945
1670.645061945
1670.445061945
1670.445061945
1669.2798498910001
1669.2798498910001
1669.2798498910001
1669.2798498910001
1669.2798498910001
1669.2798498910001
1669.2798498910001
1669.2798498910001
1669.2798498910001
1669.2798498910001
1669.2798498910001
1669.2798498910001
1669.2798498910001
1668.905344045
1668.905344045
1668.905344045
1668.900777643
1668.900777643
1668.900777643
1668.900777643
1668.900777643
1668.900777643
1668.900777643
1668.900777643
1668.900777643
1668.900777643
1667.870286972
1667.870286972
1667.870286972
1667.870286972
1667.717960232
1667.717960232
1667.717960232
1667.717960232
1667.717960232
1667.247553526
1666.28127848
1666.28127848
1666.28127848
1666.28127848
1666.28127848
1666.2774937269999
1666.2774937269999
1666.2774937269999
1666.2774937269999
1666.2774937269999
1666.2774937269999
1666.2774937269999
1666.2774937269999
1666.2774937269999
1666.1251669869998
1666.1251669869998
1666.1251669869998
1666.1251669869998
1665.860228716
1665.860228716
1665.3312868770001
1665.024180096
1665.024180096
1665.024180096
1665.024180096
1665.024180096
1665.024180096
1665.024180096
1664.4337115629999
1664.4291451600002
1664.4291451600002
1664.4291451600002
1663.7034148179998
1663.7034148179998
1663.42210845
1663.111944522
1663.111944522
1663.111944522
1663.111944522
1663.111944522
1663.111944522
1663.111944522
1663.111944522
1663.111944522
1662.810421192
1662.810421192
1662.810421192
1662.810421192
1662.810421192
1662.3840530009998
1660.848773737
1660.711734167
1660.711734167
1660.711734167
1660.711734167
1660.711734167
1660.711734167
1659.6070423650003
1659.6070423650003
1659.6070423650003
1659.6070423650003
1659.6070423650003
1659.6070423650003
1659.6070423650003
1659.6070423650003
1659.6070423650003
1659.2999355830002
1659.2999355830002
1659.2999355830002
1659.2999355830002
1659.2999355830002
1659.2999355830002
1659.2408724929999
1659.2408724929999
1659.2408724929999
1659.2408724929999
1658.32330139
1657.8694513189998
1657.8694513189998
1657.8694513189998
1657.8694513189998
1657.8694513189998
1657.8694513189998
1657.8694513189998
1657.8694513189998
1657.8694513189998
1657.8694513189998
1657.8694513189998
1657.8694513189998
1657.864884917
1657.864884917
1657.864884917
1657.6892552220002
1657.6892552220002
1657.6846888200002
1657.6846888200002
1657.6846888200002
1657.6846888200002
1657.0389391479998
1657.0389391479998
1657.0389391479998
1657.0389391479998
1657.0389391479998
1657.0389391479998
1657.0389391479998
1657.0389391479998
1657.0389391479998
1657.0389391479998
1657.0389391479998
1657.0389391479998
1657.0389391479998
1657.0389391479998
1657.0389391479998
1657.0389391479998
1657.0389391479998
1657.0389391479998
1657.0389391479998
1657.0389391479998
1657.0389391479998
1657.0389391479998
1657.0389391479998
1657.0389391479998
1657.0389391479998
1657.0389391479998
1657.0389391479998
1657.0389391479998
1657.0389391479998
1657.0389391479998
1657.0389391479998
1657.0389391479998
1657.0389391479998
1657.0389391479998
1657.0389391479998
1657.0389391479998
1657.0389391479998
1657.0389391479998
1657.0389391479998
1657.0389391479998
1657.0389391479998
1657.0389391479998
1657.0389391479998
1657.0389391479998
1657.0389391479998
1657.0389391479998
1657.0389391479998
1657.0389391479998
1657.0389391479998
1657.0389391479998
1657.0389391479998
1657.0389391479998
1657.0389391479998
1657.0389391479998
1657.0389391479998
1657.0389391479998
1657.0389391479998
1657.0389391479998
1657.0389391479998
1657.0389391479998
1657.0389391479998
1657.0389391479998
1657.0389391479998
1657.0389391479998
1657.0389391479998
1657.0389391479998
1657.0389391479998
1657.0389391479998
1657.0389391479998
1657.0389391479998
1657.0389391479998
1657.0389391479998
1657.0389391479998
1657.0389391479998
1657.0389391479998
1657.0389391479998
1657.0389391479998
1657.0389391479998
1657.0389391479998
1657.0389391479998
1657.0389391479998
1657.0389391479998
1657.0389391479998
1657.0389391479998
1657.0389391479998
1657.0389391479998
1657.0389391479998
1657.0389391479998
1657.0389391479998
1657.0389391479998
1657.0389391479998
1657.0389391479998
1657.0389391479998
1655.9419541430002
1655.9419541430002
1655.9419541430002
1655.9419541430002
1655.9419541430002
1655.9419541430002
1655.9419541430002
1655.9419541430002
1655.9419541430002
1655.9419541430002
1655.9419541430002
1655.9419541430002
1655.9419541430002
1655.9419541430002
1655.9419541430002
1655.9419541430002
1655.9419541430002
1655.9419541430002
1655.9419541430002
1655.9419541430002
1655.9419541430002
1655.9419541430002
1655.9419541430002
1655.9419541430002
1655.9419541430002
1655.9419541430002
1655.9419541430002
1655.9419541430002
1655.9419541430002
1655.9419541430002
1655.9419541430002
1655.9419541430002
1655.9419541430002
1655.9419541430002
1655.9419541430002
1655.9419541430002
1655.9419541430002
1655.9419541430002
1655.9419541430002
1655.9419541430002
1655.9419541430002
1655.9419541430002
1655.9419541430002
1655.9419541430002
1655.9419541430002
1655.9419541430002
1655.9419541430002
1655.9419541430002
1655.9419541430002
1655.9419541430002
1655.9419541430002
1655.9419541430002
1655.9419541430002
1655.9419541430002
1655.9419541430002
1655.9419541430002
1655.9419541430002
1655.9419541430002
1655.9419541430002
1655.9419541430002
1655.9419541430002
1655.9419541430002
1655.9419541430002
1655.9419541430002
1655.9419541430002
1655.9419541430002
1655.9419541430002
1655.9419541430002
1655.9419541430002
1655.9419541430002
1655.9419541430002
1655.9419541430002
1655.9419541430002
1655.9419541430002
1655.9419541430002
1655.9419541430002
1655.9419541430002
1655.9419541430002
1655.9419541430002
1655.9419541430002
1655.9419541430002
1655.9419541430002
1655.9419541430002
1655.9419541430002
1655.9419541430002
1655.9419541430002
1655.9419541430002
1655.9419541430002
1655.9419541430002
1655.9419541430002
1655.9419541430002
1655.9419541430002
1655.9419541430002
1655.9419541430002
1655.9419541430002
1655.9419541430002
1655.9419541430002
1655.9419541430002
1655.9419541430002
1655.9419541430002
1655.9419541430002
1655.9419541430002
1655.9419541430002
1655.9419541430002
1655.9419541430002
1655.9419541430002
1655.9419541430002
1655.9419541430002
1655.9419541430002
1655.9419541430002
1655.9419541430002
1655.9419541430002
1655.9419541430002
1655.9419541430002
1655.9419541430002
1655.9419541430002
1655.9419541430002
1655.9419541430002
1655.9419541430002
1655.9419541430002
1655.9419541430002
1655.9419541430002
1655.9419541430002
1655.9419541430002
1655.9419541430002
1655.9419541430002
1655.9419541430002
1655.9419541430002
1655.9419541430002
1655.9419541430002
1655.9419541430002
1655.9419541430002
1655.9419541430002
1655.9419541430002
1655.9419541430002
1655.9419541430002
1655.9419541430002
1655.9419541430002
1655.9419541430002
1655.9419541430002
1655.9419541430002
1655.9419541430002
1655.9419541430002
1655.9419541430002
1655.9419541430002
1655.9419541430002
1655.9419541430002
1655.9419541430002
1655.9419541430002
1655.9419541430002
1655.9419541430002
1655.9419541430002
1655.9419541430002
1655.9419541430002
1655.9419541430002
1655.9419541430002
1655.9419541430002
1655.9419541430002
1655.9419541430002
1655.9419541430002
1655.9419541430002
1655.9419541430002
1655.9419541430002
1655.9419541430002
1655.9419541430002
1655.9419541430002
1655.9419541430002
1655.9419541430002
1655.9419541430002
1655.9419541430002
1655.9419541430002
1655.9419541430002
1655.9419541430002
1655.9419541430002
1655.9419541430002
1655.9419541430002
1655.9419541430002
1655.9419541430002
1655.9419541430002
1655.9419541430002
1655.9419541430002
1655.9419541430002
1655.9419541430002
1655.9419541430002
1655.9419541430002
1655.9419541430002
1655.9419541430002
1655.9419541430002
1655.9419541430002
1655.9419541430002
1655.9419541430002
1655.9419541430002
1655.9419541430002
1655.9419541430002
1655.9419541430002
1655.9419541430002
1655.9419541430002
1655.9419541430002
1655.9419541430002
1655.9419541430002
1655.9419541430002
1655.9419541430002
1655.9419541430002
1655.9419541430002
1655.9419541430002
1655.9419541430002
1655.9419541430002
1655.9419541430002
1655.9419541430002
1655.9419541430002
1655.9419541430002
1655.9419541430002
1655.9419541430002
1655.9419541430002
1655.9419541430002
1655.9419541430002
1655.9419541430002
1655.9419541430002
1655.9419541430002
1655.9419541430002
1655.9419541430002
1655.9419541430002
1655.9419541430002
1655.9419541430002
1655.9419541430002
1655.9419541430002
1655.9419541430002
1655.9419541430002
1655.9419541430002
1655.9419541430002
1655.9419541430002
1655.9419541430002
1655.9419541430002
1655.9419541430002
1655.9419541430002
1655.9419541430002
1655.9419541430002
1655.9419541430002
1655.9419541430002
1655.9419541430002
1655.9419541430002
1655.9419541430002
1655.9419541430002
1655.9419541430002
1655.9419541430002
1655.9419541430002
1655.9419541430002
1655.9419541430002
1655.9419541430002
1655.9419541430002
1655.9419541430002
1655.9419541430002
1655.9419541430002
1655.9419541430002
1655.9419541430002
1655.9419541430002
1655.9419541430002
1655.9419541430002
1655.9419541430002
1655.9419541430002
1655.9419541430002
1655.9419541430002
1655.9419541430002
1655.9419541430002
1655.9419541430002
1655.9419541430002
1655.9419541430002
1655.9419541430002
1655.9419541430002
1655.9419541430002
1655.9419541430002
1655.9419541430002
1655.9419541430002
1655.9419541430002
1655.9419541430002
1655.9419541430002
1655.9419541430002
1655.9419541430002
1655.9419541430002
1655.9419541430002
1655.9419541430002
1655.9419541430002
1655.9419541430002
1655.9419541430002
1655.9419541430002
1655.9419541430002
1655.9419541430002
1655.9419541430002
1655.9419541430002
1655.9419541430002
1655.9419541430002
1655.9419541430002
1655.9419541430002
1655.9419541430002
1655.9419541430002
1655.9419541430002
1655.9419541430002
1655.9419541430002
1655.9419541430002
1655.9419541430002
1655.9419541430002
1655.9419541430002
1655.9419541430002
1655.9419541430002
1655.9419541430002
1655.9419541430002
1655.9419541430002
1655.9419541430002
1655.9419541430002
1655.9419541430002
1655.9419541430002
1655.9419541430002
1655.9419541430002
1655.9419541430002
1655.9419541430002
1655.9419541430002
1655.9419541430002
1655.9419541430002
1655.9419541430002
1655.9419541430002
1655.9419541430002
1655.9419541430002
1655.9419541430002
1655.9419541430002
1655.9419541430002
1655.9419541430002
1655.9419541430002
1655.9419541430002
1655.9419541430002
1655.9419541430002
1655.9419541430002
1655.9419541430002
1655.9419541430002
1655.9419541430002
1655.9419541430002
1655.9419541430002
1655.9419541430002
1655.9419541430002
1655.9419541430002
1655.9419541430002
1655.9419541430002
1655.9419541430002
1655.9419541430002
1655.9419541430002
1655.9419541430002
1655.9419541430002
1655.9419541430002
1655.9419541430002
1655.9419541430002
1655.9419541430002
1655.9419541430002
1655.9419541430002
1655.9419541430002
1655.9419541430002
1655.9419541430002
1655.9419541430002
1655.9419541430002
1655.9419541430002
1655.9419541430002
1655.9419541430002
1655.9419541430002
1655.9419541430002
1655.9419541430002
1655.9419541430002
1655.9419541430002
1655.9419541430002
1655.9419541430002
1655.9419541430002
1655.9419541430002
1655.9419541430002
1655.9419541430002
1655.9419541430002
1655.9419541430002
1655.9419541430002
1655.9419541430002
1655.9419541430002
1655.9419541430002
1655.9419541430002
1655.9419541430002
1655.9419541430002
1655.9419541430002
1655.9419541430002
1655.9419541430002
1655.9419541430002
1655.9419541430002
1655.9419541430002
1655.9419541430002
1655.9419541430002
1655.9419541430002
1655.9419541430002
1655.9419541430002
1655.9419541430002
1655.9419541430002
1655.9419541430002
1655.9419541430002
1655.9419541430002
1655.9419541430002
1655.9419541430002
1655.9419541430002
1655.9419541430002
1655.9419541430002
1655.9419541430002
1655.9419541430002
1655.9419541430002
1655.9419541430002
1655.9419541430002
1655.9419541430002
1655.9419541430002
1655.9419541430002
1655.9419541430002
1655.9419541430002
1655.9419541430002
1655.9419541430002
1655.9419541430002
1655.9419541430002
1655.9419541430002
1655.9419541430002
1655.9419541430002
1655.9419541430002
1655.9419541430002
1655.9419541430002
1655.9419541430002
