2171.73762167
2158.30665526
2046.40684645
1911.62535199
1911.62535199
1911.62535199
1911.62535199
1911.62535199
1911.62535199
1911.62535199
1911.62535199
1911.62535199
1911.62535199
1911.62535199
1911.62535199
1911.62535199
1911.62535199
1911.62535199
1911.62535199
1911.62535199
1911.62535199
1911.62535199
1911.62535199
1911.62535199
1911.62535199
1911.62535199
1892.5958887
1892.5958887
1845.32196273
1845.32196273
1845.32196273
1845.32196273
1845.32196273
1845.32196273
1845.32196273
1845.32196273
1845.32196273
1845.32196273
1845.32196273
1845.32196273
1839.27222088
1839.27222088
1839.27222088
1839.27222088
1839.27222088
1839.27222088
1839.27222088
1839.27222088
1839.27222088
1839.27222088
1839.27222088
1839.27222088
1839.27222088
1839.27222088
1839.27222088
1839.27222088
1839.27222088
1839.27222088
1839.27222088
1839.27222088
1839.27222088
1839.27222088
1839.27222088
1839.27222088
1839.27222088
1839.27222088
1839.27222088
1839.27222088
1839.27222088
1839.27222088
1839.27222088
1839.27222088
1839.27222088
1839.27222088
1839.27222088
1839.27222088
1839.27222088
1839.27222088
1839.27222088
1839.27222088
1839.27222088
1839.27222088
1839.27222088
1839.27222088
1839.27222088
1839.27222088
1839.27222088
1839.27222088
1839.27222088
1839.27222088
1839.27222088
1839.27222088
1839.27222088
1839.27222088
1839.27222088
1839.27222088
1839.27222088
1839.27222088
1839.27222088
1839.27222088
1839.27222088
1832.15183298
1832.15183298
1832.15183298
1832.15183298
1832.15183298
1832.15183298
1824.28415568
1824.28415568
1824.28415568
1824.28415568
1824.28415568
1824.28415568
1824.28415568
1824.28415568
1824.28415568
1824.28415568
1824.28415568
1824.28415568
1824.28415568
1824.28415568
1824.28415568
1824.28415568
1824.28415568
1824.28415568
1824.28415568
1824.28415568
1824.28415568
1824.28415568
1824.28415568
1820.79453916
1820.79453916
1810.22650367
1810.22650367
1810.22650367
1808.42701158
1808.42701158
1808.42701158
1808.42701158
1808.42701158
1808.42701158
1808.42701158
1808.42701158
1808.42701158
1808.42701158
1808.42701158
1808.42701158
1808.42701158
1808.42701158
1808.42701158
1808.42701158
1808.42701158
1808.42701158
1808.42701158
1808.42701158
1808.42701158
1808.42701158
1807.88446434
1807.88446434
1807.88446434
1807.88446434
1807.88446434
1807.88446434
1807.88446434
1797.85897609
1797.85897609
1797.85897609
1797.85897609
1791.91233789
1785.00339754
1785.00339754
1785.00339754
1785.00339754
1785.00339754
1785.00339754
1785.00339754
1785.00339754
1785.00339754
1785.00339754
1785.00339754
1785.00339754
1785.00339754
1785.00339754
1785.00339754
1785.00339754
1785.00339754
1785.00339754
1785.00339754
1785.00339754
1785.00339754
1785.00339754
1785.00339754
1785.00339754
1785.00339754
1785.00339754
1785.00339754
1785.00339754
1785.00339754
1785.00339754
1785.00339754
1785.00339754
1785.00339754
1785.00339754
1785.00339754
1785.00339754
1785.00339754
1785.00339754
1785.00339754
1785.00339754
1785.00339754
1785.00339754
1785.00339754
1785.00339754
1785.00339754
1785.00339754
1785.00339754
1785.00339754
1785.00339754
1785.00339754
1785.00339754
1785.00339754
1785.00339754
1785.00339754
1785.00339754
1785.00339754
1785.00339754
1785.00339754
1785.00339754
1785.00339754
1785.00339754
1785.00339754
1785.00339754
1785.00339754
1785.00339754
1785.00339754
1785.00339754
1785.00339754
1785.00339754
1785.00339754
1785.00339754
1785.00339754
1785.00339754
1785.00339754
1785.00339754
1785.00339754
1785.00339754
1785.00339754
1785.00339754
1785.00339754
1785.00339754
1785.00339754
1785.00339754
1785.00339754
1785.00339754
1785.00339754
1757.52658515
1757.52658515
1757.52658515
1756.62248776
1756.62248776
1756.62248776
1756.62248776
1751.76596961
1751.76596961
1751.76596961
1751.76596961
1751.76596961
1751.76596961
1751.76596961
1751.76596961
1751.76596961
1751.76596961
1751.76596961
1751.76596961
1734.6891195
1734.6891195
1734.6891195
1734.6891195
1734.6891195
1734.6891195
1734.6891195
1734.6891195
1734.6891195
1727.73838312
1727.73838312
1727.73838312
1727.73838312
1727.73838312
1726.89635835
1726.89635835
1726.89635835
1726.89635835
1726.89635835
1726.89635835
1726.89635835
1726.89635835
1726.89635835
1726.89635835
1726.89635835
1726.89635835
1726.89635835
1726.89635835
1726.89635835
1726.89635835
1726.89635835
1726.89635835
1726.89635835
1726.89635835
1726.89635835
1726.89635835
1726.89635835
1726.89635835
1726.89635835
1726.89635835
1726.89635835
1726.89635835
1726.89635835
1726.89635835
1726.89635835
1726.89635835
1726.89635835
1726.89635835
1726.89635835
1726.89635835
1726.89635835
1726.89635835
1726.89635835
1726.89635835
1726.89635835
1726.89635835
1726.89635835
1726.89635835
1726.89635835
1726.89635835
1726.89635835
1726.89635835
1726.89635835
1726.89635835
1726.89635835
1726.89635835
1726.89635835
1726.89635835
1726.89635835
1726.89635835
1726.89635835
1726.89635835
1726.89635835
1726.89635835
1726.89635835
1724.89635835
1724.89635835
1713.24423781
1713.24423781
1713.24423781
1713.24423781
1713.24423781
1713.24423781
1713.24423781
1713.24423781
1713.24423781
1713.24423781
1713.24423781
1713.24423781
1713.24423781
1713.24423781
1713.24423781
1713.24423781
1713.24423781
1713.24423781
1713.24423781
1713.24423781
1713.24423781
1713.24423781
1713.24423781
1713.24423781
1713.24423781
1713.24423781
1713.24423781
1713.24423781
1713.24423781
1713.24423781
1713.24423781
1713.24423781
1713.24423781
1713.24423781
1713.24423781
1710.62522903
1707.96153102
1707.96153102
1707.96153102
1707.96153102
1707.96153102
1707.96153102
1707.96153102
1707.96153102
1707.96153102
1707.96153102
1707.96153102
1707.96153102
1707.96153102
1707.96153102
1707.96153102
1707.96153102
1707.96153102
1707.96153102
1707.96153102
1707.96153102
1707.96153102
1707.96153102
1707.96153102
1707.96153102
1707.96153102
1707.96153102
1707.96153102
1707.96153102
1707.96153102
1707.96153102
1707.96153102
1707.96153102
1707.96153102
1707.96153102
1707.96153102
1707.96153102
1707.96153102
1707.96153102
1707.96153102
1707.96153102
1707.96153102
1707.96153102
1707.96153102
1707.96153102
1707.96153102
1707.96153102
1707.96153102
1707.96153102
1707.96153102
1707.96153102
1695.67980619
1694.30941049
1694.30941049
1694.30941049
1694.30941049
1694.30941049
1694.30941049
1694.30941049
1694.30941049
1694.30941049
1694.30941049
1694.30941049
1694.30941049
1694.30941049
1694.30941049
1694.30941049
1694.30941049
1694.30941049
1694.30941049
1694.30941049
1694.30941049
1694.30941049
1694.30941049
1694.30941049
1694.30941049
1694.30941049
1694.30941049
1694.30941049
1694.30941049
1694.30941049
1694.30941049
1694.30941049
1694.30941049
1694.30941049
1694.30941049
1694.30941049
1694.30941049
1694.30941049
1694.30941049
1694.30941049
1694.30941049
1694.30941049
1694.30941049
1694.30941049
1694.30941049
1694.30941049
1694.30941049
1694.30941049
1694.30941049
1694.30941049
1694.30941049
1694.30941049
1694.30941049
1694.30941049
1694.30941049
1694.30941049
1694.30941049
1694.30941049
1694.30941049
1694.30941049
1694.30941049
1694.30941049
1694.30941049
1694.30941049
1694.30941049
1694.30941049
1694.30941049
1694.30941049
1694.30941049
1694.30941049
1694.30941049
1694.30941049
1694.30941049
1694.30941049
1694.30941049
1694.30941049
1694.30941049
1694.30941049
1694.30941049
1694.30941049
1694.30941049
1694.30941049
1694.30941049
1694.30941049
1694.30941049
1694.30941049
1694.30941049
1694.30941049
1694.30941049
1694.30941049
1694.30941049
1694.30941049
1694.30941049
1694.30941049
1694.30941049
1694.30941049
1694.30941049
1694.30941049
1694.30941049
1694.30941049
1694.30941049
1694.30941049
1694.30941049
1694.30941049
1694.30941049
1694.30941049
1694.30941049
1694.30941049
1694.30941049
1694.30941049
1694.30941049
1694.30941049
1694.30941049
1694.30941049
1694.30941049
1694.30941049
1694.30941049
1694.30941049
1694.30941049
1694.30941049
1694.30941049
1694.30941049
1694.30941049
1694.30941049
1694.30941049
1694.30941049
1694.30941049
1694.30941049
1694.30941049
1694.30941049
1694.30941049
1694.30941049
1694.30941049
1694.30941049
1694.30941049
1694.30941049
1694.30941049
1694.30941049
1694.30941049
1694.30941049
1694.30941049
1694.30941049
1694.30941049
1694.30941049
1694.30941049
1694.30941049
1694.30941049
1694.30941049
1694.30941049
1694.30941049
1694.30941049
1694.30941049
1694.30941049
1694.30941049
1694.30941049
1694.30941049
1694.30941049
1694.30941049
1694.30941049
1694.30941049
1694.30941049
1694.30941049
1694.30941049
1694.30941049
1694.30941049
1694.30941049
1694.30941049
1694.30941049
1694.30941049
1694.30941049
1694.30941049
1694.30941049
1694.30941049
1694.30941049
1694.30941049
1694.30941049
1694.30941049
1694.30941049
1694.30941049
1694.30941049
1694.30941049
1694.30941049
1694.30941049
1694.30941049
1694.30941049
1694.30941049
1694.30941049
1694.30941049
1694.30941049
1694.30941049
1694.30941049
1694.30941049
1694.30941049
1694.30941049
1694.30941049
1694.30941049
1694.30941049
1694.30941049
1694.30941049
1694.30941049
1694.30941049
1694.30941049
1694.30941049
1694.30941049
1694.30941049
1694.30941049
1694.30941049
1694.30941049
1694.30941049
1694.30941049
1694.30941049
1694.30941049
1694.30941049
1694.30941049
1694.30941049
1694.30941049
1694.30941049
1694.30941049
1694.30941049
1694.30941049
1694.30941049
1694.30941049
1694.30941049
1694.30941049
1694.30941049
1694.30941049
1694.30941049
1694.30941049
1694.30941049
1694.30941049
1694.30941049
1694.30941049
1694.30941049
1694.30941049
1694.30941049
1694.30941049
1694.30941049
1694.30941049
1694.30941049
1694.30941049
1694.30941049
1694.30941049
1694.30941049
1694.30941049
1694.30941049
1694.30941049
1694.30941049
1694.30941049
1694.30941049
1694.30941049
1694.30941049
1694.30941049
1694.30941049
1694.30941049
1694.30941049
1694.30941049
1694.30941049
1694.30941049
1694.30941049
1694.30941049
1694.30941049
1694.30941049
1694.30941049
1694.30941049
1694.30941049
1694.30941049
1694.30941049
1694.30941049
1694.30941049
1694.30941049
1694.30941049
1694.30941049
1694.30941049
1694.30941049
1694.30941049
1694.30941049
1694.30941049
1694.30941049
1694.30941049
1694.30941049
1694.30941049
1694.30941049
1694.30941049
1694.30941049
1694.30941049
1694.30941049
1694.30941049
1694.30941049
1694.30941049
1694.30941049
1694.30941049
1694.30941049
1694.30941049
1694.30941049
1694.30941049
1694.30941049
1694.30941049
1694.30941049
1694.30941049
1694.30941049
1694.30941049
1694.30941049
1694.30941049
1694.30941049
1694.30941049
1694.30941049
1694.30941049
1694.30941049
1694.30941049
1694.30941049
1694.30941049
1694.30941049
1694.30941049
1694.30941049
1694.30941049
1694.30941049
1694.30941049
1694.30941049
1694.30941049
1694.30941049
1694.30941049
1694.30941049
1694.30941049
1694.30941049
1694.30941049
1694.30941049
1694.30941049
1694.30941049
1694.30941049
1694.30941049
1694.30941049
1694.30941049
1694.30941049
1694.30941049
1694.30941049
1694.30941049
1694.30941049
1694.30941049
1694.30941049
1694.30941049
1694.30941049
1694.30941049
1694.30941049
1694.30941049
1694.30941049
1694.30941049
1694.30941049
1694.30941049
1694.30941049
1694.30941049
1694.30941049
1694.30941049
1694.30941049
1694.30941049
1694.30941049
1694.30941049
1694.30941049
1694.30941049
1694.30941049
1694.30941049
1694.30941049
1694.30941049
1694.30941049
1694.30941049
1694.30941049
1694.30941049
1694.30941049
1694.30941049
1694.30941049
1694.30941049
1694.30941049
1694.30941049
1694.30941049
1694.30941049
1694.30941049
1694.30941049
1694.30941049
1694.30941049
1694.30941049
1694.30941049
1694.30941049
1694.30941049
1694.30941049
1694.30941049
1694.30941049
1694.30941049
1694.30941049
1694.30941049
1694.30941049
1694.30941049
1694.30941049
1694.30941049
1694.30941049
1694.30941049
1694.30941049
1694.30941049
1694.30941049
1694.30941049
1694.30941049
1694.30941049
1694.30941049
1694.30941049
1694.30941049
1694.30941049
1694.30941049
1694.30941049
1694.30941049
1694.30941049
1694.30941049
1694.30941049
1694.30941049
1694.30941049
1694.30941049
1694.30941049
1694.30941049
1694.30941049
1694.30941049
1694.30941049
1694.30941049
1694.30941049
1694.30941049
1694.30941049
1694.30941049
1694.30941049
1694.30941049
1694.30941049
1694.30941049
1694.30941049
1694.30941049
1694.30941049
1694.30941049
1694.30941049
1694.30941049
1694.30941049
1694.30941049
1694.30941049
1694.30941049
1694.30941049
1694.30941049
1694.30941049
1694.30941049
1694.30941049
1694.30941049
1694.30941049
1694.30941049
1694.30941049
1694.30941049
1694.30941049
1694.30941049
1694.30941049
1694.30941049
1694.30941049
1694.30941049
1694.30941049
1694.30941049
1694.30941049
1694.30941049
1694.30941049
1694.30941049
1694.30941049
1694.30941049
1694.30941049
1694.30941049
1694.30941049
1694.30941049
1694.30941049
1694.30941049
1694.30941049
1694.30941049
1694.30941049
1694.30941049
1694.30941049
1694.30941049
1694.30941049
1694.30941049
1694.30941049
1694.30941049
1694.30941049
1694.30941049
1694.30941049
1694.30941049
1694.30941049
1694.30941049
1694.30941049
1694.30941049
1694.30941049
1694.30941049
1694.30941049
1694.30941049
1694.30941049
1694.30941049
1694.30941049
1694.30941049
1694.30941049
1694.30941049
1694.30941049
1694.30941049
1694.30941049
1694.30941049
1694.30941049
1694.30941049
1694.30941049
1694.30941049
1694.30941049
1694.30941049
1694.30941049
1694.30941049
1694.30941049
1694.30941049
1694.30941049
1694.30941049
1694.30941049
1694.30941049
1694.30941049
1694.30941049
1694.30941049
1694.30941049
1694.30941049
1694.30941049
1694.30941049
1694.30941049
1694.30941049
1694.30941049
1694.30941049
1694.30941049
1694.30941049
1694.30941049
1694.30941049
1694.30941049
1694.30941049
1694.30941049
1694.30941049
1694.30941049
1694.30941049
1694.30941049
1694.30941049
1694.30941049
1694.30941049
1694.30941049
1694.30941049
1694.30941049
1694.30941049
1694.30941049
1694.30941049
1694.30941049
1694.30941049
1694.30941049
1694.30941049
1694.30941049
1694.30941049
1694.30941049
1694.30941049
1694.30941049
1694.30941049
1694.30941049
1694.30941049
1694.30941049
1694.30941049
1694.30941049
1694.30941049
1694.30941049
1694.30941049
1694.30941049
