2134.96360908
2134.96360908
2119.09286515
2099.88013262
2099.88013262
2065.22697741
2046.9597428
1964.22582894
1964.22582894
1964.22582894
1924.49766213
1890.45124832
1890.45124832
1890.45124832
1890.45124832
1890.45124832
1890.45124832
1890.45124832
1890.45124832
1890.45124832
1890.45124832
1871.59553203
1871.59553203
1838.29303756
1833.70741181
1833.70741181
1833.70741181
1717.4243122
1717.4243122
1717.4243122
1717.4243122
1717.4243122
1717.4243122
1717.4243122
1717.4243122
1717.4243122
1717.4243122
1717.4243122
1717.4243122
1693.45513887
1693.45513887
1693.45513887
1693.45513887
1693.45513887
1693.45513887
1668.77576069
1668.77576069
1668.77576069
1668.77576069
1668.77576069
1668.77576069
1668.77576069
1667.42532406
1667.42532406
1667.42532406
1667.42532406
1667.42532406
1667.42532406
1667.42532406
1667.42532406
1667.42532406
1667.42532406
1667.42532406
1667.42532406
1667.42532406
1667.42532406
1667.42532406
1657.36044299
1657.36044299
1650.03646637
1650.03646637
1650.03646637
1645.23585238
1645.23585238
1645.23585238
1645.23585238
1645.23585238
1645.23585238
1645.23585238
1645.23585238
1645.23585238
1645.23585238
1645.23585238
1645.23585238
1645.23585238
1645.23585238
1645.23585238
1645.23585238
1645.23585238
1645.23585238
1645.23585238
1645.23585238
1645.23585238
1645.23585238
1645.23585238
1645.23585238
1645.23585238
1645.23585238
1645.23585238
1645.23585238
1645.23585238
1645.23585238
1645.23585238
1645.23585238
1639.64993489
1639.64993489
1639.64993489
1639.64993489
1639.64993489
1639.64993489
1639.64993489
1639.64993489
1639.64993489
1639.64993489
1639.64993489
1639.64993489
1639.64993489
1639.64993489
1639.64993489
1639.64993489
1639.64993489
1639.64993489
1639.64993489
1639.64993489
1639.64993489
1639.64993489
1639.64993489
1639.64993489
1639.64993489
1639.64993489
1639.64993489
1639.64993489
1639.64993489
1639.64993489
1639.64993489
1639.64993489
1639.64993489
1639.64993489
1639.64993489
1639.64993489
1639.64993489
1639.64993489
1639.64993489
1639.64993489
1639.64993489
1639.64993489
1639.64993489
1639.64993489
1639.64993489
1639.64993489
1639.64993489
1639.64993489
1639.64993489
1639.64993489
1639.64993489
1639.64993489
1639.64993489
1639.64993489
1639.64993489
1628.7469436
1628.7469436
1628.7469436
1628.7469436
1628.11351974
1628.11351974
1628.11351974
1625.86735227
1625.86735227
1618.85810347
1618.85810347
1618.85810347
1618.85810347
1596.98332628
1596.98332628
1596.98332628
1596.98332628
1596.98332628
1596.98332628
1596.98332628
1596.98332628
1596.98332628
1596.98332628
1596.98332628
1595.83449375
1594.65222307
1594.65222307
1594.65222307
1594.65222307
1594.65222307
1594.65222307
1594.65222307
1593.78144809
1593.78144809
1591.78421785
1591.78421785
1591.78421785
1591.78421785
1591.78421785
1591.78421785
1591.78421785
1591.78421785
1591.78421785
1591.78421785
1591.78421785
1591.78421785
1591.78421785
1591.78421785
1591.78421785
1591.78421785
1591.78421785
1591.78421785
1591.78421785
1591.78421785
1591.78421785
1591.78421785
1591.78421785
1591.78421785
1591.78421785
1591.78421785
1591.78421785
1591.78421785
1591.78421785
1591.78421785
1591.78421785
1591.78421785
1591.78421785
1591.78421785
1591.78421785
1591.78421785
1591.78421785
1591.78421785
1591.78421785
1591.78421785
1591.78421785
1591.78421785
1591.78421785
1591.78421785
1591.78421785
1591.78421785
1591.78421785
1591.78421785
1591.78421785
1591.78421785
1591.78421785
1591.78421785
1591.78421785
1591.78421785
1591.78421785
1591.78421785
1591.78421785
1591.78421785
1591.78421785
1591.78421785
1591.78421785
1591.78421785
1591.78421785
1591.78421785
1591.78421785
1591.78421785
1591.78421785
1591.78421785
1591.78421785
1591.78421785
1591.78421785
1591.78421785
1591.78421785
1591.78421785
1591.78421785
1591.78421785
1591.78421785
1591.78421785
1591.78421785
1591.78421785
1591.78421785
1591.78421785
1591.78421785
1591.78421785
1591.78421785
1591.78421785
1591.78421785
1591.78421785
1591.78421785
1591.78421785
1591.78421785
1591.78421785
1591.78421785
1591.78421785
1591.78421785
1591.78421785
1591.78421785
1591.78421785
1591.78421785
1591.78421785
1591.78421785
1591.78421785
1591.78421785
1591.78421785
1591.78421785
1591.78421785
1591.78421785
1591.78421785
1591.78421785
1591.78421785
1591.78421785
1591.78421785
1591.78421785
1591.78421785
1591.78421785
1591.78421785
1591.78421785
1591.78421785
1591.78421785
1591.78421785
1591.78421785
1584.28978096
1584.28978096
1584.28978096
1584.28978096
1584.28978096
1584.28978096
1584.28978096
1584.28978096
1584.28978096
1584.28978096
1584.28978096
1584.28978096
1584.28978096
1584.28978096
1584.28978096
1584.28978096
1584.28978096
1584.28978096
1584.28978096
1584.28978096
1584.28978096
1584.28978096
1584.28978096
1584.28978096
1584.28978096
1584.28978096
1584.28978096
1584.28978096
1584.28978096
1584.28978096
1584.28978096
1584.28978096
1584.28978096
1584.28978096
1584.28978096
1584.28978096
1584.28978096
1584.28978096
1584.28978096
1584.28978096
1584.28978096
1584.28978096
1584.28978096
1584.28978096
1584.28978096
1584.28978096
1584.28978096
1584.28978096
1584.28978096
1584.28978096
1584.28978096
1584.28978096
1584.28978096
1584.28978096
1584.28978096
1584.28978096
1584.28978096
1584.28978096
1584.28978096
1584.28978096
1584.28978096
1584.28978096
1584.28978096
1584.28978096
1584.28978096
1584.28978096
1584.28978096
1584.28978096
1584.28978096
1584.28978096
1584.28978096
1584.28978096
1584.28978096
1584.28978096
1584.28978096
1584.28978096
1584.28978096
1584.28978096
1584.28978096
1584.28978096
1584.28978096
1584.28978096
1584.28978096
1584.28978096
1584.28978096
1584.28978096
1584.28978096
1584.28978096
1584.28978096
1584.28978096
1584.28978096
1584.28978096
1584.28978096
1584.28978096
1584.28978096
1584.28978096
1584.28978096
1584.28978096
1584.28978096
1584.28978096
1584.28978096
1584.28978096
1584.28978096
1584.28978096
1584.28978096
1584.28978096
1584.28978096
1584.28978096
1584.28978096
1584.28978096
1584.28978096
1584.28978096
1584.28978096
1584.28978096
1584.28978096
1584.28978096
1584.28978096
1584.28978096
1584.28978096
1584.28978096
1584.28978096
1584.28978096
1584.28978096
1584.28978096
1584.28978096
1584.28978096
1584.28978096
1584.28978096
1584.28978096
1584.28978096
1584.28978096
1584.28978096
1584.28978096
1584.28978096
1584.28978096
1584.28978096
1584.28978096
1584.28978096
1584.28978096
1584.28978096
1584.28978096
1584.28978096
1584.28978096
1584.28978096
1584.28978096
1584.28978096
1584.28978096
1584.28978096
1584.28978096
1584.28978096
1584.28978096
1584.28978096
1584.28978096
1584.28978096
1584.28978096
1584.28978096
1584.28978096
1584.28978096
1584.28978096
1584.28978096
1584.28978096
1584.28978096
1584.28978096
1584.28978096
1584.28978096
1584.28978096
1584.28978096
1584.28978096
1584.28978096
1584.28978096
1584.28978096
1584.28978096
1584.28978096
1584.28978096
1584.28978096
1584.28978096
1584.28978096
1584.28978096
1584.28978096
1584.28978096
1584.28978096
1584.28978096
1584.28978096
1584.28978096
1584.28978096
1584.28978096
1584.28978096
1584.28978096
1584.28978096
1584.28978096
1584.28978096
1584.28978096
1584.28978096
1584.28978096
1584.28978096
1584.28978096
1584.28978096
1584.28978096
1584.28978096
1584.28978096
1584.28978096
1584.28978096
1584.28978096
1584.28978096
1584.28978096
1584.28978096
1584.28978096
1584.28978096
1584.28978096
1584.28978096
1584.28978096
1584.28978096
1584.28978096
1584.28978096
1584.28978096
1584.28978096
1584.28978096
1584.28978096
1584.28978096
1584.28978096
1584.28978096
1584.28978096
1584.28978096
1584.28978096
1584.28978096
1584.28978096
1584.28978096
1584.28978096
1584.28978096
1584.28978096
1584.28978096
1584.28978096
1584.28978096
1584.28978096
1584.28978096
1584.28978096
1584.28978096
1584.28978096
1584.28978096
1584.28978096
1584.28978096
1584.28978096
1584.28978096
1584.28978096
1584.28978096
1584.28978096
1584.28978096
1584.28978096
1584.28978096
1584.28978096
1584.28978096
1584.28978096
1584.28978096
1584.28978096
1584.28978096
1584.28978096
1584.28978096
1584.28978096
1584.28978096
1584.28978096
1584.28978096
1584.28978096
1584.28978096
1584.28978096
1584.28978096
1584.28978096
1584.28978096
1584.28978096
1584.28978096
1584.28978096
1584.28978096
1584.28978096
1584.28978096
1584.28978096
1584.28978096
1584.28978096
1584.28978096
1584.28978096
1584.28978096
1584.28978096
1584.28978096
1584.28978096
1584.28978096
1584.28978096
1584.28978096
1584.28978096
1584.28978096
1584.28978096
1584.28978096
1584.28978096
1584.28978096
1584.28978096
1584.28978096
1584.28978096
1584.28978096
1584.28978096
1584.28978096
1584.28978096
1584.28978096
1584.28978096
1584.28978096
1584.28978096
1584.28978096
1584.28978096
1584.28978096
1584.28978096
1584.28978096
1584.28978096
1584.28978096
1584.28978096
1584.28978096
1584.28978096
1584.28978096
1584.28978096
1584.28978096
1584.28978096
1584.28978096
1584.28978096
1584.28978096
1584.28978096
1584.28978096
1584.28978096
1584.28978096
1584.28978096
1584.28978096
1584.28978096
1584.28978096
1584.28978096
1584.28978096
1584.28978096
1584.28978096
1584.28978096
1584.28978096
1584.28978096
1584.28978096
1584.28978096
1584.28978096
1584.28978096
1584.28978096
1584.28978096
1584.28978096
1584.28978096
1584.28978096
1584.28978096
1584.28978096
1584.28978096
1584.28978096
1584.28978096
1584.28978096
1584.28978096
1584.28978096
1584.28978096
1584.28978096
1584.28978096
1584.28978096
1584.28978096
1584.28978096
1584.28978096
1584.28978096
1584.28978096
1584.28978096
1584.28978096
1584.28978096
1584.28978096
1584.28978096
1584.28978096
1584.28978096
1584.28978096
1584.28978096
1584.28978096
1584.28978096
1584.28978096
1584.28978096
1584.28978096
1584.28978096
1584.28978096
1584.28978096
1584.28978096
1584.28978096
1584.28978096
1584.28978096
1584.28978096
1584.28978096
1584.28978096
1584.28978096
1584.28978096
1584.28978096
1584.28978096
1584.28978096
1584.28978096
1584.28978096
1584.28978096
1584.28978096
1584.28978096
1584.28978096
1584.28978096
1584.28978096
1584.28978096
1584.28978096
1584.28978096
1584.28978096
1584.28978096
1584.28978096
1584.28978096
1584.28978096
1584.28978096
1584.28978096
1584.28978096
1584.28978096
1584.28978096
1584.28978096
1584.28978096
1584.28978096
1584.28978096
1584.28978096
1584.28978096
1584.28978096
1584.28978096
1584.28978096
1584.28978096
1584.28978096
1584.28978096
1584.28978096
1584.28978096
1584.28978096
1584.28978096
1584.28978096
1584.28978096
1584.28978096
1584.28978096
1584.28978096
1584.28978096
1584.28978096
1584.28978096
1584.28978096
1584.28978096
1584.28978096
1584.28978096
1584.28978096
1584.28978096
1584.28978096
1584.28978096
1584.28978096
1584.28978096
1584.28978096
1584.28978096
1584.28978096
1584.28978096
1584.28978096
1584.28978096
1584.28978096
1584.28978096
1584.28978096
1584.28978096
1584.28978096
1584.28978096
1584.28978096
1584.28978096
1584.28978096
1584.28978096
1584.28978096
1584.28978096
1584.28978096
1584.28978096
1584.28978096
1584.28978096
1584.28978096
1584.28978096
1584.28978096
1584.28978096
1584.28978096
1584.28978096
1584.28978096
1584.28978096
1584.28978096
1584.28978096
1584.28978096
1584.28978096
1584.28978096
1584.28978096
1584.28978096
1584.28978096
1584.28978096
1584.28978096
1584.28978096
1584.28978096
1584.28978096
1584.28978096
1584.28978096
1584.28978096
1584.28978096
1584.28978096
1584.28978096
1584.28978096
1584.28978096
1584.28978096
1584.28978096
1584.28978096
1584.28978096
1584.28978096
1584.28978096
1584.28978096
1584.28978096
1584.28978096
1584.28978096
1584.28978096
1584.28978096
1584.28978096
1584.28978096
1584.28978096
1584.28978096
1584.28978096
1584.28978096
1584.28978096
1584.28978096
1584.28978096
1584.28978096
1584.28978096
1584.28978096
1584.28978096
1584.28978096
1584.28978096
1584.28978096
1584.28978096
1584.28978096
1584.28978096
1584.28978096
1584.28978096
1584.28978096
1584.28978096
1584.28978096
1584.28978096
1584.28978096
1584.28978096
1584.28978096
1584.28978096
1584.28978096
1584.28978096
1584.28978096
1584.28978096
1584.28978096
1584.28978096
1584.28978096
1584.28978096
1584.28978096
1584.28978096
1584.28978096
1584.28978096
1584.28978096
1584.28978096
1584.28978096
1584.28978096
1584.28978096
1584.28978096
1584.28978096
1584.28978096
1584.28978096
1584.28978096
1584.28978096
1584.28978096
1584.28978096
1584.28978096
1584.28978096
1584.28978096
1584.28978096
1584.28978096
1584.28978096
1584.28978096
1584.28978096
1584.28978096
1584.28978096
1584.28978096
1584.28978096
1584.28978096
1584.28978096
1584.28978096
1584.28978096
1584.28978096
1584.28978096
1584.28978096
1584.28978096
1584.28978096
1584.28978096
1584.28978096
1584.28978096
1584.28978096
1584.28978096
1584.28978096
1584.28978096
1584.28978096
1584.28978096
1584.28978096
1584.28978096
1584.28978096
1584.28978096
1584.28978096
1584.28978096
1584.28978096
1584.28978096
1584.28978096
1584.28978096
1584.28978096
1584.28978096
1584.28978096
1584.28978096
1584.28978096
1584.28978096
1584.28978096
1584.28978096
1584.28978096
1584.28978096
1584.28978096
1584.28978096
1584.28978096
1584.28978096
1584.28978096
1584.28978096
1584.28978096
1584.28978096
1584.28978096
1584.28978096
1584.28978096
1584.28978096
1584.28978096
1584.28978096
1584.28978096
1584.28978096
1584.28978096
1584.28978096
1584.28978096
1584.28978096
1584.28978096
1584.28978096
1584.28978096
1584.28978096
1584.28978096
1584.28978096
1584.28978096
1584.28978096
1584.28978096
1584.28978096
1584.28978096
1584.28978096
1584.28978096
1584.28978096
1584.28978096
1584.28978096
1584.28978096
1584.28978096
1584.28978096
1584.28978096
1584.28978096
1584.28978096
1584.28978096
1584.28978096
1584.28978096
1584.28978096
1584.28978096
1584.28978096
1584.28978096
1584.28978096
1584.28978096
1584.28978096
1584.28978096
1584.28978096
1584.28978096
1584.28978096
1584.28978096
1584.28978096
1584.28978096
1584.28978096
1584.28978096
1584.28978096
1584.28978096
1584.28978096
1584.28978096
1584.28978096
1584.28978096
1584.28978096
1584.28978096
1584.28978096
1584.28978096
1584.28978096
1584.28978096
1584.28978096
1584.28978096
