2218.83521517
2216.67868527
2119.03515911
2108.16989977
2108.16989977
2094.82770063
2049.35254229
2049.35254229
2049.35254229
2049.35254229
2049.35254229
2049.35254229
2049.35254229
2049.35254229
2049.35254229
2038.80947141
2002.46828449
2002.46828449
2002.46828449
2002.46828449
2002.46828449
2002.46828449
2002.46828449
1952.72581033
1880.17583372
1873.77147438
1787.92553926
1776.9339761
1776.9339761
1776.9339761
1776.9339761
1776.9339761
1776.9339761
1776.9339761
1760.91232294
1760.91232294
1760.91232294
1760.91232294
1760.91232294
1760.91232294
1760.91232294
1760.91232294
1746.98306351
1712.34389146
1712.34389146
1712.34389146
1712.34389146
1712.34389146
1700.08797838
1679.50775811
1679.50775811
1619.31741854
1610.43287919
1610.43287919
1608.15522995
1608.15522995
1605.30794095
1605.30794095
1605.30794095
1605.30794095
1605.30794095
1603.20123174
1602.96530881
1602.96530881
1602.96530881
1602.96530881
1602.96530881
1602.96530881
1602.96530881
1602.96530881
1602.96530881
1602.96530881
1602.96530881
1601.54397535
1601.54397535
1601.54397535
1601.54397535
1601.54397535
1600.02321958
1599.78729664
1599.78729664
1599.78729664
1599.78729664
1595.11780584
1595.11780584
1595.11780584
1595.11780584
1595.11780584
1595.11780584
1595.11780584
1595.11780584
1595.11780584
1595.11780584
1595.11780584
1595.11780584
1595.11780584
1595.11780584
1595.11780584
1595.11780584
1595.11780584
1595.11780584
1595.11780584
1595.11780584
1594.19079616
1594.19079616
1594.19079616
1594.19079616
1594.19079616
1593.58730536
1583.21567316
1583.21567316
1583.21567316
1583.21567316
1583.21567316
1582.62240336
1582.62240336
1582.62240336
1572.72943235
1572.72943235
1572.72943235
1572.72943235
1572.72943235
1572.72943235
1572.72943235
1572.72943235
1572.72943235
1572.72943235
1572.72943235
1572.72943235
1572.72943235
1572.72943235
1572.72943235
1563.07904685
1563.07904685
1563.07904685
1563.07904685
1563.07904685
1563.07904685
1558.77555582
1558.77555582
1558.77555582
1558.77555582
1558.77555582
1558.77555582
1558.77555582
1558.77555582
1558.77555582
1558.77555582
1558.77555582
1558.77555582
1558.77555582
1558.77555582
1558.77555582
1558.77555582
1558.77555582
1558.77555582
1558.77555582
1558.77555582
1558.77555582
1558.77555582
1558.77555582
1558.77555582
1558.77555582
1558.77555582
1558.77555582
1558.77555582
1558.77555582
1558.77555582
1558.77555582
1558.77555582
1558.77555582
1558.77555582
1558.77555582
1558.77555582
1558.77555582
1558.77555582
1558.77555582
1558.77555582
1558.77555582
1558.77555582
1558.77555582
1558.77555582
1558.77555582
1558.77555582
1558.77555582
1558.77555582
1558.77555582
1558.77555582
1558.77555582
1558.77555582
1558.77555582
1558.77555582
1558.77555582
1558.77555582
1558.77555582
1558.77555582
1558.77555582
1558.77555582
1558.77555582
1558.77555582
1558.77555582
1558.77555582
1558.77555582
1558.77555582
1558.77555582
1558.77555582
1558.77555582
1558.77555582
1558.77555582
1558.77555582
1558.77555582
1558.77555582
1558.77555582
1558.77555582
1558.77555582
1558.77555582
1558.77555582
1558.77555582
1558.77555582
1558.77555582
1558.77555582
1558.77555582
1558.77555582
1558.77555582
1558.77555582
1558.77555582
1558.77555582
1558.77555582
1558.77555582
1558.77555582
1558.77555582
1558.77555582
1558.77555582
1558.77555582
1558.77555582
1558.77555582
1558.77555582
1558.17206502
1558.17206502
1558.17206502
1558.17206502
1558.17206502
1558.17206502
1558.17206502
1558.17206502
1558.17206502
1558.17206502
1558.17206502
1558.17206502
1558.17206502
1558.17206502
1558.17206502
1558.17206502
1558.17206502
1558.17206502
1558.17206502
1558.17206502
1558.17206502
1558.17206502
1558.17206502
1558.17206502
1558.17206502
1558.17206502
1558.17206502
1558.17206502
1558.17206502
1558.17206502
1558.17206502
1558.17206502
1558.17206502
1558.17206502
1558.17206502
1558.17206502
1558.17206502
1558.17206502
1558.17206502
1558.17206502
1558.17206502
1558.17206502
1558.17206502
1558.17206502
1558.17206502
1558.17206502
1558.17206502
1558.17206502
1558.17206502
1558.17206502
1558.17206502
1558.17206502
1558.17206502
1558.17206502
1558.17206502
1558.17206502
1558.17206502
1558.17206502
1558.17206502
1558.17206502
1558.17206502
1558.17206502
1558.17206502
1558.17206502
1558.17206502
1558.17206502
1558.17206502
1558.17206502
1558.17206502
1558.17206502
1558.17206502
1558.17206502
1558.17206502
1558.17206502
1558.17206502
1558.17206502
1558.17206502
1558.17206502
1558.17206502
1558.17206502
1558.17206502
1558.17206502
1558.17206502
1558.17206502
1558.17206502
1558.17206502
1558.17206502
1558.17206502
1558.17206502
1558.17206502
1558.17206502
1558.17206502
1558.17206502
1558.17206502
1558.17206502
1558.17206502
1558.17206502
1558.17206502
1558.17206502
1558.17206502
1558.17206502
1558.17206502
1558.17206502
1558.17206502
1558.17206502
1558.17206502
1558.17206502
1558.17206502
1558.17206502
1558.17206502
1558.17206502
1558.17206502
1558.17206502
1558.17206502
1558.17206502
1558.17206502
1558.17206502
1558.17206502
1558.17206502
1558.17206502
1558.17206502
1558.17206502
1558.17206502
1558.17206502
1558.17206502
1558.17206502
1558.17206502
1558.17206502
1558.17206502
1558.17206502
1558.17206502
1558.17206502
1558.17206502
1558.17206502
1558.17206502
1558.17206502
1558.17206502
1558.17206502
1558.17206502
1558.17206502
1558.17206502
1558.17206502
1558.17206502
1558.17206502
1558.17206502
1558.17206502
1558.17206502
1558.17206502
1558.17206502
1558.17206502
1558.17206502
1558.17206502
1558.17206502
1558.17206502
1558.17206502
1558.17206502
1558.17206502
1558.17206502
1558.17206502
1558.17206502
1558.17206502
1558.17206502
1558.17206502
1558.17206502
1558.17206502
1558.17206502
1558.17206502
1558.17206502
1558.17206502
1558.17206502
1558.17206502
1558.17206502
1558.17206502
1558.17206502
1558.17206502
1558.17206502
1558.17206502
1558.17206502
1558.17206502
1558.17206502
1558.17206502
1558.17206502
1558.17206502
1558.17206502
1558.17206502
1558.17206502
1558.17206502
1558.17206502
1558.17206502
1558.17206502
1558.17206502
1558.17206502
1558.17206502
1558.17206502
1558.17206502
1558.17206502
1558.17206502
1558.17206502
1558.17206502
1558.17206502
1558.17206502
1558.17206502
1558.17206502
1558.17206502
1558.17206502
1558.17206502
1558.17206502
1558.17206502
1558.17206502
1558.17206502
1558.17206502
1558.17206502
1558.17206502
1558.17206502
1558.17206502
1558.17206502
1558.17206502
1558.17206502
1558.17206502
1558.17206502
1558.17206502
1558.17206502
1558.17206502
1558.17206502
1558.17206502
1558.17206502
1558.17206502
1558.17206502
1558.17206502
1558.17206502
1558.17206502
1558.17206502
1558.17206502
1558.17206502
1558.17206502
1558.17206502
1558.17206502
1558.17206502
1558.17206502
1558.17206502
1558.17206502
1558.17206502
1558.17206502
1558.17206502
1558.17206502
1558.17206502
1558.17206502
1558.17206502
1558.17206502
1558.17206502
1558.17206502
1558.17206502
1558.17206502
1558.17206502
1558.17206502
1558.17206502
1558.17206502
1558.17206502
1558.17206502
1558.17206502
1558.17206502
1558.17206502
1558.17206502
1558.17206502
1558.17206502
1558.17206502
1558.17206502
1558.17206502
1558.17206502
1558.17206502
1558.17206502
1558.17206502
1558.17206502
1558.17206502
1558.17206502
1558.17206502
1558.17206502
1558.17206502
1558.17206502
1558.17206502
1558.17206502
1558.17206502
1558.17206502
1558.17206502
1558.17206502
1558.17206502
1558.17206502
1558.17206502
1558.17206502
1558.17206502
1558.17206502
1558.17206502
1558.17206502
1558.17206502
1558.17206502
1558.17206502
1558.17206502
1558.17206502
1558.17206502
1558.17206502
1558.17206502
1558.17206502
1558.17206502
1558.17206502
1558.17206502
1558.17206502
1558.17206502
1558.17206502
1558.17206502
1558.17206502
1558.17206502
1558.17206502
1558.17206502
1558.17206502
1558.17206502
1558.17206502
1558.17206502
1558.17206502
1558.17206502
1558.17206502
1558.17206502
1558.17206502
1558.17206502
1558.17206502
1558.17206502
1558.17206502
1558.17206502
1558.17206502
1558.17206502
1558.17206502
1558.17206502
1558.17206502
1558.17206502
1558.17206502
1558.17206502
1558.17206502
1558.17206502
1558.17206502
1558.17206502
1558.17206502
1558.17206502
1558.17206502
1558.17206502
1558.17206502
1558.17206502
1558.17206502
1558.17206502
1558.17206502
1558.17206502
1558.17206502
1558.17206502
1558.17206502
1558.17206502
1558.17206502
1558.17206502
1558.17206502
1558.17206502
1558.17206502
1558.17206502
1558.17206502
1558.17206502
1558.17206502
1558.17206502
1558.17206502
1558.17206502
1558.17206502
1558.17206502
1558.17206502
1558.17206502
1558.17206502
1558.17206502
1558.17206502
1558.17206502
1558.17206502
1558.17206502
1558.17206502
1558.17206502
1558.17206502
1558.17206502
1558.17206502
1558.17206502
1558.17206502
1558.17206502
1558.17206502
1558.17206502
1558.17206502
1558.17206502
1558.17206502
1558.17206502
1558.17206502
1558.17206502
1558.17206502
1558.17206502
1558.17206502
1558.17206502
1558.17206502
1558.17206502
1558.17206502
1558.17206502
1558.17206502
1558.17206502
1558.17206502
1558.17206502
1558.17206502
1558.17206502
1558.17206502
1558.17206502
1558.17206502
1558.17206502
1558.17206502
1558.17206502
1558.17206502
1558.17206502
1558.17206502
1558.17206502
1558.17206502
1558.17206502
1558.17206502
1558.17206502
1558.17206502
1558.17206502
1558.17206502
1558.17206502
1558.17206502
1558.17206502
1558.17206502
1558.17206502
1558.17206502
1558.17206502
1558.17206502
1558.17206502
1558.17206502
1558.17206502
1558.17206502
1558.17206502
1558.17206502
1558.17206502
1558.17206502
1558.17206502
1558.17206502
1558.17206502
1558.17206502
1558.17206502
1558.17206502
1558.17206502
1558.17206502
1558.17206502
1558.17206502
1558.17206502
1558.17206502
1558.17206502
1558.17206502
1558.17206502
1558.17206502
1558.17206502
1558.17206502
1558.17206502
1558.17206502
1558.17206502
1558.17206502
1558.17206502
1558.17206502
1558.17206502
1558.17206502
1558.17206502
1558.17206502
1558.17206502
1558.17206502
1558.17206502
1558.17206502
1558.17206502
1558.17206502
1558.17206502
1558.17206502
1558.17206502
1558.17206502
1558.17206502
1558.17206502
1558.17206502
1558.17206502
1558.17206502
1558.17206502
1558.17206502
1558.17206502
1558.17206502
1558.17206502
1558.17206502
1558.17206502
1558.17206502
1558.17206502
1558.17206502
1558.17206502
1558.17206502
1558.17206502
1558.17206502
1558.17206502
1558.17206502
1558.17206502
1558.17206502
1558.17206502
1558.17206502
1558.17206502
1558.17206502
1558.17206502
1558.17206502
1558.17206502
1558.17206502
1558.17206502
1558.17206502
1558.17206502
1558.17206502
1558.17206502
1558.17206502
1558.17206502
1558.17206502
1558.17206502
1558.17206502
1558.17206502
1558.17206502
1558.17206502
1558.17206502
1558.17206502
1558.17206502
1558.17206502
1558.17206502
1558.17206502
1558.17206502
1558.17206502
1558.17206502
1558.17206502
1558.17206502
1558.17206502
1558.17206502
1558.17206502
1558.17206502
1558.17206502
1558.17206502
1558.17206502
1558.17206502
1558.17206502
1558.17206502
1558.17206502
1558.17206502
1558.17206502
1558.17206502
1558.17206502
1558.17206502
1558.17206502
1558.17206502
1558.17206502
1558.17206502
1558.17206502
1558.17206502
1558.17206502
1558.17206502
1558.17206502
1558.17206502
1558.17206502
1558.17206502
1558.17206502
1558.17206502
1558.17206502
1558.17206502
1558.17206502
1558.17206502
1558.17206502
1558.17206502
1558.17206502
1558.17206502
1558.17206502
1558.17206502
1558.17206502
1558.17206502
1558.17206502
1558.17206502
1558.17206502
1558.17206502
1558.17206502
1558.17206502
1558.17206502
1558.17206502
1558.17206502
1558.17206502
1558.17206502
1558.17206502
1558.17206502
1558.17206502
1558.17206502
1558.17206502
1558.17206502
1558.17206502
1558.17206502
1558.17206502
1558.17206502
1558.17206502
1558.17206502
1558.17206502
1558.17206502
1558.17206502
1558.17206502
1558.17206502
1558.17206502
1558.17206502
1558.17206502
1558.17206502
1558.17206502
1558.17206502
1558.17206502
1558.17206502
1558.17206502
1558.17206502
1558.17206502
1558.17206502
1558.17206502
1558.17206502
1558.17206502
1558.17206502
1558.17206502
1558.17206502
1558.17206502
1558.17206502
1558.17206502
1558.17206502
1558.17206502
1558.17206502
1558.17206502
1558.17206502
1558.17206502
1558.17206502
1558.17206502
1558.17206502
1558.17206502
1558.17206502
1558.17206502
1558.17206502
1558.17206502
1558.17206502
1558.17206502
1558.17206502
1558.17206502
1558.17206502
1558.17206502
1558.17206502
1558.17206502
1558.17206502
1558.17206502
1558.17206502
1558.17206502
1558.17206502
1558.17206502
1558.17206502
1558.17206502
1558.17206502
1558.17206502
1558.17206502
1558.17206502
1558.17206502
1558.17206502
1558.17206502
1558.17206502
1558.17206502
1558.17206502
1558.17206502
1558.17206502
1558.17206502
1558.17206502
1558.17206502
1558.17206502
1558.17206502
1558.17206502
1558.17206502
1558.17206502
1558.17206502
1558.17206502
1558.17206502
1558.17206502
1558.17206502
1558.17206502
1558.17206502
1558.17206502
1558.17206502
1558.17206502
1558.17206502
1558.17206502
1558.17206502
1558.17206502
1558.17206502
1558.17206502
1558.17206502
1558.17206502
1558.17206502
1558.17206502
1558.17206502
1558.17206502
1558.17206502
1558.17206502
1558.17206502
1558.17206502
1558.17206502
1558.17206502
1558.17206502
1558.17206502
1558.17206502
1558.17206502
1558.17206502
1558.17206502
1558.17206502
1558.17206502
1558.17206502
1558.17206502
1558.17206502
1558.17206502
1558.17206502
1558.17206502
1558.17206502
1558.17206502
1558.17206502
1558.17206502
1558.17206502
1558.17206502
1558.17206502
1558.17206502
1558.17206502
1558.17206502
1558.17206502
1558.17206502
1558.17206502
1558.17206502
1558.17206502
1558.17206502
1558.17206502
1558.17206502
1558.17206502
1558.17206502
1558.17206502
1558.17206502
1558.17206502
1558.17206502
1558.17206502
1558.17206502
1558.17206502
1558.17206502
1558.17206502
1558.17206502
1558.17206502
1558.17206502
1558.17206502
1558.17206502
1558.17206502
1558.17206502
1558.17206502
1558.17206502
1558.17206502
1558.17206502
1558.17206502
1558.17206502
1558.17206502
1558.17206502
1558.17206502
1558.17206502
1558.17206502
1558.17206502
1558.17206502
