2163.5569609
2079.43809583
2079.43809583
2079.43809583
2062.07906559
2062.07906559
2058.86466596
2058.86466596
2058.86466596
2058.86466596
2058.86466596
2058.86466596
2058.86466596
2058.86466596
2058.86466596
2058.86466596
2041.43284359
2041.43284359
2041.43284359
2041.43284359
2041.43284359
2036.66964148
2036.66964148
2036.66964148
2036.66964148
2023.37816227
2023.37816227
2023.37816227
2020.80478993
1942.00859352
1942.00859352
1942.00859352
1942.00859352
1914.4179022
1914.4179022
1914.4179022
1914.4179022
1914.4179022
1914.4179022
1912.9939519
1892.79913618
1874.39747314
1874.39747314
1874.39747314
1874.39747314
1874.39747314
1874.39747314
1797.2934082
1797.2934082
1797.2934082
1797.2934082
1797.2934082
1797.2934082
1797.2934082
1797.2934082
1797.2934082
1797.2934082
1797.2934082
1797.2934082
1797.2934082
1797.2934082
1797.2934082
1797.2934082
1793.81719148
1793.81719148
1793.81719148
1793.81719148
1793.81719148
1793.81719148
1793.81719148
1793.81719148
1793.81719148
1793.81719148
1793.81719148
1793.81719148
1793.81719148
1793.81719148
1775.7693381
1749.1390627
1749.1390627
1749.1390627
1749.1390627
1749.1390627
1749.1390627
1749.1390627
1749.1390627
1735.9754898
1735.9754898
1735.9754898
1735.9754898
1735.9754898
1735.9754898
1735.9754898
1735.9754898
1735.9754898
1735.9754898
1735.9754898
1735.9754898
1735.9754898
1735.9754898
1735.9754898
1735.9754898
1735.9754898
1735.9754898
1735.9754898
1735.9754898
1735.9754898
1735.9754898
1735.9754898
1735.9754898
1735.9754898
1735.9754898
1735.9754898
1735.9754898
1735.9754898
1735.9754898
1735.9754898
1735.9754898
1735.9754898
1735.9754898
1735.9754898
1735.9754898
1735.9754898
1735.9754898
1735.9754898
1735.9754898
1735.9754898
1735.9754898
1735.9754898
1735.9754898
1735.9754898
1735.9754898
1735.9754898
1735.9754898
1735.9754898
1735.9754898
1735.9754898
1735.9754898
1735.9754898
1735.9754898
1735.9754898
1727.4745852
1727.4745852
1727.4745852
1727.4745852
1727.4745852
1727.4745852
1727.4745852
1727.4745852
1727.4745852
1727.4745852
1727.4745852
1727.4745852
1727.4745852
1722.22855887
1722.22855887
1722.22855887
1722.22855887
1722.22855887
1722.22855887
1722.22855887
1722.22855887
1722.22855887
1722.22855887
1722.22855887
1722.22855887
1722.22855887
1722.22855887
1722.22855887
1722.22855887
1722.22855887
1722.22855887
1722.22855887
1722.22855887
1722.22855887
1722.22855887
1722.22855887
1722.22855887
1722.22855887
1722.22855887
1722.22855887
1722.22855887
1722.22855887
1722.22855887
1722.22855887
1722.22855887
1722.22855887
1722.22855887
1722.22855887
1722.22855887
1722.22855887
1722.22855887
1722.22855887
1722.22855887
1722.22855887
1722.22855887
1722.22855887
1722.22855887
1722.22855887
1722.22855887
1722.22855887
1722.22855887
1722.22855887
1722.22855887
1722.22855887
1714.91153715
1714.91153715
1714.91153715
1708.05077634
1708.05077634
1708.05077634
1704.48529218
1704.48529218
1704.48529218
1704.48529218
1703.44352455
1703.44352455
1703.44352455
1703.44352455
1703.44352455
1703.44352455
1703.44352455
1703.44352455
1703.44352455
1703.44352455
1703.44352455
1703.44352455
1703.44352455
1703.44352455
1703.44352455
1703.44352455
1703.44352455
1703.44352455
1703.44352455
1703.44352455
1703.44352455
1703.44352455
1703.44352455
1703.44352455
1703.44352455
1703.44352455
1703.44352455
1703.44352455
1703.44352455
1703.44352455
1703.44352455
1703.44352455
1700.08891627
1700.08891627
1700.08891627
1700.08891627
1700.08891627
1700.08891627
1700.08891627
1700.08891627
1700.08891627
1700.08891627
1700.08891627
1700.08891627
1700.08891627
1700.08891627
1700.08891627
1700.08891627
1700.08891627
1700.08891627
1700.08891627
1700.08891627
1700.08891627
1700.08891627
1700.08891627
1700.08891627
1700.08891627
1700.08891627
1700.08891627
1700.08891627
1700.08891627
1700.08891627
1700.08891627
1700.08891627
1700.08891627
1700.08891627
1700.08891627
1700.08891627
1700.08891627
1700.08891627
1700.08891627
1698.36977448
1698.36977448
1698.36977448
1698.36977448
1698.36977448
1698.36977448
1698.36977448
1698.36977448
1698.36977448
1698.36977448
1698.36977448
1698.36977448
1698.36977448
1698.36977448
1698.36977448
1698.36977448
1698.36977448
1698.36977448
1698.36977448
1698.36977448
1698.36977448
1698.36977448
1698.36977448
1698.36977448
1698.36977448
1698.36977448
1698.36977448
1698.36977448
1698.36977448
1698.36977448
1698.36977448
1698.36977448
1698.36977448
1698.36977448
1698.36977448
1698.36977448
1698.36977448
1698.36977448
1698.36977448
1698.36977448
1698.36977448
1698.36977448
1698.36977448
1698.36977448
1698.36977448
1698.36977448
1698.36977448
1698.36977448
1698.36977448
1698.36977448
1698.36977448
1698.36977448
1698.36977448
1698.36977448
1698.36977448
1698.36977448
1698.36977448
1698.36977448
1698.36977448
1698.36977448
1698.36977448
1698.36977448
1698.36977448
1698.36977448
1698.36977448
1698.36977448
1698.36977448
1698.36977448
1698.36977448
1698.36977448
1698.36977448
1698.36977448
1698.36977448
1698.36977448
1698.36977448
1698.36977448
1698.36977448
1698.36977448
1698.36977448
1698.36977448
1698.36977448
1698.36977448
1698.36977448
1698.36977448
1698.36977448
1698.36977448
1698.36977448
1698.36977448
1698.36977448
1698.36977448
1698.36977448
1698.36977448
1698.36977448
1698.36977448
1698.36977448
1698.36977448
1698.36977448
1698.36977448
1698.36977448
1698.36977448
1698.36977448
1698.36977448
1698.36977448
1698.36977448
1698.36977448
1698.36977448
1698.36977448
1698.36977448
1698.36977448
1698.36977448
1698.36977448
1698.36977448
1698.36977448
1698.36977448
1698.36977448
1698.36977448
1698.36977448
1698.36977448
1698.36977448
1698.36977448
1698.36977448
1698.36977448
1698.36977448
1698.36977448
1698.36977448
1698.36977448
1698.36977448
1698.36977448
1698.36977448
1698.36977448
1698.36977448
1698.36977448
1698.36977448
1698.36977448
1698.36977448
1698.36977448
1698.36977448
1698.36977448
1698.36977448
1698.36977448
1698.36977448
1698.36977448
1698.36977448
1698.36977448
1698.36977448
1698.36977448
1698.36977448
1698.36977448
1698.36977448
1698.36977448
1698.36977448
1698.36977448
1698.36977448
1698.36977448
1698.36977448
1698.36977448
1698.36977448
1698.36977448
1698.36977448
1698.36977448
1698.36977448
1698.36977448
1698.36977448
1698.36977448
1698.36977448
1698.36977448
1698.36977448
1698.36977448
1698.36977448
1698.36977448
1698.36977448
1698.36977448
1698.36977448
1698.36977448
1698.36977448
1698.36977448
1698.36977448
1698.36977448
1698.36977448
1698.36977448
1698.36977448
1698.36977448
1698.36977448
1698.36977448
1698.36977448
1698.36977448
1698.36977448
1698.36977448
1698.36977448
1698.36977448
1698.36977448
1698.36977448
1698.36977448
1698.36977448
1698.36977448
1698.36977448
1698.36977448
1698.36977448
1698.36977448
1698.36977448
1698.36977448
1698.36977448
1698.36977448
1698.36977448
1698.36977448
1698.36977448
1698.36977448
1698.36977448
1698.36977448
1698.36977448
1698.36977448
1698.36977448
1698.36977448
1698.36977448
1698.36977448
1698.36977448
1698.36977448
1698.36977448
1698.36977448
1698.36977448
1698.36977448
1698.36977448
1698.36977448
1698.36977448
1698.36977448
1698.36977448
1698.36977448
1698.36977448
1698.36977448
1698.36977448
1698.36977448
1698.36977448
1698.36977448
1698.36977448
1698.36977448
1698.36977448
1698.36977448
1698.36977448
1698.36977448
1698.36977448
1698.36977448
1698.36977448
1698.36977448
1698.36977448
1698.36977448
1698.36977448
1698.36977448
1698.36977448
1698.36977448
1698.36977448
1698.36977448
1698.36977448
1698.36977448
1698.36977448
1698.36977448
1698.36977448
1698.36977448
1698.36977448
1698.36977448
1698.36977448
1698.36977448
1698.36977448
1698.36977448
1698.36977448
1698.36977448
1698.36977448
1698.36977448
1698.36977448
1698.36977448
1698.36977448
1698.36977448
1698.36977448
1698.36977448
1698.36977448
1698.36977448
1698.36977448
1698.36977448
1698.36977448
1698.36977448
1698.36977448
1698.36977448
1698.36977448
1698.36977448
1698.36977448
1698.36977448
1698.36977448
1698.36977448
1698.36977448
1698.36977448
1698.36977448
1698.36977448
1698.36977448
1698.36977448
1698.36977448
1698.36977448
1698.36977448
1698.36977448
1698.36977448
1698.36977448
1698.36977448
1698.36977448
1698.36977448
1698.36977448
1698.36977448
1698.36977448
1698.36977448
1698.36977448
1698.36977448
1698.36977448
1698.36977448
1698.36977448
1698.36977448
1698.36977448
1698.36977448
1698.36977448
1698.36977448
1698.36977448
1698.36977448
1698.36977448
1698.36977448
1698.36977448
1698.36977448
1698.36977448
1698.36977448
1698.36977448
1698.36977448
1698.36977448
1698.36977448
1698.36977448
1698.36977448
1698.36977448
1698.36977448
1698.36977448
1698.36977448
1698.36977448
1698.36977448
1698.36977448
1698.36977448
1698.36977448
1698.36977448
1698.36977448
1698.36977448
1698.36977448
1698.36977448
1698.36977448
1698.36977448
1698.36977448
1698.36977448
1698.36977448
1698.36977448
1698.36977448
1698.36977448
1698.36977448
1698.36977448
1698.36977448
1698.36977448
1698.36977448
1698.36977448
1698.36977448
1698.36977448
1698.36977448
1698.36977448
1698.36977448
1698.36977448
1698.36977448
1698.36977448
1698.36977448
1698.36977448
1698.36977448
1698.36977448
1698.36977448
1698.36977448
1698.36977448
1698.36977448
1698.36977448
1698.36977448
1698.36977448
1698.36977448
1698.36977448
1698.36977448
1698.36977448
1698.36977448
1698.36977448
1698.36977448
1698.36977448
1698.36977448
1698.36977448
1698.36977448
1698.36977448
1698.36977448
1698.36977448
1698.36977448
1698.36977448
1698.36977448
1698.36977448
1698.36977448
1698.36977448
1698.36977448
1698.36977448
1698.36977448
1698.36977448
1698.36977448
1698.36977448
1698.36977448
1698.36977448
1698.36977448
1698.36977448
1698.36977448
1698.36977448
1698.36977448
1698.36977448
1698.36977448
1698.36977448
1698.36977448
1698.36977448
1698.36977448
1698.36977448
1698.36977448
1698.36977448
1698.36977448
1698.36977448
1698.36977448
1698.36977448
1698.36977448
1698.36977448
1698.36977448
1698.36977448
1698.36977448
1698.36977448
1698.36977448
1698.36977448
1698.36977448
1698.36977448
1698.36977448
1698.36977448
1698.36977448
1698.36977448
1698.36977448
1698.36977448
1698.36977448
1698.36977448
1698.36977448
1698.36977448
1698.36977448
1698.36977448
1698.36977448
1698.36977448
1698.36977448
1698.36977448
1698.36977448
1698.36977448
1698.36977448
1698.36977448
1698.36977448
1698.36977448
1698.36977448
1698.36977448
1698.36977448
1698.36977448
1698.36977448
1698.36977448
1698.36977448
1698.36977448
1698.36977448
1698.36977448
1698.36977448
1698.36977448
1698.36977448
1698.36977448
1698.36977448
1698.36977448
1698.36977448
1698.36977448
1698.36977448
1698.36977448
1698.36977448
1698.36977448
1698.36977448
1698.36977448
1698.36977448
1698.36977448
1698.36977448
1698.36977448
1698.36977448
1698.36977448
1698.36977448
1698.36977448
1698.36977448
1698.36977448
1698.36977448
1698.36977448
1698.36977448
1698.36977448
1698.36977448
1698.36977448
1698.36977448
1698.36977448
1698.36977448
1698.36977448
1698.36977448
1698.36977448
1698.36977448
1698.36977448
1698.36977448
1698.36977448
1698.36977448
1698.36977448
1698.36977448
1698.36977448
1698.36977448
1698.36977448
1698.36977448
1698.36977448
1698.36977448
1698.36977448
1698.36977448
1698.36977448
1698.36977448
1698.36977448
1698.36977448
1698.36977448
1698.36977448
1698.36977448
1698.36977448
1698.36977448
1698.36977448
1698.36977448
1698.36977448
1698.36977448
1698.36977448
1698.36977448
1698.36977448
1698.36977448
1698.36977448
1698.36977448
1698.36977448
1698.36977448
1698.36977448
1698.36977448
1698.36977448
1698.36977448
1698.36977448
1698.36977448
1698.36977448
1698.36977448
1698.36977448
1698.36977448
1698.36977448
1698.36977448
1698.36977448
1698.36977448
1698.36977448
1698.36977448
1698.36977448
1698.36977448
1698.36977448
1698.36977448
1698.36977448
1698.36977448
1698.36977448
1698.36977448
1698.36977448
1698.36977448
1698.36977448
1698.36977448
1698.36977448
1698.36977448
1698.36977448
1698.36977448
1698.36977448
1698.36977448
1698.36977448
1698.36977448
1698.36977448
1698.36977448
1698.36977448
1698.36977448
1698.36977448
1698.36977448
1698.36977448
1698.36977448
1698.36977448
1698.36977448
1698.36977448
1698.36977448
1698.36977448
1698.36977448
1698.36977448
1698.36977448
1698.36977448
1698.36977448
1698.36977448
1698.36977448
1698.36977448
1698.36977448
1698.36977448
1698.36977448
1698.36977448
1698.36977448
1698.36977448
1698.36977448
1698.36977448
1698.36977448
1698.36977448
1698.36977448
1698.36977448
1698.36977448
1698.36977448
1698.36977448
1698.36977448
1698.36977448
1698.36977448
1698.36977448
1698.36977448
1698.36977448
1698.36977448
1698.36977448
1698.36977448
1698.36977448
1698.36977448
1698.36977448
1698.36977448
1698.36977448
1698.36977448
1698.36977448
1698.36977448
1698.36977448
1698.36977448
1698.36977448
1698.36977448
1698.36977448
1698.36977448
1698.36977448
1698.36977448
1698.36977448
1698.36977448
1698.36977448
1698.36977448
1698.36977448
1698.36977448
1698.36977448
1698.36977448
1698.36977448
1698.36977448
1698.36977448
1698.36977448
1698.36977448
1698.36977448
1698.36977448
1698.36977448
1698.36977448
1698.36977448
1698.36977448
1698.36977448
1698.36977448
1698.36977448
1698.36977448
1698.36977448
1698.36977448
1698.36977448
1698.36977448
1698.36977448
1698.36977448
1698.36977448
1698.36977448
1698.36977448
1698.36977448
1698.36977448
1698.36977448
1698.36977448
1698.36977448
1698.36977448
1698.36977448
1698.36977448
1698.36977448
1698.36977448
1698.36977448
1698.36977448
1698.36977448
1698.36977448
1698.36977448
1698.36977448
1698.36977448
1698.36977448
1698.36977448
1698.36977448
1698.36977448
1698.36977448
1698.36977448
1698.36977448
1698.36977448
1698.36977448
1698.36977448
1698.36977448
1698.36977448
1698.36977448
1698.36977448
1698.36977448
1698.36977448
1698.36977448
1698.36977448
1698.36977448
1698.36977448
1698.36977448
1698.36977448
1698.36977448
1698.36977448
1698.36977448
1698.36977448
1698.36977448
1698.36977448
1698.36977448
1698.36977448
1698.36977448
