2241.09827508
2157.66195086
2157.66195086
2143.18520216
2118.24433182
2113.01028059
2083.96732697
2032.07308985
2032.07308985
2022.77689719
1991.61001873
1954.23736858
1954.23736858
1954.23736858
1954.23736858
1954.23736858
1954.23736858
1954.23736858
1954.23736858
1954.23736858
1954.23736858
1937.2143129
1937.2143129
1937.2143129
1937.2143129
1937.2143129
1937.2143129
1937.2143129
1914.01021252
1914.01021252
1914.01021252
1914.01021252
1914.01021252
1914.01021252
1914.01021252
1914.01021252
1900.05182842
1900.05182842
1900.05182842
1900.05182842
1900.05182842
1900.05182842
1900.05182842
1900.05182842
1853.99354896
1853.99354896
1853.99354896
1853.99354896
1853.99354896
1853.99354896
1853.99354896
1853.99354896
1853.99354896
1853.99354896
1843.62970403
1843.62970403
1843.62970403
1843.62970403
1843.62970403
1843.62970403
1843.62970403
1837.87585859
1837.87585859
1837.87585859
1837.87585859
1837.87585859
1837.87585859
1837.87585859
1837.87585859
1837.87585859
1837.87585859
1837.87585859
1837.87585859
1837.87585859
1837.87585859
1837.87585859
1837.87585859
1837.87585859
1837.87585859
1837.87585859
1837.87585859
1837.87585859
1837.87585859
1837.87585859
1826.98719056
1785.056642
1785.056642
1785.056642
1785.056642
1785.056642
1785.056642
1785.056642
1785.056642
1785.056642
1785.056642
1785.056642
1785.056642
1785.056642
1785.056642
1785.056642
1785.056642
1785.056642
1785.056642
1783.43236168
1783.43236168
1783.43236168
1783.43236168
1783.43236168
1783.43236168
1783.43236168
1783.43236168
1782.73794448
1782.73794448
1782.73794448
1782.73794448
1782.73794448
1782.73794448
1782.73794448
1782.73794448
1775.33798714
1775.33798714
1773.71370682
1773.71370682
1767.67774953
1767.67774953
1767.67774953
1767.67774953
1767.67774953
1767.67774953
1767.67774953
1767.67774953
1767.67774953
1767.67774953
1767.67774953
1767.67774953
1766.05346921
1766.05346921
1766.05346921
1766.05346921
1766.05346921
1766.05346921
1766.05346921
1766.05346921
1766.05346921
1766.05346921
1766.05346921
1766.05346921
1766.05346921
1766.05346921
1766.05346921
1766.05346921
1766.05346921
1766.05346921
1762.98240139
1762.98240139
1762.98240139
1762.98240139
1762.98240139
1762.98240139
1762.98240139
1762.98240139
1762.98240139
1762.98240139
1762.98240139
1758.51122066
1758.51122066
1758.51122066
1750.40754173
1750.40754173
1750.40754173
1750.40754173
1750.40754173
1750.40754173
1750.40754173
1750.40754173
1750.40754173
1750.40754173
1750.40754173
1750.40754173
1750.40754173
1750.40754173
1750.40754173
1750.40754173
1750.40754173
1750.40754173
1750.40754173
1750.40754173
1750.40754173
1750.40754173
1750.40754173
1750.40754173
1750.40754173
1750.40754173
1750.40754173
1750.40754173
1750.40754173
1750.40754173
1750.40754173
1750.40754173
1750.40754173
1750.40754173
1750.40754173
1750.40754173
1750.40754173
1750.40754173
1733.91256147
1733.91256147
1733.91256147
1733.91256147
1733.91256147
1733.91256147
1733.91256147
1733.91256147
1733.91256147
1733.91256147
1733.91256147
1733.91256147
1733.91256147
1733.91256147
1733.91256147
1733.91256147
1733.91256147
1733.91256147
1733.91256147
1733.91256147
1733.91256147
1733.91256147
1733.91256147
1733.91256147
1733.91256147
1733.91256147
1733.91256147
1733.91256147
1733.91256147
1733.91256147
1733.91256147
1733.91256147
1733.91256147
1733.91256147
1733.91256147
1733.91256147
1733.91256147
1733.91256147
1733.91256147
1733.91256147
1733.91256147
1733.91256147
1733.91256147
1733.91256147
1733.91256147
1733.91256147
1733.91256147
1733.91256147
1733.91256147
1733.91256147
1733.91256147
1733.91256147
1733.91256147
1733.91256147
1733.91256147
1733.91256147
1733.91256147
1733.91256147
1733.91256147
1733.91256147
1733.91256147
1733.91256147
1733.91256147
1732.51771762
1732.51771762
1726.63501102
1726.63501102
1726.63501102
1726.63501102
1726.63501102
1725.91946637
1723.95221292
1723.95221292
1723.95221292
1723.95221292
1723.95221292
1723.95221292
1723.95221292
1723.95221292
1723.95221292
1723.95221292
1723.95221292
1723.95221292
1723.95221292
1723.95221292
1723.95221292
1723.95221292
1723.95221292
1723.95221292
1723.95221292
1720.54030397
1720.54030397
1720.54030397
1712.88006636
1712.88006636
1712.88006636
1712.88006636
1712.6232591
1712.6232591
1712.6232591
1712.6232591
1712.6232591
1712.6232591
1712.6232591
1712.6232591
1712.6232591
1712.6232591
1712.6232591
1712.6232591
1712.6232591
1712.6232591
1712.6232591
1712.6232591
1712.6232591
1712.6232591
1712.6232591
1712.55994559
1712.55994559
1710.96213722
1710.96213722
1710.96213722
1710.70532996
1710.70532996
1710.70532996
1710.70532996
1710.70532996
1708.73071576
1708.73071576
1708.73071576
1708.73071576
1708.73071576
1708.73071576
1708.73071576
1708.73071576
1708.73071576
1708.73071576
1708.73071576
1708.73071576
1708.73071576
1708.73071576
1708.73071576
1708.73071576
1708.73071576
1708.73071576
1708.73071576
1708.73071576
1708.73071576
1708.73071576
1708.73071576
1708.73071576
1708.73071576
1708.73071576
1708.73071576
1708.73071576
1708.73071576
1708.73071576
1708.73071576
1708.73071576
1708.73071576
1704.9856573
1704.9856573
1704.9856573
1704.9856573
1704.9856573
1704.9856573
1704.9856573
1704.9856573
1704.9856573
1704.9856573
1704.9856573
1704.9856573
1704.9856573
1704.9856573
1704.9856573
1704.9856573
1704.9856573
1704.9856573
1704.9856573
1704.9856573
1704.9856573
1704.9856573
1704.9856573
1704.9856573
1704.9856573
1704.9856573
1704.9856573
1704.9856573
1704.9856573
1704.9856573
1704.9856573
1704.9856573
1704.9856573
1704.9856573
1704.9856573
1704.9856573
1704.9856573
1704.9856573
1704.9856573
1704.9856573
1704.9856573
1704.9856573
1704.9856573
1699.69623891
1696.6251711
1696.6251711
1696.6251711
1696.6251711
1696.6251711
1696.6251711
1696.6251711
1696.6251711
1696.6251711
1696.6251711
1696.6251711
1696.6251711
1696.6251711
1696.6251711
1696.6251711
1696.6251711
1696.6251711
1696.6251711
1696.6251711
1696.6251711
1696.6251711
1696.6251711
1696.6251711
1696.6251711
1696.6251711
1696.6251711
1696.6251711
1696.6251711
1692.36148919
1689.29042138
1689.29042138
1689.29042138
1689.29042138
1689.29042138
1689.29042138
1689.29042138
1678.24350336
1678.24350336
1678.24350336
1678.24350336
1678.24350336
1678.24350336
1678.24350336
1678.24350336
1678.24350336
1675.17243554
1675.17243554
1675.17243554
1675.17243554
1675.17243554
1675.17243554
1675.17243554
1675.17243554
1675.17243554
1675.17243554
1675.17243554
1675.17243554
1675.17243554
1675.17243554
1675.17243554
1675.17243554
1675.17243554
1675.17243554
1675.17243554
1675.17243554
1675.17243554
1675.17243554
1675.17243554
1675.17243554
1675.17243554
1675.17243554
1675.17243554
1675.17243554
1675.17243554
1675.17243554
1675.17243554
1675.17243554
1671.34320571
1671.34320571
1671.34320571
1671.34320571
1671.34320571
1671.34320571
1671.34320571
1671.34320571
1671.34320571
1671.34320571
1671.34320571
1671.34320571
1671.34320571
1671.34320571
1671.34320571
1671.34320571
1671.34320571
1671.34320571
1671.34320571
1671.34320571
1671.34320571
1671.34320571
1671.34320571
1671.34320571
1671.34320571
1671.34320571
1671.34320571
1671.34320571
1671.34320571
1671.34320571
1671.34320571
1671.34320571
1671.34320571
1671.34320571
1671.34320571
1671.34320571
1671.34320571
1671.34320571
1671.34320571
1671.34320571
1671.34320571
1671.34320571
1671.34320571
1671.34320571
1671.34320571
1671.34320571
1671.34320571
1671.34320571
1671.34320571
1671.34320571
1671.34320571
1671.34320571
1671.34320571
1671.34320571
1671.34320571
1671.34320571
1671.34320571
1671.34320571
1671.34320571
1671.34320571
1671.34320571
1671.34320571
1671.34320571
1671.34320571
1671.34320571
1671.34320571
1671.34320571
1671.34320571
1671.34320571
1671.34320571
1671.34320571
1671.34320571
1671.34320571
1671.34320571
1671.34320571
1671.34320571
1671.34320571
1671.34320571
1671.34320571
1671.34320571
1671.34320571
1671.34320571
1671.34320571
1671.34320571
1671.34320571
1671.34320571
1671.34320571
1671.34320571
1671.34320571
1671.34320571
1671.34320571
1671.34320571
1671.34320571
1671.34320571
1671.34320571
1671.34320571
1671.34320571
1671.34320571
1671.34320571
1671.34320571
1671.34320571
1671.34320571
1671.34320571
1671.34320571
1671.34320571
1671.34320571
1671.34320571
1671.34320571
1671.34320571
1671.34320571
1671.34320571
1671.34320571
1671.34320571
1671.34320571
1671.34320571
1671.34320571
1671.34320571
1671.34320571
1671.34320571
1671.34320571
1671.34320571
1671.34320571
1671.34320571
1671.34320571
1671.34320571
1671.34320571
1671.34320571
1671.34320571
1671.34320571
1671.34320571
1671.34320571
1671.34320571
1671.34320571
1671.34320571
1671.34320571
1671.34320571
1671.34320571
1671.34320571
1671.34320571
1671.34320571
1671.34320571
1671.34320571
1671.34320571
1671.34320571
1671.34320571
1671.34320571
1671.34320571
1671.34320571
1671.34320571
1671.34320571
1671.34320571
1671.34320571
1671.34320571
1671.34320571
1671.34320571
1671.34320571
1671.34320571
1671.34320571
1671.34320571
1671.34320571
1671.34320571
1671.34320571
1671.34320571
1671.34320571
1671.34320571
1671.34320571
1671.34320571
1671.34320571
1671.34320571
1671.34320571
1671.34320571
1671.34320571
1671.34320571
1671.34320571
1671.34320571
1671.34320571
1671.34320571
1671.34320571
1671.34320571
1671.34320571
1671.34320571
1671.34320571
1671.34320571
1671.34320571
1671.34320571
1671.34320571
1671.34320571
1671.34320571
1671.34320571
1671.34320571
1671.34320571
1671.34320571
1671.34320571
1671.34320571
1671.34320571
1671.34320571
1671.34320571
1671.34320571
1671.34320571
1671.34320571
1671.34320571
1671.34320571
1671.34320571
1671.34320571
1671.34320571
1671.34320571
1671.34320571
1671.34320571
1671.34320571
1671.34320571
1671.34320571
1671.34320571
1671.34320571
1671.34320571
1671.34320571
1671.34320571
1671.34320571
1671.34320571
1671.34320571
1671.34320571
1671.34320571
1671.34320571
1671.34320571
1671.34320571
1671.34320571
1671.34320571
1671.34320571
1671.34320571
1671.34320571
1671.34320571
1671.34320571
1671.34320571
1671.34320571
1671.34320571
1671.34320571
1671.34320571
1671.34320571
1671.34320571
1671.34320571
1671.34320571
1671.34320571
1671.34320571
1671.34320571
1671.34320571
1671.34320571
1671.34320571
1671.34320571
1671.34320571
1671.34320571
1671.34320571
1671.34320571
1671.34320571
1671.34320571
1671.34320571
1671.34320571
1671.34320571
1671.34320571
1671.34320571
1671.34320571
1671.34320571
1671.34320571
1671.34320571
1671.34320571
1671.34320571
1671.34320571
1671.34320571
1671.34320571
1671.34320571
1671.34320571
1671.34320571
1671.34320571
1671.34320571
1671.34320571
1671.34320571
1671.34320571
1671.34320571
1671.34320571
1671.34320571
1671.34320571
1671.34320571
1671.34320571
1671.34320571
1671.34320571
1671.34320571
1671.34320571
1671.34320571
1671.34320571
1671.34320571
1671.34320571
1671.34320571
1671.34320571
1671.34320571
1671.34320571
1671.34320571
1671.34320571
1671.34320571
1671.34320571
1671.34320571
1671.34320571
1671.34320571
1671.34320571
1671.34320571
1671.34320571
1671.34320571
1671.34320571
1671.34320571
1671.34320571
1671.34320571
1671.34320571
1671.34320571
1671.34320571
1671.34320571
1671.34320571
1671.34320571
1671.34320571
1671.34320571
1671.34320571
1671.34320571
1671.34320571
1671.34320571
1671.34320571
1671.34320571
1671.34320571
1671.34320571
1671.34320571
1671.34320571
1671.34320571
1671.34320571
1671.34320571
1671.34320571
1671.34320571
1671.34320571
1671.34320571
1671.34320571
1671.34320571
1671.34320571
1671.34320571
1671.34320571
1671.34320571
1671.34320571
1671.34320571
1671.34320571
1671.34320571
1671.34320571
1671.34320571
1671.34320571
1671.34320571
1671.34320571
1671.34320571
1671.34320571
1671.34320571
1671.34320571
1671.34320571
1671.34320571
1671.34320571
1671.34320571
1671.34320571
1671.34320571
1671.34320571
1671.34320571
1671.34320571
1671.34320571
1671.34320571
1671.34320571
1671.34320571
1671.34320571
1671.34320571
1671.34320571
1671.34320571
1671.34320571
1671.34320571
1671.34320571
1671.34320571
1671.34320571
1671.34320571
1671.34320571
1671.34320571
1671.34320571
1671.34320571
1671.34320571
1671.34320571
1671.34320571
1671.34320571
1671.34320571
1671.34320571
1671.34320571
1671.34320571
1671.34320571
1671.34320571
1671.34320571
1671.34320571
1671.34320571
1671.34320571
1671.34320571
1671.34320571
1671.34320571
1671.34320571
1671.34320571
1671.34320571
1671.34320571
1671.34320571
1671.34320571
1671.34320571
1671.34320571
1671.34320571
1671.34320571
1671.34320571
1671.34320571
1671.34320571
1671.34320571
1671.34320571
1671.34320571
1671.34320571
1671.34320571
1671.34320571
1671.34320571
1671.34320571
1671.34320571
1671.34320571
1671.34320571
1671.34320571
1671.34320571
1671.34320571
1671.34320571
1671.34320571
1671.34320571
1671.34320571
1671.34320571
1671.34320571
1671.34320571
1671.34320571
1671.34320571
1671.34320571
1671.34320571
1671.34320571
1671.34320571
1671.34320571
1671.34320571
1671.34320571
1671.34320571
1671.34320571
1671.34320571
1671.34320571
1671.34320571
1671.34320571
1671.34320571
1671.34320571
1671.34320571
1671.34320571
1671.34320571
1671.34320571
1671.34320571
1671.34320571
1671.34320571
1671.34320571
1671.34320571
1671.34320571
1671.34320571
1671.34320571
1671.34320571
1671.34320571
1671.34320571
1671.34320571
1671.34320571
1671.34320571
1671.34320571
1671.34320571
1671.34320571
1671.34320571
1671.34320571
1671.34320571
1671.34320571
1671.34320571
1671.34320571
1671.34320571
1671.34320571
1671.34320571
1671.34320571
1671.34320571
1671.34320571
1671.34320571
1671.34320571
1671.34320571
1671.34320571
1671.34320571
1671.34320571
1671.34320571
1671.34320571
1671.34320571
1671.34320571
1671.34320571
1671.34320571
1671.34320571
1671.34320571
1671.34320571
1671.34320571
1671.34320571
1671.34320571
1671.34320571
1671.34320571
1671.34320571
1671.34320571
1671.34320571
1671.34320571
1671.34320571
1671.34320571
1671.34320571
1671.34320571
1671.34320571
1671.34320571
1671.34320571
1671.34320571
1671.34320571
1671.34320571
1671.34320571
