2201.16148566
1963.23402416
1963.23402416
1963.23402416
1963.23402416
1963.23402416
1963.23402416
1963.23402416
1963.23402416
1963.23402416
1963.23402416
1963.23402416
1963.23402416
1891.03299667
1891.03299667
1891.03299667
1891.03299667
1891.03299667
1878.29630777
1878.29630777
1878.29630777
1878.29630777
1878.29630777
1878.29630777
1878.29630777
1878.29630777
1878.29630777
1878.29630777
1878.29630777
1878.29630777
1878.29630777
1878.29630777
1878.29630777
1878.29630777
1878.29630777
1878.29630777
1878.29630777
1878.29630777
1878.29630777
1878.29630777
1878.29630777
1878.29630777
1878.29630777
1878.29630777
1878.29630777
1878.29630777
1878.29630777
1878.29630777
1878.29630777
1878.29630777
1878.29630777
1862.12679323
1862.12679323
1862.12679323
1862.12679323
1862.12679323
1862.12679323
1862.12679323
1862.12679323
1862.12679323
1862.12679323
1862.12679323
1862.12679323
1862.12679323
1862.12679323
1862.12679323
1862.12679323
1862.12679323
1862.12679323
1862.12679323
1862.12679323
1862.12679323
1862.12679323
1862.12679323
1862.12679323
1862.12679323
1858.14177516
1830.94533416
1830.94533416
1830.94533416
1830.94533416
1830.94533416
1830.94533416
1830.94533416
1830.94533416
1830.94533416
1830.94533416
1830.94533416
1830.94533416
1830.94533416
1830.94533416
1830.94533416
1830.94533416
1830.94533416
1830.94533416
1830.94533416
1830.94533416
1830.94533416
1830.94533416
1830.94533416
1830.94533416
1821.73367375
1821.73367375
1821.73367375
1821.73367375
1821.73367375
1821.73367375
1821.73367375
1821.73367375
1821.73367375
1821.73367375
1821.73367375
1821.73367375
1821.73367375
1821.73367375
1821.73367375
1821.73367375
1821.73367375
1821.73367375
1821.73367375
1821.73367375
1821.73367375
1821.73367375
1821.73367375
1821.73367375
1821.73367375
1821.73367375
1821.73367375
1821.73367375
1813.9668656
1813.9668656
1813.9668656
1813.9668656
1813.9668656
1813.9668656
1813.9668656
1813.9668656
1813.9668656
1805.09368374
1805.09368374
1760.83512932
1760.83512932
1760.83512932
1760.83512932
1760.83512932
1760.83512932
1760.83512932
1760.83512932
1760.83512932
1759.23531889
1759.23531889
1759.23531889
1759.23531889
1759.23531889
1759.23531889
1757.15286818
1757.15286818
1757.15286818
1753.99464488
1753.99464488
1753.99464488
1753.99464488
1744.11379318
1744.11379318
1744.11379318
1744.11379318
1744.11379318
1744.11379318
1744.11379318
1744.11379318
1744.11379318
1744.11379318
1744.11379318
1744.11379318
1744.11379318
1744.11379318
1744.11379318
1744.11379318
1744.11379318
1744.11379318
1744.11379318
1744.11379318
1744.11379318
1744.11379318
1744.11379318
1744.11379318
1744.11379318
1744.11379318
1744.11379318
1744.11379318
1744.11379318
1744.11379318
1744.11379318
1741.30072949
1741.30072949
1741.30072949
1741.30072949
1741.30072949
1741.30072949
1741.30072949
1741.30072949
1741.30072949
1741.30072949
1741.30072949
1741.30072949
1741.30072949
1741.30072949
1741.30072949
1741.30072949
1741.30072949
1738.4777246
1738.4777246
1738.4777246
1738.4777246
1738.4777246
1735.71940258
1726.63233333
1726.63233333
1726.63233333
1726.63233333
1726.63233333
1726.63233333
1726.63233333
1726.63233333
1726.63233333
1726.63233333
1726.63233333
1726.63233333
1726.63233333
1726.63233333
1726.63233333
1726.63233333
1726.63233333
1726.63233333
1726.63233333
1726.63233333
1726.63233333
1726.63233333
1726.63233333
1726.63233333
1726.63233333
1726.63233333
1726.63233333
1726.63233333
1726.63233333
1726.63233333
1726.63233333
1726.63233333
1726.63233333
1726.63233333
1726.63233333
1726.63233333
1726.63233333
1726.63233333
1726.63233333
1726.63233333
1726.63233333
1726.63233333
1726.63233333
1726.63233333
1726.63233333
1723.85499245
1723.85499245
1723.85499245
1723.80932843
1723.80932843
1723.80932843
1720.99626474
1720.99626474
1720.99626474
1720.99626474
1720.99626474
1720.99626474
1720.99626474
1720.99626474
1720.99626474
1720.99626474
1720.99626474
1720.99626474
1720.99626474
1720.99626474
1720.99626474
1720.99626474
1720.99626474
1720.99626474
1720.99626474
1720.99626474
1720.99626474
1720.99626474
1720.99626474
1720.99626474
1720.99626474
1720.99626474
1716.55232623
1716.55232623
1716.55232623
1716.55232623
1716.55232623
1716.55232623
1716.55232623
1716.55232623
1716.55232623
1716.55232623
1716.55232623
1716.55232623
1716.55232623
1716.55232623
1716.55232623
1716.55232623
1716.55232623
1716.55232623
1716.55232623
1716.55232623
1716.55232623
1716.55232623
1716.55232623
1716.55232623
1716.55232623
1716.55232623
1716.55232623
1716.55232623
1716.55232623
1716.55232623
1716.55232623
1716.55232623
1716.55232623
1716.55232623
1716.55232623
1716.55232623
1716.55232623
1716.55232623
1716.55232623
1716.55232623
1716.55232623
1716.55232623
1716.55232623
1707.75616391
1704.70723281
1704.70723281
1704.70723281
1699.47058272
1699.47058272
1699.47058272
1699.47058272
1699.47058272
1699.47058272
1699.47058272
1699.47058272
1699.47058272
1699.47058272
1699.47058272
1699.47058272
1699.47058272
1699.47058272
1699.47058272
1699.47058272
1699.47058272
1699.47058272
1699.47058272
1699.47058272
1699.47058272
1699.47058272
1699.47058272
1699.47058272
1699.47058272
1699.47058272
1699.47058272
1699.4249187
1699.4249187
1699.4249187
1699.4249187
1699.4249187
1699.4249187
1699.4249187
1699.4249187
1699.4249187
1699.4249187
1699.4249187
1699.4249187
1699.4249187
1699.4249187
1699.4249187
1699.4249187
1699.4249187
1699.4249187
1699.4249187
1699.4249187
1699.4249187
1699.4249187
1699.4249187
1699.4249187
1699.4249187
1699.4249187
1699.4249187
1699.4249187
1699.4249187
1699.4249187
1699.4249187
1699.4249187
1699.4249187
1699.4249187
1699.4249187
1699.4249187
1699.4249187
1699.4249187
1696.77553599
1696.77553599
1696.77553599
1696.77553599
1696.77553599
1696.77553599
1696.77553599
1696.77553599
1696.77553599
1696.77553599
1691.9516109
1691.90594687
1691.90594687
1691.90594687
1691.90594687
1691.90594687
1689.09288319
1689.09288319
1689.09288319
1689.09288319
1689.09288319
1689.09288319
1689.09288319
1689.09288319
1689.09288319
1689.09288319
1686.07764989
1686.07764989
1686.07764989
1686.07764989
1686.07764989
1686.07764989
1686.07764989
1686.07764989
1686.07764989
1686.07764989
1686.07764989
1686.07764989
1686.07764989
1686.07764989
1686.07764989
1686.07764989
1686.07764989
1686.07764989
1686.07764989
1686.07764989
1686.07764989
1686.07764989
1686.07764989
1686.07764989
1686.07764989
1686.07764989
1686.07764989
1686.07764989
1686.07764989
1686.07764989
1686.07764989
1686.07764989
1676.90193886
1673.88670556
1673.88670556
1673.88670556
1673.88670556
1673.88670556
1673.88670556
1673.88670556
1673.88670556
1673.88670556
1673.88670556
1673.88670556
1673.88670556
1673.84104154
1673.84104154
1673.84104154
1672.08474459
1672.08474459
1672.03908057
1672.03908057
1672.03908057
1672.03908057
1672.03908057
1672.03908057
1672.03908057
1672.03908057
1672.03908057
1672.03908057
1672.03908057
1672.03908057
1672.03908057
1672.03908057
1672.03908057
1672.03908057
1672.03908057
1672.03908057
1672.03908057
1672.03908057
1672.03908057
1672.03908057
1672.03908057
1672.03908057
1672.03908057
1672.03908057
1672.03908057
1672.03908057
1672.03908057
1672.03908057
1672.03908057
1672.03908057
1672.03908057
1672.03908057
1672.03908057
1672.03908057
1672.03908057
1672.03908057
1672.03908057
1672.03908057
1672.03908057
1672.03908057
1672.03908057
1672.03908057
1672.03908057
1672.03908057
1672.03908057
1672.03908057
1672.03908057
1672.03908057
1672.03908057
1672.03908057
1672.03908057
1672.03908057
1672.03908057
1672.03908057
1672.03908057
1672.03908057
1672.03908057
1672.03908057
1672.03908057
1672.03908057
1672.03908057
1672.03908057
1672.03908057
1672.03908057
1672.03908057
1672.03908057
1672.03908057
1672.03908057
1672.03908057
1672.03908057
1672.03908057
1672.03908057
1672.03908057
1672.03908057
1672.03908057
1672.03908057
1672.03908057
1672.03908057
1672.03908057
1672.03908057
1672.03908057
1672.03908057
1672.03908057
1672.03908057
1672.03908057
1672.03908057
1672.03908057
1672.03908057
1672.03908057
1672.03908057
1672.03908057
1672.03908057
1672.03908057
1672.03908057
1672.03908057
1672.03908057
1672.03908057
1672.03908057
1672.03908057
1672.03908057
1672.03908057
1672.03908057
1672.03908057
1672.03908057
1672.03908057
1672.03908057
1672.03908057
1672.03908057
1672.03908057
1672.03908057
1672.03908057
1672.03908057
1672.03908057
1672.03908057
1672.03908057
1672.03908057
1672.03908057
1672.03908057
1672.03908057
1672.03908057
1672.03908057
1672.03908057
1672.03908057
1672.03908057
1672.03908057
1672.03908057
1672.03908057
1672.03908057
1672.03908057
1672.03908057
1672.03908057
1672.03908057
1672.03908057
1672.03908057
1672.03908057
1672.03908057
1672.03908057
1672.03908057
1672.03908057
1672.03908057
1672.03908057
1672.03908057
1672.03908057
1672.03908057
1672.03908057
1672.03908057
1672.03908057
1672.03908057
1672.03908057
1672.03908057
1672.03908057
1672.03908057
1672.03908057
1672.03908057
1672.03908057
1672.03908057
1672.03908057
1672.03908057
1672.03908057
1672.03908057
1672.03908057
1672.03908057
1672.03908057
1672.03908057
1672.03908057
1672.03908057
1672.03908057
1672.03908057
1672.03908057
1672.03908057
1672.03908057
1672.03908057
1672.03908057
1672.03908057
1672.03908057
1672.03908057
1672.03908057
1672.03908057
1672.03908057
1672.03908057
1672.03908057
1672.03908057
1672.03908057
1672.03908057
1672.03908057
1672.03908057
1672.03908057
1672.03908057
1672.03908057
1672.03908057
1672.03908057
1672.03908057
1672.03908057
1672.03908057
1672.03908057
1672.03908057
1672.03908057
1672.03908057
1672.03908057
1672.03908057
1672.03908057
1672.03908057
1672.03908057
1672.03908057
1672.03908057
1672.03908057
1672.03908057
1672.03908057
1672.03908057
1672.03908057
1672.03908057
1672.03908057
1672.03908057
1672.03908057
1672.03908057
1672.03908057
1672.03908057
1672.03908057
1672.03908057
1672.03908057
1672.03908057
1672.03908057
1672.03908057
1672.03908057
1672.03908057
1672.03908057
1672.03908057
1672.03908057
1672.03908057
1672.03908057
1672.03908057
1672.03908057
1672.03908057
1672.03908057
1672.03908057
1672.03908057
1672.03908057
1672.03908057
1672.03908057
1672.03908057
1672.03908057
1672.03908057
1672.03908057
1672.03908057
1672.03908057
1672.03908057
1672.03908057
1672.03908057
1672.03908057
1672.03908057
1672.03908057
1672.03908057
1672.03908057
1672.03908057
1672.03908057
1672.03908057
1672.03908057
1672.03908057
1672.03908057
1672.03908057
1672.03908057
1672.03908057
1672.03908057
1672.03908057
1672.03908057
1672.03908057
1672.03908057
1672.03908057
1672.03908057
1672.03908057
1672.03908057
1672.03908057
1672.03908057
1672.03908057
1672.03908057
1672.03908057
1672.03908057
1672.03908057
1672.03908057
1672.03908057
1672.03908057
1672.03908057
1672.03908057
1672.03908057
1672.03908057
1672.03908057
1672.03908057
1672.03908057
1672.03908057
1672.03908057
1672.03908057
1672.03908057
1672.03908057
1672.03908057
1672.03908057
1672.03908057
1672.03908057
1672.03908057
1672.03908057
1672.03908057
1672.03908057
1672.03908057
1672.03908057
1672.03908057
1672.03908057
1672.03908057
1672.03908057
1672.03908057
1672.03908057
1672.03908057
1672.03908057
1672.03908057
1672.03908057
1672.03908057
1672.03908057
1672.03908057
1672.03908057
1672.03908057
1672.03908057
1672.03908057
1672.03908057
1672.03908057
1672.03908057
1672.03908057
1672.03908057
1672.03908057
1672.03908057
1672.03908057
1672.03908057
1672.03908057
1672.03908057
1672.03908057
1672.03908057
1672.03908057
1672.03908057
1672.03908057
1672.03908057
1672.03908057
1672.03908057
1672.03908057
1672.03908057
1672.03908057
1672.03908057
1672.03908057
1672.03908057
1672.03908057
1672.03908057
1672.03908057
1672.03908057
1672.03908057
1672.03908057
1672.03908057
1672.03908057
1672.03908057
1672.03908057
1672.03908057
1672.03908057
1672.03908057
1672.03908057
1672.03908057
1672.03908057
1672.03908057
1672.03908057
1672.03908057
1672.03908057
1672.03908057
1672.03908057
1672.03908057
1672.03908057
1672.03908057
1672.03908057
1672.03908057
1672.03908057
1672.03908057
1672.03908057
1672.03908057
1672.03908057
1672.03908057
1672.03908057
1672.03908057
1672.03908057
1672.03908057
1672.03908057
1672.03908057
1672.03908057
1672.03908057
1672.03908057
1672.03908057
1672.03908057
1672.03908057
1672.03908057
1672.03908057
1672.03908057
1672.03908057
1672.03908057
1672.03908057
1672.03908057
1672.03908057
1672.03908057
1672.03908057
1672.03908057
1672.03908057
1672.03908057
1672.03908057
1672.03908057
1672.03908057
1672.03908057
1672.03908057
1672.03908057
1672.03908057
1672.03908057
1672.03908057
1672.03908057
1672.03908057
1672.03908057
1672.03908057
1672.03908057
1672.03908057
1672.03908057
1672.03908057
1672.03908057
1672.03908057
1672.03908057
1672.03908057
1672.03908057
1672.03908057
1672.03908057
1672.03908057
1672.03908057
1672.03908057
1672.03908057
1672.03908057
1672.03908057
1672.03908057
1672.03908057
1672.03908057
1672.03908057
1672.03908057
1672.03908057
1672.03908057
1672.03908057
1672.03908057
1672.03908057
1672.03908057
1672.03908057
1672.03908057
1672.03908057
1672.03908057
1672.03908057
1672.03908057
1672.03908057
1672.03908057
1672.03908057
1672.03908057
1672.03908057
1672.03908057
1672.03908057
1672.03908057
1672.03908057
1672.03908057
1672.03908057
1672.03908057
1672.03908057
1672.03908057
1672.03908057
1672.03908057
1672.03908057
1672.03908057
1672.03908057
1672.03908057
1672.03908057
1672.03908057
1672.03908057
1672.03908057
1672.03908057
1672.03908057
1672.03908057
1672.03908057
1672.03908057
1672.03908057
1672.03908057
1672.03908057
1672.03908057
1672.03908057
1672.03908057
1672.03908057
1672.03908057
1672.03908057
1672.03908057
1672.03908057
1672.03908057
1672.03908057
1672.03908057
1672.03908057
1672.03908057
1672.03908057
1672.03908057
1672.03908057
1672.03908057
1672.03908057
1672.03908057
1672.03908057
1672.03908057
1672.03908057
1672.03908057
1672.03908057
1672.03908057
1672.03908057
1672.03908057
1672.03908057
1672.03908057
1672.03908057
1672.03908057
1672.03908057
1672.03908057
1672.03908057
1672.03908057
