2157.10950115
2131.80241015
2131.80241015
2131.80241015
2131.80241015
2105.85329237
2105.85329237
2057.57175212
1979.9168722
1979.9168722
1979.9168722
1979.9168722
1979.9168722
1979.9168722
1907.41806699
1907.41806699
1907.41806699
1907.41806699
1907.41806699
1907.41806699
1907.41806699
1907.41806699
1907.41806699
1907.41806699
1907.41806699
1907.41806699
1907.41806699
1877.42799399
1877.42799399
1877.42799399
1877.42799399
1877.42799399
1877.42799399
1877.42799399
1877.42799399
1877.42799399
1877.42799399
1840.84229221
1840.84229221
1840.84229221
1840.84229221
1840.84229221
1840.84229221
1840.84229221
1840.84229221
1840.84229221
1840.84229221
1840.84229221
1840.84229221
1840.84229221
1840.84229221
1840.84229221
1809.04814186
1809.04814186
1809.04814186
1809.04814186
1795.81278547
1795.81278547
1795.81278547
1795.81278547
1795.81278547
1795.81278547
1795.81278547
1795.81278547
1795.81278547
1795.81278547
1795.81278547
1795.81278547
1795.81278547
1795.81278547
1794.25526012
1794.25526012
1794.25526012
1793.27694086
1793.27694086
1779.22459049
1779.22459049
1779.22459049
1779.22459049
1779.22459049
1779.22459049
1773.32885928
1773.32885928
1773.32885928
1773.32885928
1773.32885928
1773.32885928
1773.32885928
1773.32885928
1773.32885928
1773.32885928
1773.32885928
1773.32885928
1773.32885928
1773.32885928
1773.32885928
1773.32885928
1772.38762569
1772.38762569
1770.74335049
1770.74335049
1770.74335049
1770.74335049
1770.74335049
1770.74335049
1770.74335049
1770.74335049
1770.74335049
1770.74335049
1770.74335049
1770.74335049
1770.74335049
1770.74335049
1770.74335049
1770.74335049
1770.74335049
1770.74335049
1770.74335049
1770.74335049
1770.74335049
1770.74335049
1770.74335049
1770.74335049
1770.74335049
1770.74335049
1770.74335049
1770.74335049
1770.74335049
1770.74335049
1770.74335049
1769.99682642
1765.46400689
1765.46400689
1765.46400689
1765.46400689
1765.46400689
1765.46400689
1765.46400689
1765.46400689
1765.46400689
1765.46400689
1765.46400689
1765.46400689
1765.46400689
1765.46400689
1765.46400689
1765.46400689
1765.46400689
1765.46400689
1765.46400689
1765.46400689
1765.46400689
1765.46400689
1765.46400689
1765.46400689
1765.46400689
1765.46400689
1765.46400689
1765.46400689
1765.46400689
1765.46400689
1765.46400689
1765.46400689
1765.46400689
1765.46400689
1765.46400689
1765.46400689
1765.46400689
1765.46400689
1765.46400689
1765.46400689
1765.46400689
1765.46400689
1765.46400689
1765.46400689
1765.46400689
1765.46400689
1765.46400689
1765.46400689
1765.46400689
1765.46400689
1765.46400689
1765.46400689
1765.46400689
1765.46400689
1765.46400689
1765.46400689
1765.46400689
1765.46400689
1765.46400689
1765.46400689
1765.46400689
1765.46400689
1765.46400689
1765.46400689
1765.46400689
1765.46400689
1765.46400689
1765.46400689
1765.46400689
1765.46400689
1765.46400689
1765.46400689
1765.46400689
1765.46400689
1765.46400689
1765.46400689
1765.46400689
1765.46400689
1765.46400689
1765.46400689
1765.46400689
1765.46400689
1765.46400689
1765.46400689
1765.46400689
1765.46400689
1765.46400689
1765.46400689
1765.46400689
1765.46400689
1765.46400689
1765.46400689
1765.46400689
1765.46400689
1765.46400689
1765.46400689
1765.46400689
1765.46400689
1765.46400689
1765.46400689
1765.46400689
1765.46400689
1765.46400689
1765.46400689
1765.46400689
1765.46400689
1764.10184868
1764.10184868
1764.10184868
1764.10184868
1764.10184868
1764.10184868
1764.10184868
1764.10184868
1764.10184868
1764.10184868
1764.10184868
1764.10184868
1764.10184868
1764.10184868
1761.85568121
1761.85568121
1761.85568121
1761.85568121
1761.85568121
1761.85568121
1761.85568121
1761.85568121
1761.85568121
1761.85568121
1761.85568121
1761.85568121
1761.85568121
1761.85568121
1761.85568121
1761.85568121
1761.85568121
1761.85568121
1761.85568121
1761.85568121
1761.85568121
1761.85568121
1761.85568121
1761.85568121
1761.85568121
1761.85568121
1761.85568121
1761.85568121
1761.85568121
1761.85568121
1761.85568121
1761.85568121
1761.85568121
1761.85568121
1761.85568121
1761.85568121
1761.85568121
1761.85568121
1761.85568121
1761.85568121
1761.85568121
1761.85568121
1761.85568121
1761.85568121
1761.85568121
1761.85568121
1761.85568121
1761.85568121
1761.85568121
1761.85568121
1753.34927184
1753.34927184
1753.34927184
1753.34927184
1753.34927184
1753.34927184
1753.34927184
1753.34927184
1753.34927184
1753.34927184
1753.34927184
1753.34927184
1753.34927184
1753.34927184
1753.34927184
1753.34927184
1753.34927184
1753.34927184
1753.34927184
1753.34927184
1753.34927184
1753.34927184
1753.34927184
1753.34927184
1753.34927184
1753.34927184
1753.34927184
1753.34927184
1753.34927184
1753.34927184
1753.34927184
1753.34927184
1753.34927184
1753.34927184
1753.34927184
1753.34927184
1753.34927184
1753.34927184
1753.34927184
1753.34927184
1753.34927184
1753.34927184
1753.34927184
1753.34927184
1753.34927184
1753.34927184
1753.34927184
1753.34927184
1753.34927184
1753.34927184
1753.34927184
1753.34927184
1753.34927184
1753.34927184
1753.34927184
1753.34927184
1753.34927184
1753.34927184
1753.34927184
1753.34927184
1753.34927184
1753.34927184
1753.34927184
1753.34927184
1753.34927184
1753.34927184
1753.34927184
1753.34927184
1753.34927184
1753.34927184
1753.34927184
1753.34927184
1753.34927184
1753.34927184
1753.34927184
1753.34927184
1743.04436513
1743.04436513
1743.04436513
1743.04436513
1741.52109773
1741.52109773
1741.52109773
1741.52109773
1741.52109773
1739.43603945
1739.43603945
1739.43603945
1739.43603945
1739.43603945
1739.43603945
1739.43603945
1739.43603945
1739.43603945
1739.43603945
1739.43603945
1739.43603945
1739.43603945
1739.43603945
1739.43603945
1737.91277205
1737.91277205
1737.91277205
1737.91277205
1737.91277205
1737.91277205
1737.91277205
1737.91277205
1737.91277205
1737.91277205
1737.91277205
1737.91277205
1737.91277205
1737.91277205
1737.91277205
1737.91277205
1737.91277205
1737.91277205
1737.91277205
1737.91277205
1737.91277205
1737.91277205
1737.91277205
1737.91277205
1737.91277205
1737.91277205
1737.91277205
1737.91277205
1737.91277205
1737.91277205
1737.91277205
1737.91277205
1737.91277205
1737.91277205
1737.91277205
1737.91277205
1737.91277205
1737.91277205
1737.91277205
1737.91277205
1737.91277205
1737.91277205
1737.91277205
1737.91277205
1737.91277205
1737.91277205
1737.91277205
1737.91277205
1737.91277205
1737.91277205
1737.91277205
1737.91277205
1737.91277205
1737.91277205
1737.91277205
1737.91277205
1737.91277205
1737.91277205
1737.32214115
1737.32214115
1737.32214115
1737.32214115
1737.32214115
1735.79887374
1735.79887374
1735.79887374
1735.79887374
1735.79887374
1735.79887374
1735.79887374
1735.79887374
1735.79887374
1735.79887374
1735.79887374
1735.79887374
1735.79887374
1735.79887374
1735.79887374
1735.79887374
1735.79887374
1735.79887374
1735.79887374
1735.79887374
1735.79887374
1733.17060685
1733.17060685
1733.17060685
1733.17060685
1733.17060685
1733.17060685
1733.17060685
1733.17060685
1733.17060685
1733.17060685
1733.17060685
1733.17060685
1733.17060685
1733.17060685
1733.17060685
1733.17060685
1733.17060685
1733.17060685
1733.17060685
1733.17060685
1733.17060685
1733.17060685
1733.17060685
1733.17060685
1733.17060685
1733.17060685
1733.17060685
1733.17060685
1733.17060685
1733.17060685
1733.17060685
1733.17060685
1733.17060685
1733.17060685
1733.17060685
1733.17060685
1733.17060685
1733.17060685
1733.17060685
1733.17060685
1733.17060685
1733.17060685
1733.17060685
1733.17060685
1733.17060685
1733.17060685
1733.17060685
1733.17060685
1733.17060685
1733.17060685
1733.17060685
1733.17060685
1733.17060685
1733.17060685
1733.17060685
1733.17060685
1733.17060685
1733.17060685
1733.17060685
1733.17060685
1733.17060685
1733.17060685
1733.17060685
1733.17060685
1733.17060685
1733.17060685
1733.17060685
1733.17060685
1733.17060685
1733.17060685
1733.17060685
1733.17060685
1733.17060685
1733.17060685
1733.17060685
1733.17060685
1733.17060685
1733.17060685
1733.17060685
1733.17060685
1733.17060685
1733.17060685
1733.17060685
1733.17060685
1733.17060685
1733.17060685
1733.17060685
1733.17060685
1733.17060685
1733.17060685
1733.17060685
1733.17060685
1733.17060685
1733.17060685
1733.17060685
1733.17060685
1733.17060685
1733.17060685
1733.17060685
1733.17060685
1733.17060685
1733.17060685
1733.17060685
1733.17060685
1733.17060685
1733.17060685
1733.17060685
1733.17060685
1733.17060685
1733.17060685
1733.17060685
1733.17060685
1733.17060685
1733.17060685
1733.17060685
1733.17060685
1733.17060685
1733.17060685
1733.17060685
1733.17060685
1733.17060685
1733.17060685
1733.17060685
1733.17060685
1733.17060685
1733.17060685
1733.17060685
1733.17060685
1733.17060685
1733.17060685
1733.17060685
1733.17060685
1733.17060685
1733.17060685
1733.17060685
1733.17060685
1733.17060685
1733.17060685
1733.17060685
1733.17060685
1733.17060685
1733.17060685
1733.17060685
1733.17060685
1733.17060685
1733.17060685
1733.17060685
1733.17060685
1733.17060685
1733.17060685
1733.17060685
1733.17060685
1733.17060685
1733.17060685
1733.17060685
1733.17060685
1733.17060685
1733.17060685
1733.17060685
1733.17060685
1733.17060685
1733.17060685
1733.17060685
1733.17060685
1733.17060685
1733.17060685
1733.17060685
1733.17060685
1733.17060685
1733.17060685
1733.17060685
1733.17060685
1733.17060685
1733.17060685
1733.17060685
1733.17060685
1733.17060685
1733.17060685
1733.17060685
1733.17060685
1733.17060685
1733.17060685
1733.17060685
1733.17060685
1733.17060685
1733.17060685
1733.17060685
1733.17060685
1733.17060685
1733.17060685
1733.17060685
1733.17060685
1733.17060685
1733.17060685
1733.17060685
1733.17060685
1733.17060685
1733.17060685
1733.17060685
1733.17060685
1733.17060685
1733.17060685
1733.17060685
1733.17060685
1733.17060685
1733.17060685
1733.17060685
1733.17060685
1733.17060685
1733.17060685
1733.17060685
1733.17060685
1733.17060685
1733.17060685
1733.17060685
1733.17060685
1733.17060685
1733.17060685
1733.17060685
1733.17060685
1733.17060685
1733.17060685
1733.17060685
1733.17060685
1733.17060685
1733.17060685
1733.17060685
1733.17060685
1733.17060685
1733.17060685
1733.17060685
1733.17060685
1733.17060685
1733.17060685
1733.17060685
1733.17060685
1733.17060685
1733.17060685
1733.17060685
1733.17060685
1733.17060685
1733.17060685
1733.17060685
1733.17060685
1733.17060685
1733.17060685
1733.17060685
1733.17060685
1733.17060685
1733.17060685
1733.17060685
1733.17060685
1733.17060685
1733.17060685
1733.17060685
1733.17060685
1733.17060685
1733.17060685
1733.17060685
1733.17060685
1733.17060685
1733.17060685
1733.17060685
1733.17060685
1733.17060685
1733.17060685
1733.17060685
1733.17060685
1733.17060685
1733.17060685
1733.17060685
1733.17060685
1733.17060685
1733.17060685
1733.17060685
1733.17060685
1733.17060685
1733.17060685
1733.17060685
1733.17060685
1733.17060685
1733.17060685
1733.17060685
1733.17060685
1733.17060685
1733.17060685
1733.17060685
1733.17060685
1733.17060685
1733.17060685
1733.17060685
1733.17060685
1733.17060685
1733.17060685
1733.17060685
1733.17060685
1733.17060685
1733.17060685
1733.17060685
1733.17060685
1733.17060685
1733.17060685
1733.17060685
1733.17060685
1733.17060685
1733.17060685
1733.17060685
1733.17060685
1733.17060685
1733.17060685
1733.17060685
1733.17060685
1733.17060685
1733.17060685
1733.17060685
1733.17060685
1733.17060685
1733.17060685
1733.17060685
1733.17060685
1733.17060685
1733.17060685
1733.17060685
1733.17060685
1733.17060685
1733.17060685
1733.17060685
1733.17060685
1733.17060685
1733.17060685
1733.17060685
1733.17060685
1733.17060685
1733.17060685
1733.17060685
1733.17060685
1733.17060685
1733.17060685
1733.17060685
1733.17060685
1733.17060685
1733.17060685
1733.17060685
1733.17060685
1733.17060685
1733.17060685
1733.17060685
1733.17060685
1733.17060685
1733.17060685
1733.17060685
1733.17060685
1733.17060685
1733.17060685
1733.17060685
1733.17060685
1733.17060685
1733.17060685
1733.17060685
1733.17060685
1733.17060685
1733.17060685
1733.17060685
1733.17060685
1733.17060685
1733.17060685
1733.17060685
1733.17060685
1733.17060685
1733.17060685
1733.17060685
1733.17060685
1733.17060685
1733.17060685
1733.17060685
1733.17060685
1733.17060685
1733.17060685
1733.17060685
1733.17060685
1733.17060685
1733.17060685
1733.17060685
1733.17060685
1733.17060685
1733.17060685
1733.17060685
1733.17060685
1733.17060685
1733.17060685
1733.17060685
1733.17060685
1733.17060685
1733.17060685
1733.17060685
1733.17060685
1733.17060685
1733.17060685
1733.17060685
1733.17060685
1733.17060685
1733.17060685
1733.17060685
1733.17060685
1733.17060685
1733.17060685
1733.17060685
1733.17060685
1733.17060685
1733.17060685
1733.17060685
1733.17060685
1733.17060685
1733.17060685
1733.17060685
1733.17060685
1733.17060685
1733.17060685
1733.17060685
1733.17060685
1733.17060685
1733.17060685
1733.17060685
1733.17060685
1733.17060685
1733.17060685
1733.17060685
1733.17060685
1733.17060685
1733.17060685
1733.17060685
1733.17060685
1733.17060685
1733.17060685
1733.17060685
1733.17060685
1733.17060685
1733.17060685
1733.17060685
1733.17060685
1733.17060685
1733.17060685
1733.17060685
1733.17060685
1733.17060685
1733.17060685
1733.17060685
1733.17060685
1733.17060685
1733.17060685
1733.17060685
1733.17060685
1733.17060685
1733.17060685
1733.17060685
1733.17060685
1733.17060685
1733.17060685
1733.17060685
1733.17060685
1733.17060685
1733.17060685
1733.17060685
1733.17060685
1733.17060685
1733.17060685
1733.17060685
1733.17060685
1733.17060685
1733.17060685
1733.17060685
1733.17060685
1733.17060685
1733.17060685
1733.17060685
1733.17060685
1733.17060685
1733.17060685
1733.17060685
1733.17060685
1733.17060685
1733.17060685
1733.17060685
1733.17060685
1733.17060685
1733.17060685
1733.17060685
1733.17060685
1733.17060685
1733.17060685
1733.17060685
1733.17060685
1733.17060685
1733.17060685
1733.17060685
1733.17060685
1733.17060685
1733.17060685
1733.17060685
1733.17060685
1733.17060685
1733.17060685
1733.17060685
1733.17060685
1733.17060685
1733.17060685
1733.17060685
1733.17060685
1733.17060685
1733.17060685
1733.17060685
1733.17060685
1733.17060685
1733.17060685
1733.17060685
