2103.2640516
2103.2640516
1946.22134552
1946.22134552
1946.22134552
1946.22134552
1946.22134552
1946.22134552
1946.22134552
1946.22134552
1946.22134552
1946.22134552
1946.22134552
1946.22134552
1946.22134552
1946.22134552
1938.9644214
1937.817039
1937.817039
1937.817039
1937.817039
1937.817039
1937.817039
1928.76449671
1928.76449671
1928.76449671
1928.76449671
1928.76449671
1928.76449671
1928.76449671
1928.76449671
1877.23372303
1877.23372303
1877.23372303
1877.23372303
1877.23372303
1877.23372303
1877.23372303
1877.23372303
1877.23372303
1877.23372303
1877.23372303
1877.23372303
1877.23372303
1877.23372303
1877.23372303
1877.23372303
1877.23372303
1877.23372303
1877.23372303
1877.23372303
1877.23372303
1877.23372303
1877.23372303
1877.23372303
1877.23372303
1877.23372303
1877.23372303
1877.23372303
1877.23372303
1877.23372303
1877.23372303
1877.23372303
1838.28753031
1838.28753031
1838.28753031
1838.28753031
1838.28753031
1838.28753031
1838.28753031
1838.28753031
1838.28753031
1838.28753031
1838.28753031
1838.28753031
1838.28753031
1838.28753031
1838.28753031
1838.28753031
1838.28753031
1838.28753031
1838.28753031
1838.28753031
1838.28753031
1838.28753031
1838.28753031
1838.28753031
1838.28753031
1838.28753031
1838.28753031
1838.28753031
1838.28753031
1838.28753031
1837.56077783
1837.56077783
1837.56077783
1837.56077783
1837.56077783
1837.56077783
1837.56077783
1837.56077783
1837.56077783
1837.56077783
1837.56077783
1837.56077783
1837.56077783
1837.56077783
1837.56077783
1837.56077783
1837.56077783
1837.56077783
1837.56077783
1837.56077783
1837.56077783
1837.56077783
1837.56077783
1837.56077783
1837.56077783
1837.56077783
1837.56077783
1837.56077783
1837.56077783
1837.56077783
1837.56077783
1837.56077783
1837.56077783
1837.56077783
1837.56077783
1837.56077783
1837.56077783
1837.56077783
1837.56077783
1837.56077783
1837.56077783
1837.56077783
1837.56077783
1837.56077783
1837.56077783
1837.56077783
1837.56077783
1837.56077783
1837.56077783
1837.56077783
1837.56077783
1837.56077783
1837.56077783
1837.56077783
1837.56077783
1837.56077783
1837.56077783
1837.56077783
1836.85375728
1836.85375728
1820.47870171
1820.47870171
1820.47870171
1820.47870171
1810.12906442
1810.12906442
1810.12906442
1810.12906442
1810.12906442
1810.12906442
1810.12906442
1810.12906442
1810.12906442
1810.12906442
1810.12906442
1810.12906442
1810.12906442
1810.12906442
1810.12906442
1810.12906442
1810.12906442
1810.12906442
1810.12906442
1810.12906442
1810.12906442
1810.12906442
1808.96000928
1808.96000928
1808.96000928
1798.61037199
1798.61037199
1798.61037199
1798.61037199
1798.61037199
1798.61037199
1798.61037199
1798.61037199
1798.61037199
1798.61037199
1798.61037199
1798.61037199
1798.61037199
1798.61037199
1798.61037199
1798.61037199
1798.61037199
1798.61037199
1798.61037199
1798.61037199
1798.61037199
1798.61037199
1798.61037199
1798.61037199
1798.61037199
1798.61037199
1798.61037199
1798.61037199
1798.61037199
1798.61037199
1798.61037199
1798.61037199
1798.61037199
1798.61037199
1798.61037199
1798.61037199
1798.61037199
1798.61037199
1798.61037199
1798.61037199
1798.61037199
1798.61037199
1798.61037199
1798.61037199
1798.61037199
1798.61037199
1798.61037199
1798.61037199
1798.61037199
1798.61037199
1798.61037199
1798.61037199
1798.61037199
1798.61037199
1798.61037199
1798.61037199
1798.61037199
1798.61037199
1798.61037199
1798.61037199
1795.21618108
1795.21618108
1795.21618108
1795.21618108
1795.21618108
1795.21618108
1795.21618108
1795.21618108
1795.21618108
1795.21618108
1795.21618108
1795.21618108
1795.21618108
1795.21618108
1788.19446826
1788.19446826
1788.19446826
1788.19446826
1788.19446826
1788.19446826
1788.19446826
1788.19446826
1788.19446826
1788.19446826
1788.19446826
1788.19446826
1788.19446826
1788.19446826
1788.19446826
1788.19446826
1788.19446826
1788.19446826
1788.19446826
1788.19446826
1788.19446826
1788.19446826
1788.19446826
1788.19446826
1788.19446826
1788.19446826
1788.19446826
1788.19446826
1788.19446826
1788.19446826
1788.19446826
1788.19446826
1788.19446826
1788.19446826
1788.19446826
1788.19446826
1788.19446826
1788.19446826
1788.19446826
1788.19446826
1788.19446826
1788.19446826
1788.19446826
1788.19446826
1788.19446826
1788.19446826
1788.19446826
1788.19446826
1788.19446826
1788.19446826
1788.19446826
1788.19446826
1788.19446826
1788.19446826
1788.19446826
1788.19446826
1788.19446826
1788.19446826
1788.19446826
1788.19446826
1788.19446826
1788.19446826
1788.19446826
1788.19446826
1788.19446826
1780.93716483
1780.93716483
1780.93716483
1780.93716483
1780.93716483
1780.93716483
1780.93716483
1780.93716483
1780.93716483
1780.93716483
1780.93716483
1780.93716483
1780.93716483
1780.93716483
1780.93716483
1780.93716483
1780.93716483
1780.93716483
1780.93716483
1780.93716483
1780.93716483
1780.93716483
1780.93716483
1780.93716483
1780.93716483
1780.93716483
1780.93716483
1780.93716483
1780.93716483
1780.93716483
1780.93716483
1780.93716483
1780.93716483
1780.93716483
1780.93716483
1780.93716483
1780.93716483
1780.93716483
1780.93716483
1780.93716483
1780.93716483
1780.93716483
1780.93716483
1780.93716483
1780.93716483
1780.93716483
1780.93716483
1780.93716483
1780.93716483
1780.93716483
1780.93716483
1780.93716483
1780.93716483
1780.93716483
1780.93716483
1780.93716483
1780.93716483
1780.93716483
1780.93716483
1780.93716483
1780.93716483
1780.93716483
1780.93716483
1780.93716483
1780.93716483
1780.93716483
1773.93811238
1773.93811238
1773.93811238
1773.93811238
1773.93811238
1773.93811238
1773.93811238
1773.93811238
1773.93811238
1773.93811238
1773.93811238
1773.93811238
1773.93811238
1773.93811238
1773.93811238
1773.93811238
1773.93811238
1773.93811238
1773.93811238
1773.93811238
1773.93811238
1773.93811238
1773.93811238
1773.93811238
1773.93811238
1773.93811238
1773.93811238
1773.93811238
1772.85735214
1772.85735214
1772.85735214
1772.85735214
1765.60004872
1765.60004872
1765.60004872
1762.49840944
1762.49840944
1762.49840944
1762.49840944
1762.49840944
1762.49840944
1762.49840944
1762.49840944
1762.49840944
1762.49840944
1762.49840944
1762.49840944
1762.49840944
1762.49840944
1762.49840944
1762.49840944
1762.49840944
1762.49840944
1762.49840944
1762.49840944
1762.49840944
1762.49840944
1762.49840944
1762.49840944
1762.49840944
1762.49840944
1762.49840944
1762.49840944
1762.49840944
1762.49840944
1762.49840944
1762.49840944
1762.49840944
1762.49840944
1762.49840944
1762.49840944
1762.49840944
1762.49840944
1762.49840944
1762.49840944
1762.49840944
1762.49840944
1762.49840944
1762.49840944
1762.49840944
1762.49840944
1762.49840944
1762.49840944
1762.49840944
1762.49840944
1762.49840944
1762.49840944
1762.49840944
1762.49840944
1762.49840944
1762.49840944
1762.49840944
1762.49840944
1762.49840944
1762.49840944
1762.49840944
1762.49840944
1762.49840944
1762.49840944
1762.49840944
1762.49840944
1762.49840944
1762.49840944
1762.49840944
1762.49840944
1762.49840944
1762.49840944
1762.49840944
1762.49840944
1762.49840944
1762.49840944
1762.49840944
1762.49840944
1762.49840944
1762.49840944
1762.49840944
1762.49840944
1762.49840944
1762.49840944
1762.49840944
1762.49840944
1762.49840944
1762.49840944
1762.49840944
1762.49840944
1762.49840944
1762.49840944
1762.49840944
1762.49840944
1762.49840944
1762.49840944
1762.49840944
1762.49840944
1762.49840944
1762.49840944
1762.49840944
1762.49840944
1762.49840944
1762.49840944
1762.49840944
1762.49840944
1762.49840944
1762.49840944
1762.49840944
1762.49840944
1762.49840944
1762.49840944
1762.49840944
1762.49840944
1762.49840944
1762.49840944
1762.49840944
1762.49840944
1762.49840944
1762.49840944
1762.49840944
1762.49840944
1762.49840944
1762.49840944
1762.49840944
1762.49840944
1762.49840944
1762.49840944
1762.49840944
1762.49840944
1762.49840944
1762.49840944
1762.49840944
1762.49840944
1762.49840944
1762.49840944
1762.49840944
1762.49840944
1762.49840944
1762.49840944
1762.49840944
1762.49840944
1762.49840944
1762.49840944
1762.49840944
1762.49840944
1762.49840944
1762.49840944
1762.49840944
1762.49840944
1762.49840944
1762.49840944
1762.49840944
1762.49840944
1762.49840944
1762.49840944
1751.52855939
1751.52855939
1751.52855939
1751.52855939
1751.52855939
1751.52855939
1751.52855939
1751.52855939
1751.52855939
1751.52855939
1751.52855939
1751.52855939
1751.52855939
1751.52855939
1751.52855939
1751.52855939
1751.52855939
1751.52855939
1751.52855939
1751.52855939
1751.52855939
1751.52855939
1751.52855939
1751.52855939
1751.52855939
1751.52855939
1751.52855939
1751.52855939
1751.52855939
1751.52855939
1751.52855939
1751.52855939
1751.52855939
1751.52855939
1751.52855939
1751.52855939
1751.52855939
1751.52855939
1751.52855939
1751.52855939
1751.52855939
1751.52855939
1751.52855939
1751.52855939
1751.52855939
1751.52855939
1751.52855939
1751.52855939
1751.52855939
1751.52855939
1751.52855939
1751.52855939
1751.52855939
1751.52855939
1751.52855939
1751.52855939
1751.52855939
1751.52855939
1751.52855939
1751.52855939
1751.52855939
1751.52855939
1751.52855939
1751.52855939
1751.52855939
1751.52855939
1751.52855939
1751.52855939
1751.52855939
1751.52855939
1751.52855939
1751.52855939
1751.52855939
1751.52855939
1751.52855939
1751.52855939
1751.52855939
1751.52855939
1751.52855939
1751.52855939
1751.52855939
1751.52855939
1751.52855939
1751.52855939
1751.52855939
1751.52855939
1751.52855939
1751.52855939
1751.52855939
1751.52855939
1751.52855939
1751.52855939
1751.52855939
1751.52855939
1751.52855939
1751.52855939
1751.52855939
1751.52855939
1751.52855939
1751.52855939
1751.52855939
1751.52855939
1751.52855939
1751.52855939
1751.52855939
1751.52855939
1751.52855939
1751.52855939
1751.52855939
1751.52855939
1751.52855939
1751.52855939
1751.52855939
1751.52855939
1751.52855939
1751.52855939
1751.52855939
1751.52855939
1751.52855939
1751.52855939
1751.52855939
1751.52855939
1751.52855939
1751.52855939
1751.52855939
1751.52855939
1751.52855939
1751.52855939
1751.52855939
1751.52855939
1751.52855939
1751.52855939
1751.52855939
1751.52855939
1751.52855939
1751.52855939
1751.52855939
1751.52855939
1751.52855939
1751.52855939
1751.52855939
1751.52855939
1751.52855939
1751.52855939
1751.52855939
1751.52855939
1751.52855939
1751.52855939
1751.52855939
1751.52855939
1751.52855939
1751.52855939
1751.52855939
1751.52855939
1751.52855939
1751.52855939
1751.52855939
1751.52855939
1751.52855939
1751.52855939
1751.52855939
1751.52855939
1751.52855939
1751.52855939
1751.52855939
1751.52855939
1751.52855939
1751.52855939
1751.52855939
1751.52855939
1751.52855939
1751.52855939
1751.52855939
1751.52855939
1751.52855939
1751.52855939
1751.52855939
1751.52855939
1751.52855939
1751.52855939
1751.52855939
1751.52855939
1751.52855939
1751.52855939
1751.52855939
1751.52855939
1751.52855939
1751.52855939
1751.52855939
1751.52855939
1751.52855939
1751.52855939
1751.52855939
1751.52855939
1751.52855939
1751.52855939
1751.52855939
1751.52855939
1751.52855939
1751.52855939
1751.52855939
1751.52855939
1751.52855939
1751.52855939
1751.52855939
1751.52855939
1751.52855939
1751.52855939
1751.52855939
1751.52855939
1751.52855939
1751.52855939
1751.52855939
1751.52855939
1751.52855939
1751.52855939
1751.52855939
1751.52855939
1751.52855939
1751.52855939
1751.52855939
1751.52855939
1751.52855939
1751.52855939
1751.52855939
1751.52855939
1751.52855939
1751.52855939
1751.52855939
1751.52855939
1751.52855939
1751.52855939
1751.52855939
1751.52855939
1751.52855939
1751.52855939
1751.52855939
1751.52855939
1751.52855939
1751.52855939
1751.52855939
1751.52855939
1751.52855939
1751.52855939
1751.52855939
1751.52855939
1751.52855939
1751.52855939
1751.52855939
1751.52855939
1751.52855939
1751.52855939
1751.52855939
1751.52855939
1751.52855939
1751.52855939
1751.52855939
1751.52855939
1751.52855939
1751.52855939
1751.52855939
1751.52855939
1751.52855939
1751.52855939
1751.52855939
1751.52855939
1751.52855939
1751.52855939
1751.52855939
1751.52855939
1751.52855939
1751.52855939
1751.52855939
1751.52855939
1751.52855939
1751.52855939
1751.52855939
1751.52855939
1751.52855939
1751.52855939
1751.52855939
1751.52855939
1751.52855939
1751.52855939
1751.52855939
1751.52855939
1751.52855939
1751.52855939
1751.52855939
1751.52855939
1751.52855939
1751.52855939
1751.52855939
1751.52855939
1751.52855939
1751.52855939
1751.52855939
1751.52855939
1751.52855939
1751.52855939
1751.52855939
1751.52855939
1751.52855939
1751.52855939
1751.52855939
1751.52855939
1751.52855939
1751.52855939
1751.52855939
1751.52855939
1751.52855939
1751.52855939
1751.52855939
1751.52855939
1751.52855939
1751.52855939
1751.52855939
1751.52855939
1751.52855939
1751.52855939
1751.52855939
1751.52855939
1751.52855939
1751.52855939
1751.52855939
1751.52855939
1751.52855939
1751.52855939
1751.52855939
1751.52855939
1751.52855939
1751.52855939
1751.52855939
1751.52855939
1751.52855939
1751.52855939
1751.52855939
1751.52855939
1751.52855939
1751.52855939
1751.52855939
1751.52855939
1751.52855939
1751.52855939
1751.52855939
1751.52855939
1751.52855939
1751.52855939
1751.52855939
1751.52855939
1751.52855939
1751.52855939
1751.52855939
1751.52855939
1751.52855939
1751.52855939
1751.52855939
1751.52855939
1751.52855939
1751.52855939
1751.52855939
1751.52855939
1751.52855939
1751.52855939
1751.52855939
1751.52855939
1751.52855939
1751.52855939
1751.52855939
1751.52855939
1751.52855939
1751.52855939
1751.52855939
1751.52855939
1751.52855939
1751.52855939
1751.52855939
1751.52855939
1751.52855939
1751.52855939
1751.52855939
1751.52855939
1751.52855939
1751.52855939
1751.52855939
1751.52855939
1751.52855939
1751.52855939
1751.52855939
1751.52855939
1751.52855939
1751.52855939
1751.52855939
1751.52855939
1751.52855939
1751.52855939
1751.52855939
1751.52855939
1751.52855939
1751.52855939
1751.52855939
1751.52855939
1751.52855939
1751.52855939
1751.52855939
1751.52855939
1751.52855939
1751.52855939
1751.52855939
1751.52855939
1751.52855939
1751.52855939
1751.52855939
1751.52855939
1751.52855939
1751.52855939
1751.52855939
1751.52855939
1751.52855939
1751.52855939
1751.52855939
1751.52855939
