1822.89653838
1822.89653838
1717.63582576
1716.36295519
1608.1110863
1608.1110863
1608.1110863
1608.1110863
1608.1110863
1608.1110863
1608.1110863
1593.18731283
1563.32762626
1563.32762626
1390.26112621
1314.12242182
1241.35151253
1216.2733908
1128.36935059
994.172798626
994.172798626
994.172798626
994.172798626
964.45265191
959.625280892
959.625280892
959.625280892
959.625280892
950.809926713
943.998882226
936.665438848
913.434953086
913.434953086
913.262128899
904.028560142
894.360216823
873.264433021
863.850228305
828.936866943
828.936866943
828.936866943
828.936866943
828.936866943
828.936866943
828.936866943
828.936866943
828.936866943
828.936866943
828.936866943
828.936866943
828.936866943
828.936866943
828.936866943
828.936866943
828.936866943
828.936866943
828.936866943
828.936866943
828.936866943
828.936866943
828.936866943
828.936866943
828.936866943
828.936866943
828.936866943
828.936866943
828.936866943
828.936866943
828.936866943
828.936866943
828.936866943
828.936866943
828.936866943
828.936866943
828.936866943
828.936866943
828.936866943
828.936866943
828.936866943
828.936866943
828.936866943
828.936866943
828.936866943
828.936866943
828.936866943
828.936866943
828.936866943
828.936866943
828.936866943
828.936866943
828.936866943
828.936866943
828.936866943
828.936866943
828.936866943
828.936866943
828.936866943
828.936866943
828.936866943
828.936866943
828.936866943
828.936866943
828.936866943
828.936866943
828.936866943
828.936866943
828.936866943
828.936866943
828.936866943
828.936866943
828.936866943
828.936866943
828.936866943
828.936866943
828.936866943
828.936866943
828.936866943
828.936866943
828.936866943
828.936866943
828.936866943
828.936866943
828.936866943
828.936866943
828.936866943
828.936866943
828.936866943
828.936866943
828.936866943
828.936866943
828.936866943
828.936866943
828.936866943
828.936866943
828.936866943
828.936866943
828.936866943
828.936866943
828.936866943
828.936866943
828.936866943
828.936866943
828.936866943
828.936866943
828.936866943
828.936866943
828.936866943
828.936866943
828.936866943
828.936866943
828.936866943
828.936866943
828.936866943
828.936866943
828.936866943
828.936866943
828.936866943
828.936866943
828.936866943
828.936866943
828.936866943
828.936866943
828.936866943
828.936866943
828.936866943
828.936866943
828.936866943
828.936866943
828.936866943
828.936866943
828.936866943
828.936866943
828.936866943
828.936866943
828.936866943
828.936866943
828.936866943
828.936866943
828.936866943
828.936866943
828.936866943
828.936866943
828.936866943
828.936866943
828.936866943
828.936866943
828.936866943
828.936866943
828.936866943
828.936866943
828.936866943
828.936866943
828.936866943
828.936866943
828.936866943
828.936866943
828.936866943
828.936866943
828.936866943
828.936866943
828.936866943
828.936866943
828.936866943
828.936866943
828.936866943
828.936866943
828.936866943
828.936866943
828.936866943
828.936866943
828.936866943
828.936866943
828.936866943
828.936866943
828.936866943
828.936866943
828.936866943
828.936866943
828.936866943
828.936866943
828.936866943
828.936866943
828.936866943
828.936866943
828.936866943
828.936866943
828.936866943
828.936866943
828.936866943
828.936866943
828.936866943
828.936866943
828.936866943
828.936866943
828.936866943
828.936866943
828.936866943
828.936866943
828.936866943
828.936866943
828.936866943
828.936866943
828.936866943
828.936866943
828.936866943
828.936866943
828.936866943
828.936866943
828.936866943
828.936866943
828.936866943
828.936866943
828.936866943
828.936866943
828.936866943
828.936866943
828.936866943
828.936866943
828.936866943
828.936866943
828.936866943
828.936866943
828.936866943
828.936866943
828.936866943
828.936866943
828.936866943
828.936866943
828.936866943
828.936866943
828.936866943
828.936866943
828.936866943
828.936866943
828.936866943
828.936866943
828.936866943
828.936866943
828.936866943
828.936866943
828.936866943
828.936866943
828.936866943
828.936866943
828.936866943
828.936866943
828.936866943
828.936866943
828.936866943
828.936866943
828.936866943
828.936866943
828.936866943
828.936866943
828.936866943
828.936866943
828.936866943
828.936866943
828.936866943
828.936866943
828.936866943
828.936866943
828.936866943
828.936866943
828.936866943
828.936866943
828.936866943
828.936866943
828.936866943
828.936866943
828.936866943
828.936866943
828.936866943
828.936866943
828.936866943
828.936866943
828.936866943
828.936866943
828.936866943
828.936866943
828.936866943
828.936866943
828.936866943
828.936866943
828.936866943
828.936866943
828.936866943
828.936866943
828.936866943
828.936866943
828.936866943
828.936866943
828.936866943
828.936866943
828.936866943
828.936866943
828.936866943
828.936866943
828.936866943
828.936866943
828.936866943
828.936866943
828.936866943
828.936866943
828.936866943
828.936866943
828.936866943
828.936866943
828.936866943
828.936866943
828.936866943
828.936866943
828.936866943
828.936866943
828.936866943
828.936866943
828.936866943
828.936866943
828.936866943
828.936866943
828.936866943
828.936866943
828.936866943
828.936866943
828.936866943
828.936866943
828.936866943
828.936866943
828.936866943
828.936866943
828.936866943
828.936866943
828.936866943
828.936866943
828.936866943
828.936866943
828.936866943
828.936866943
828.936866943
828.936866943
828.936866943
828.936866943
828.936866943
828.936866943
828.936866943
828.936866943
828.936866943
828.936866943
828.936866943
828.936866943
828.936866943
828.936866943
828.936866943
828.936866943
828.936866943
828.936866943
828.936866943
828.936866943
828.936866943
828.936866943
828.936866943
828.936866943
828.936866943
828.936866943
828.936866943
828.936866943
828.936866943
828.936866943
828.936866943
828.936866943
828.936866943
828.936866943
828.936866943
828.936866943
828.936866943
828.936866943
828.936866943
828.936866943
828.936866943
828.936866943
828.936866943
828.936866943
828.936866943
828.936866943
828.936866943
828.936866943
828.936866943
828.936866943
828.936866943
828.936866943
828.936866943
828.936866943
828.936866943
828.936866943
828.936866943
828.936866943
828.936866943
828.936866943
828.936866943
828.936866943
828.936866943
828.936866943
828.936866943
828.936866943
828.936866943
828.936866943
828.936866943
828.936866943
828.936866943
828.936866943
828.936866943
828.936866943
828.936866943
828.936866943
828.936866943
828.936866943
828.936866943
828.936866943
828.936866943
828.936866943
828.936866943
828.936866943
828.936866943
828.936866943
828.936866943
828.936866943
828.936866943
828.936866943
828.936866943
828.936866943
828.936866943
828.936866943
828.936866943
828.936866943
828.936866943
828.936866943
828.936866943
828.936866943
828.936866943
828.936866943
828.936866943
828.936866943
828.936866943
828.936866943
828.936866943
828.936866943
828.936866943
828.936866943
828.936866943
828.936866943
828.936866943
828.936866943
828.936866943
828.936866943
828.936866943
828.936866943
828.936866943
828.936866943
828.936866943
828.936866943
828.936866943
828.936866943
828.936866943
828.936866943
828.936866943
828.936866943
828.936866943
828.936866943
828.936866943
828.936866943
828.936866943
828.936866943
828.936866943
828.936866943
828.936866943
828.936866943
828.936866943
828.936866943
828.936866943
828.936866943
828.936866943
828.936866943
828.936866943
828.936866943
828.936866943
828.936866943
828.936866943
828.936866943
828.936866943
828.936866943
828.936866943
828.936866943
828.936866943
828.936866943
828.936866943
828.936866943
828.936866943
828.936866943
828.936866943
828.936866943
828.936866943
828.936866943
828.936866943
828.936866943
828.936866943
828.936866943
828.936866943
828.936866943
828.936866943
828.936866943
828.936866943
828.936866943
828.936866943
828.936866943
828.936866943
828.936866943
828.936866943
828.936866943
828.936866943
828.936866943
828.936866943
828.936866943
828.936866943
828.936866943
828.936866943
828.936866943
828.936866943
828.936866943
828.936866943
828.936866943
828.936866943
828.936866943
828.936866943
828.936866943
828.936866943
828.936866943
828.936866943
828.936866943
828.936866943
828.936866943
828.936866943
828.936866943
828.936866943
828.936866943
828.936866943
828.936866943
828.936866943
828.936866943
828.936866943
828.936866943
828.936866943
828.936866943
828.936866943
828.936866943
828.936866943
828.936866943
828.936866943
828.936866943
828.936866943
828.936866943
828.936866943
828.936866943
828.936866943
828.936866943
828.936866943
828.936866943
828.936866943
828.936866943
828.936866943
828.936866943
828.936866943
828.936866943
828.936866943
828.936866943
828.936866943
828.936866943
828.936866943
828.936866943
828.936866943
828.936866943
828.936866943
828.936866943
828.936866943
828.936866943
828.936866943
828.936866943
828.936866943
828.936866943
828.936866943
828.936866943
828.936866943
828.936866943
828.936866943
828.936866943
828.936866943
828.936866943
828.936866943
828.936866943
828.936866943
828.936866943
828.936866943
828.936866943
828.936866943
828.936866943
828.936866943
828.936866943
828.936866943
828.936866943
828.936866943
828.936866943
828.936866943
828.936866943
828.936866943
828.936866943
828.936866943
828.936866943
828.936866943
828.936866943
828.936866943
828.936866943
828.936866943
828.936866943
828.936866943
828.936866943
828.936866943
828.936866943
828.936866943
828.936866943
828.936866943
828.936866943
828.936866943
828.936866943
828.936866943
828.936866943
828.936866943
828.936866943
828.936866943
828.936866943
828.936866943
828.936866943
828.936866943
828.936866943
828.936866943
828.936866943
828.936866943
828.936866943
828.936866943
828.936866943
828.936866943
828.936866943
828.936866943
828.936866943
828.936866943
828.936866943
828.936866943
828.936866943
828.936866943
828.936866943
828.936866943
828.936866943
828.936866943
828.936866943
828.936866943
828.936866943
828.936866943
828.936866943
828.936866943
828.936866943
828.936866943
828.936866943
828.936866943
828.936866943
828.936866943
828.936866943
828.936866943
828.936866943
828.936866943
828.936866943
828.936866943
828.936866943
828.936866943
828.936866943
828.936866943
828.936866943
828.936866943
828.936866943
828.936866943
828.936866943
828.936866943
828.936866943
828.936866943
828.936866943
828.936866943
828.936866943
828.936866943
828.936866943
828.936866943
828.936866943
828.936866943
828.936866943
828.936866943
828.936866943
828.936866943
828.936866943
828.936866943
828.936866943
828.936866943
828.936866943
828.936866943
828.936866943
828.936866943
828.936866943
828.936866943
828.936866943
828.936866943
828.936866943
828.936866943
828.936866943
828.936866943
828.936866943
828.936866943
828.936866943
828.936866943
828.936866943
828.936866943
828.936866943
828.936866943
828.936866943
828.936866943
828.936866943
828.936866943
828.936866943
828.936866943
828.936866943
828.936866943
828.936866943
828.936866943
828.936866943
828.936866943
828.936866943
828.936866943
828.936866943
828.936866943
828.936866943
828.936866943
828.936866943
828.936866943
828.936866943
828.936866943
828.936866943
828.936866943
828.936866943
828.936866943
828.936866943
828.936866943
828.936866943
828.936866943
828.936866943
828.936866943
828.936866943
828.936866943
828.936866943
828.936866943
828.936866943
828.936866943
828.936866943
828.936866943
828.936866943
828.936866943
828.936866943
828.936866943
828.936866943
828.936866943
828.936866943
828.936866943
828.936866943
828.936866943
828.936866943
828.936866943
828.936866943
828.936866943
828.936866943
828.936866943
828.936866943
828.936866943
828.936866943
828.936866943
828.936866943
828.936866943
828.936866943
828.936866943
828.936866943
828.936866943
828.936866943
828.936866943
828.936866943
828.936866943
828.936866943
828.936866943
828.936866943
828.936866943
828.936866943
828.936866943
828.936866943
828.936866943
828.936866943
828.936866943
828.936866943
828.936866943
828.936866943
828.936866943
828.936866943
828.936866943
828.936866943
828.936866943
828.936866943
828.936866943
828.936866943
828.936866943
828.936866943
828.936866943
828.936866943
828.936866943
828.936866943
828.936866943
828.936866943
828.936866943
828.936866943
828.936866943
828.936866943
828.936866943
828.936866943
828.936866943
828.936866943
828.936866943
828.936866943
828.936866943
828.936866943
828.936866943
828.936866943
828.936866943
828.936866943
828.936866943
828.936866943
828.936866943
828.936866943
828.936866943
828.936866943
828.936866943
828.936866943
828.936866943
828.936866943
828.936866943
828.936866943
828.936866943
828.936866943
828.936866943
828.936866943
828.936866943
828.936866943
828.936866943
828.936866943
828.936866943
828.936866943
828.936866943
828.936866943
828.936866943
828.936866943
828.936866943
828.936866943
828.936866943
828.936866943
828.936866943
828.936866943
828.936866943
828.936866943
828.936866943
828.936866943
828.936866943
828.936866943
828.936866943
828.936866943
828.936866943
828.936866943
828.936866943
828.936866943
828.936866943
828.936866943
828.936866943
828.936866943
828.936866943
828.936866943
828.936866943
828.936866943
828.936866943
828.936866943
828.936866943
828.936866943
828.936866943
828.936866943
828.936866943
828.936866943
828.936866943
828.936866943
828.936866943
828.936866943
828.936866943
828.936866943
828.936866943
828.936866943
828.936866943
828.936866943
828.936866943
828.936866943
828.936866943
828.936866943
828.936866943
828.936866943
828.936866943
828.936866943
828.936866943
828.936866943
828.936866943
828.936866943
828.936866943
828.936866943
828.936866943
828.936866943
828.936866943
828.936866943
828.936866943
828.936866943
828.936866943
828.936866943
828.936866943
828.936866943
828.936866943
828.936866943
828.936866943
828.936866943
828.936866943
828.936866943
828.936866943
828.936866943
828.936866943
828.936866943
828.936866943
828.936866943
828.936866943
828.936866943
828.936866943
828.936866943
828.936866943
828.936866943
828.936866943
828.936866943
828.936866943
828.936866943
828.936866943
828.936866943
