1814.67125099
1814.67125099
1657.59716319
1518.1220958
1505.17014118
1505.17014118
1505.17014118
1505.17014118
1497.93765678
1497.93765678
1497.93765678
1418.48455986
1418.48455986
1418.48455986
1390.45391171
1253.83392416
1252.1409452
1055.11945225
1035.03641344
1035.03641344
1035.03641344
1035.03641344
1035.03641344
1018.09952181
1018.09952181
1018.09952181
994.865357258
926.606260277
926.606260277
926.606260277
919.857023812
919.857023812
919.857023812
913.187957049
913.187957049
905.657811421
895.613942294
895.17766326
891.855478381
875.47729209
875.47729209
875.47729209
875.47729209
875.47729209
853.697508522
853.697508522
853.697508522
853.697508522
853.697508522
853.697508522
853.697508522
853.697508522
853.697508522
853.697508522
853.697508522
853.697508522
853.697508522
853.697508522
853.697508522
853.697508522
853.541803571
848.766327952
848.100574332
848.100574332
848.100574332
845.266817787
835.605933705
835.605933705
835.605933705
835.605933705
835.605933705
835.605933705
835.605933705
835.605933705
828.936866943
828.936866943
828.936866943
828.936866943
828.936866943
828.936866943
828.936866943
828.936866943
828.936866943
828.936866943
828.936866943
828.936866943
828.936866943
828.936866943
828.936866943
828.936866943
828.936866943
828.936866943
828.936866943
828.936866943
828.936866943
828.936866943
828.936866943
828.936866943
828.936866943
828.936866943
828.936866943
828.936866943
828.936866943
828.936866943
828.936866943
828.936866943
828.936866943
828.936866943
828.936866943
828.936866943
828.936866943
828.936866943
828.936866943
828.936866943
828.936866943
828.936866943
828.936866943
828.936866943
828.936866943
828.936866943
828.936866943
828.936866943
828.936866943
828.936866943
828.936866943
828.936866943
828.936866943
828.936866943
828.936866943
828.936866943
828.936866943
828.936866943
828.936866943
828.936866943
828.936866943
828.936866943
828.936866943
828.936866943
828.936866943
828.936866943
828.936866943
828.936866943
828.936866943
828.936866943
828.936866943
828.936866943
828.936866943
828.936866943
828.936866943
828.936866943
828.936866943
828.936866943
828.936866943
828.936866943
828.936866943
828.936866943
828.936866943
828.936866943
828.936866943
828.936866943
828.936866943
828.936866943
828.936866943
828.936866943
828.936866943
828.936866943
828.936866943
828.936866943
828.936866943
828.936866943
828.936866943
828.936866943
828.936866943
828.936866943
828.936866943
828.936866943
828.936866943
828.936866943
828.936866943
828.936866943
828.936866943
828.936866943
828.936866943
828.936866943
828.936866943
828.936866943
828.936866943
828.936866943
828.936866943
828.936866943
828.936866943
828.936866943
828.936866943
828.936866943
828.936866943
828.936866943
828.936866943
828.936866943
828.936866943
828.936866943
828.936866943
828.936866943
828.936866943
828.936866943
828.936866943
828.936866943
828.936866943
828.936866943
828.936866943
828.936866943
828.936866943
828.936866943
828.936866943
828.936866943
828.936866943
828.936866943
828.936866943
828.936866943
828.936866943
828.936866943
828.936866943
828.936866943
828.936866943
828.936866943
828.936866943
828.936866943
828.936866943
828.936866943
828.936866943
828.936866943
828.936866943
828.936866943
828.936866943
828.936866943
828.936866943
828.936866943
828.936866943
828.936866943
828.936866943
828.936866943
828.936866943
828.936866943
828.936866943
828.936866943
828.936866943
828.936866943
828.936866943
828.936866943
828.936866943
828.936866943
828.936866943
828.936866943
828.936866943
828.936866943
828.936866943
828.936866943
828.936866943
828.936866943
828.936866943
828.936866943
828.936866943
828.936866943
828.936866943
828.936866943
828.936866943
828.936866943
828.936866943
828.936866943
828.936866943
828.936866943
828.936866943
828.936866943
828.936866943
828.936866943
828.936866943
828.936866943
828.936866943
828.936866943
828.936866943
828.936866943
828.936866943
828.936866943
828.936866943
828.936866943
828.936866943
828.936866943
828.936866943
828.936866943
828.936866943
828.936866943
828.936866943
828.936866943
828.936866943
828.936866943
828.936866943
828.936866943
828.936866943
828.936866943
828.936866943
828.936866943
828.936866943
828.936866943
828.936866943
828.936866943
828.936866943
828.936866943
828.936866943
828.936866943
828.936866943
828.936866943
828.936866943
828.936866943
828.936866943
828.936866943
828.936866943
828.936866943
828.936866943
828.936866943
828.936866943
828.936866943
828.936866943
828.936866943
828.936866943
828.936866943
828.936866943
828.936866943
828.936866943
828.936866943
828.936866943
828.936866943
828.936866943
828.936866943
828.936866943
828.936866943
828.936866943
828.936866943
828.936866943
828.936866943
828.936866943
828.936866943
828.936866943
828.936866943
828.936866943
828.936866943
828.936866943
828.936866943
828.936866943
828.936866943
828.936866943
828.936866943
828.936866943
828.936866943
828.936866943
828.936866943
828.936866943
828.936866943
828.936866943
828.936866943
828.936866943
828.936866943
828.936866943
828.936866943
828.936866943
828.936866943
828.936866943
828.936866943
828.936866943
828.936866943
828.936866943
828.936866943
828.936866943
828.936866943
828.936866943
828.936866943
828.936866943
828.936866943
828.936866943
828.936866943
828.936866943
828.936866943
828.936866943
828.936866943
828.936866943
828.936866943
828.936866943
828.936866943
828.936866943
828.936866943
828.936866943
828.936866943
828.936866943
828.936866943
828.936866943
828.936866943
828.936866943
828.936866943
828.936866943
828.936866943
828.936866943
828.936866943
828.936866943
828.936866943
828.936866943
828.936866943
828.936866943
828.936866943
828.936866943
828.936866943
828.936866943
828.936866943
828.936866943
828.936866943
828.936866943
828.936866943
828.936866943
828.936866943
828.936866943
828.936866943
828.936866943
828.936866943
828.936866943
828.936866943
828.936866943
828.936866943
828.936866943
828.936866943
828.936866943
828.936866943
828.936866943
828.936866943
828.936866943
828.936866943
828.936866943
828.936866943
828.936866943
828.936866943
828.936866943
828.936866943
828.936866943
828.936866943
828.936866943
828.936866943
828.936866943
828.936866943
828.936866943
828.936866943
828.936866943
828.936866943
828.936866943
828.936866943
828.936866943
828.936866943
828.936866943
828.936866943
828.936866943
828.936866943
828.936866943
828.936866943
828.936866943
828.936866943
828.936866943
828.936866943
828.936866943
828.936866943
828.936866943
828.936866943
828.936866943
828.936866943
828.936866943
828.936866943
828.936866943
828.936866943
828.936866943
828.936866943
828.936866943
828.936866943
828.936866943
828.936866943
828.936866943
828.936866943
828.936866943
828.936866943
828.936866943
828.936866943
828.936866943
828.936866943
828.936866943
828.936866943
828.936866943
828.936866943
828.936866943
828.936866943
828.936866943
828.936866943
828.936866943
828.936866943
828.936866943
828.936866943
828.936866943
828.936866943
828.936866943
828.936866943
828.936866943
828.936866943
828.936866943
828.936866943
828.936866943
828.936866943
828.936866943
828.936866943
828.936866943
828.936866943
828.936866943
828.936866943
828.936866943
828.936866943
828.936866943
828.936866943
828.936866943
828.936866943
828.936866943
828.936866943
828.936866943
828.936866943
828.936866943
828.936866943
828.936866943
828.936866943
828.936866943
828.936866943
828.936866943
828.936866943
828.936866943
828.936866943
828.936866943
828.936866943
828.936866943
828.936866943
828.936866943
828.936866943
828.936866943
828.936866943
828.936866943
828.936866943
828.936866943
828.936866943
828.936866943
828.936866943
828.936866943
828.936866943
828.936866943
828.936866943
828.936866943
828.936866943
828.936866943
828.936866943
828.936866943
828.936866943
828.936866943
828.936866943
828.936866943
828.936866943
828.936866943
828.936866943
828.936866943
828.936866943
828.936866943
828.936866943
828.936866943
828.936866943
828.936866943
828.936866943
828.936866943
828.936866943
828.936866943
828.936866943
828.936866943
828.936866943
828.936866943
828.936866943
828.936866943
828.936866943
828.936866943
828.936866943
828.936866943
828.936866943
828.936866943
828.936866943
828.936866943
828.936866943
828.936866943
828.936866943
828.936866943
828.936866943
828.936866943
828.936866943
828.936866943
828.936866943
828.936866943
828.936866943
828.936866943
828.936866943
828.936866943
828.936866943
828.936866943
828.936866943
828.936866943
828.936866943
828.936866943
828.936866943
828.936866943
828.936866943
828.936866943
828.936866943
828.936866943
828.936866943
828.936866943
828.936866943
828.936866943
828.936866943
828.936866943
828.936866943
828.936866943
828.936866943
828.936866943
828.936866943
828.936866943
828.936866943
828.936866943
828.936866943
828.936866943
828.936866943
828.936866943
828.936866943
828.936866943
828.936866943
828.936866943
828.936866943
828.936866943
828.936866943
828.936866943
828.936866943
828.936866943
828.936866943
828.936866943
828.936866943
828.936866943
828.936866943
828.936866943
828.936866943
828.936866943
828.936866943
828.936866943
828.936866943
828.936866943
828.936866943
828.936866943
828.936866943
828.936866943
828.936866943
828.936866943
828.936866943
828.936866943
828.936866943
828.936866943
828.936866943
828.936866943
828.936866943
828.936866943
828.936866943
828.936866943
828.936866943
828.936866943
828.936866943
828.936866943
828.936866943
828.936866943
828.936866943
828.936866943
828.936866943
828.936866943
828.936866943
828.936866943
828.936866943
828.936866943
828.936866943
828.936866943
828.936866943
828.936866943
828.936866943
828.936866943
828.936866943
828.936866943
828.936866943
828.936866943
828.936866943
828.936866943
828.936866943
828.936866943
828.936866943
828.936866943
828.936866943
828.936866943
828.936866943
828.936866943
828.936866943
828.936866943
828.936866943
828.936866943
828.936866943
828.936866943
828.936866943
828.936866943
828.936866943
828.936866943
828.936866943
828.936866943
828.936866943
828.936866943
828.936866943
828.936866943
828.936866943
828.936866943
828.936866943
828.936866943
828.936866943
828.936866943
828.936866943
828.936866943
828.936866943
828.936866943
828.936866943
828.936866943
828.936866943
828.936866943
828.936866943
828.936866943
828.936866943
828.936866943
828.936866943
828.936866943
828.936866943
828.936866943
828.936866943
828.936866943
828.936866943
828.936866943
828.936866943
828.936866943
828.936866943
828.936866943
828.936866943
828.936866943
828.936866943
828.936866943
828.936866943
828.936866943
828.936866943
828.936866943
828.936866943
828.936866943
828.936866943
828.936866943
828.936866943
828.936866943
828.936866943
828.936866943
828.936866943
828.936866943
828.936866943
828.936866943
828.936866943
828.936866943
828.936866943
828.936866943
828.936866943
828.936866943
828.936866943
828.936866943
828.936866943
828.936866943
828.936866943
828.936866943
828.936866943
828.936866943
828.936866943
828.936866943
828.936866943
828.936866943
828.936866943
828.936866943
828.936866943
828.936866943
828.936866943
828.936866943
828.936866943
828.936866943
828.936866943
828.936866943
828.936866943
828.936866943
828.936866943
828.936866943
828.936866943
828.936866943
828.936866943
828.936866943
828.936866943
828.936866943
828.936866943
828.936866943
828.936866943
828.936866943
828.936866943
828.936866943
828.936866943
828.936866943
828.936866943
828.936866943
828.936866943
828.936866943
828.936866943
828.936866943
828.936866943
828.936866943
828.936866943
828.936866943
828.936866943
828.936866943
828.936866943
828.936866943
828.936866943
828.936866943
828.936866943
828.936866943
828.936866943
828.936866943
828.936866943
828.936866943
828.936866943
828.936866943
828.936866943
828.936866943
828.936866943
828.936866943
828.936866943
828.936866943
828.936866943
828.936866943
828.936866943
828.936866943
828.936866943
828.936866943
828.936866943
828.936866943
828.936866943
828.936866943
828.936866943
828.936866943
828.936866943
828.936866943
828.936866943
828.936866943
828.936866943
828.936866943
828.936866943
828.936866943
828.936866943
828.936866943
828.936866943
828.936866943
828.936866943
828.936866943
828.936866943
828.936866943
828.936866943
828.936866943
828.936866943
828.936866943
828.936866943
828.936866943
828.936866943
828.936866943
828.936866943
828.936866943
828.936866943
828.936866943
828.936866943
828.936866943
828.936866943
828.936866943
828.936866943
828.936866943
828.936866943
828.936866943
828.936866943
828.936866943
828.936866943
828.936866943
828.936866943
828.936866943
828.936866943
828.936866943
828.936866943
828.936866943
828.936866943
828.936866943
828.936866943
828.936866943
828.936866943
828.936866943
828.936866943
828.936866943
828.936866943
828.936866943
828.936866943
828.936866943
828.936866943
828.936866943
828.936866943
828.936866943
828.936866943
828.936866943
828.936866943
828.936866943
828.936866943
828.936866943
828.936866943
828.936866943
828.936866943
828.936866943
828.936866943
828.936866943
828.936866943
828.936866943
828.936866943
828.936866943
828.936866943
828.936866943
828.936866943
828.936866943
828.936866943
828.936866943
828.936866943
828.936866943
828.936866943
828.936866943
828.936866943
828.936866943
828.936866943
828.936866943
828.936866943
828.936866943
828.936866943
828.936866943
828.936866943
828.936866943
828.936866943
828.936866943
828.936866943
828.936866943
828.936866943
828.936866943
828.936866943
828.936866943
828.936866943
828.936866943
828.936866943
828.936866943
828.936866943
828.936866943
828.936866943
828.936866943
828.936866943
828.936866943
828.936866943
828.936866943
828.936866943
828.936866943
828.936866943
828.936866943
828.936866943
828.936866943
828.936866943
828.936866943
828.936866943
828.936866943
828.936866943
828.936866943
828.936866943
828.936866943
828.936866943
828.936866943
828.936866943
828.936866943
828.936866943
828.936866943
828.936866943
828.936866943
828.936866943
