1843.4232204749999
1826.790063114
1739.029730408
1671.0962804229998
1605.295294948
1549.589105868
1508.9407687560001
1482.6964199170002
1429.236662979
1410.087798035
1384.533771731
1362.389828717
1345.34090774
1300.860052827
1272.8379524389998
1202.065607983
1172.4155391300003
1124.7160410631
1087.8929965662999
1062.6631891416
1048.9344640993
1036.2790797839002
1014.4788221945
1004.0541426778
984.7238521757001
969.2722265219002
961.7168190582
950.1487550166
942.3243916739
939.3754636975
923.0406935930001
918.9080300072001
915.5636230717
906.6604919232999
905.7371350476
903.0682086851999
898.8676992380999
892.5815216621
884.4340391955
882.7962205664
880.1346827677
877.7519496005
872.0388223598999
862.9936494513
860.2398395241
858.4012422620001
858.4012422620001
858.4012422620001
858.4012422620001
857.7734677159
857.7734677159
857.7734677159
857.308612384
857.3048556187999
856.4351067355999
856.3623223655999
854.9945832342
854.8717994818
854.5680130046
853.8155621612001
853.7206059396
853.2430583777001
853.1764830157001
853.1764830157001
853.1764830157001
852.8931073612
849.5711764941001
849.2964734084001
849.2964734084001
849.1736896561
849.1736896561
848.6284034256001
848.6284034256001
848.6284034256001
847.9614967494001
847.7301840298002
847.7301840298002
847.7301840298002
847.7301840298002
847.7301840298002
847.7301840298002
847.7301840298002
847.7301840298002
847.7301840298002
847.7301840298002
847.7301840298002
847.7301840298002
847.7301840298002
847.7301840298002
847.7301840298002
847.7301840298002
847.7301840298002
847.7301840298002
847.7301840298002
847.5743172747001
845.5935580711
845.5617233402002
844.6784105923001
844.6784105923001
844.6784105923001
844.6784105923001
844.6784105923001
844.6784105923001
844.6784105923001
844.6784105923001
844.6784105923001
844.6784105923001
844.6784105923001
844.6784105923001
843.7414904516002
843.7414904516002
843.7414904516002
843.7024348508
843.6975014826
843.0795702383
843.0795702383
843.0795702383
843.0795702383
843.0795702383
843.0795702383
843.0795702383
843.0795702383
841.0245012515
841.0245012515
841.0245012515
841.0245012515
841.0245012515
841.0245012515
841.0245012515
841.0245012515
841.0245012515
841.0245012515
841.0245012515
841.0245012515
841.0245012515
841.0245012515
841.0245012515
841.0245012515
841.0245012515
841.0245012515
841.0245012515
841.0245012515
841.0245012515
841.0245012515
841.0245012515
841.0245012515
841.0245012515
840.5531626976999
840.5531626976999
840.5531626976999
840.5531626976999
840.5531626976999
840.5531626976999
840.5531626976999
840.5531626976999
840.5531626976999
840.5531626976999
840.5531626976999
840.5531626976999
840.5531626976999
840.5531626976999
840.5531626976999
840.5531626976999
840.5531626976999
840.5531626976999
840.5531626976999
840.5531626976999
840.5531626976999
840.5531626976999
840.5531626976999
840.5531626976999
840.5531626976999
840.5531626976999
840.5531626976999
840.5531626976999
840.5531626976999
840.5531626976999
840.5531626976999
840.5531626976999
840.5531626976999
840.5531626976999
840.5531626976999
840.5531626976999
840.5531626976999
840.5531626976999
840.5531626976999
840.5531626976999
840.5531626976999
840.5531626976999
840.5531626976999
840.5531626976999
840.5531626976999
840.5531626976999
840.5531626976999
840.5531626976999
840.5531626976999
840.5531626976999
840.3861718258
840.2059757285
840.1114687400001
840.1114687400001
839.9312726427
839.9312726427
839.9312726427
839.9312726427
839.9312726427
839.9312726427
839.9312726427
839.9312726427
839.9312726427
839.9312726427
839.9312726427
839.9312726427
839.9312726427
839.9312726427
839.9312726427
839.9312726427
839.9312726427
839.9312726427
839.9312726427
839.9312726427
839.9312726427
839.9312726427
839.9312726427
839.9312726427
839.9312726427
839.9312726427
839.9312726427
839.9312726427
839.9312726427
839.9312726427
839.9312726427
839.9312726427
839.9312726427
839.9312726427
839.9312726427
839.9312726427
839.9312726427
839.9312726427
839.9312726427
839.9312726427
839.9312726427
839.9312726427
839.9312726427
839.9312726427
839.9312726427
839.9312726427
839.9312726427
839.9312726427
839.9312726427
839.9312726427
839.9312726427
839.9312726427
837.7147201367001
837.7147201367001
837.7147201367001
837.7147201367001
837.7147201367001
837.7147201367001
837.7147201367001
837.7147201367001
837.7147201367001
837.7147201367001
837.7147201367001
837.7147201367001
837.7147201367001
837.7147201367001
837.7147201367001
837.7147201367001
837.7147201367001
837.7147201367001
837.7147201367001
837.7147201367001
837.7147201367001
837.7147201367001
837.7147201367001
837.7147201367001
837.7147201367001
837.7147201367001
837.7147201367001
837.7147201367001
837.7147201367001
837.7147201367001
837.7147201367001
837.7147201367001
837.7147201367001
837.7147201367001
837.7147201367001
837.7147201367001
837.7147201367001
837.7147201367001
837.7147201367001
837.7147201367001
837.7147201367001
837.7147201367001
837.7147201367001
837.7147201367001
837.7147201367001
837.7147201367001
837.7147201367001
837.7147201367001
837.7147201367001
837.7147201367001
837.7147201367001
837.7147201367001
837.7147201367001
837.7147201367001
837.7147201367001
837.7147201367001
837.7147201367001
837.7147201367001
837.7147201367001
837.7147201367001
837.7147201367001
837.7147201367001
837.7147201367001
837.7147201367001
837.7147201367001
837.7147201367001
837.7147201367001
837.7147201367001
837.7147201367001
837.7147201367001
837.7147201367001
837.7147201367001
837.7147201367001
837.7147201367001
837.7147201367001
837.7147201367001
837.7147201367001
837.7147201367001
837.7147201367001
837.7147201367001
837.7147201367001
837.7147201367001
837.7147201367001
837.7147201367001
837.7147201367001
837.7147201367001
837.7147201367001
837.7147201367001
837.7147201367001
837.7147201367001
837.7147201367001
837.7147201367001
837.7147201367001
837.7147201367001
837.7147201367001
837.7147201367001
837.7147201367001
837.7147201367001
837.7147201367001
837.7147201367001
837.7147201367001
837.7147201367001
837.7147201367001
837.7147201367001
837.7147201367001
837.7147201367001
837.7147201367001
837.7147201367001
837.7147201367001
837.7147201367001
837.7147201367001
837.7147201367001
837.7147201367001
837.7147201367001
837.7147201367001
837.7147201367001
837.7147201367001
837.7147201367001
837.7147201367001
837.7147201367001
837.7147201367001
837.7147201367001
837.7147201367001
837.7147201367001
837.7147201367001
837.7147201367001
837.7147201367001
837.7147201367001
837.7147201367001
837.7147201367001
837.7147201367001
837.7147201367001
837.7147201367001
837.7147201367001
837.7147201367001
837.7147201367001
837.7147201367001
837.7147201367001
837.7147201367001
837.7147201367001
837.7147201367001
837.7147201367001
837.7147201367001
837.7147201367001
837.7147201367001
837.7147201367001
837.7147201367001
837.7147201367001
837.7147201367001
837.7147201367001
837.7147201367001
837.7147201367001
837.7147201367001
837.7147201367001
837.7147201367001
837.7147201367001
837.7147201367001
837.7147201367001
837.7147201367001
837.7147201367001
837.7147201367001
837.7147201367001
837.7147201367001
837.7147201367001
837.7147201367001
837.7147201367001
837.7147201367001
837.7147201367001
837.7147201367001
837.7147201367001
837.7147201367001
837.7147201367001
837.7147201367001
837.7147201367001
837.7147201367001
837.7147201367001
837.7147201367001
837.7147201367001
837.7147201367001
837.7147201367001
837.7147201367001
837.7147201367001
837.7147201367001
837.7147201367001
837.7147201367001
837.7147201367001
837.7147201367001
837.7147201367001
837.7147201367001
837.7147201367001
837.7147201367001
837.7147201367001
837.7147201367001
837.7147201367001
837.7147201367001
837.7147201367001
837.7147201367001
837.7147201367001
837.7147201367001
837.7147201367001
837.7147201367001
837.7147201367001
837.7147201367001
837.7147201367001
837.7147201367001
837.7147201367001
837.7147201367001
837.7147201367001
837.7147201367001
837.7147201367001
837.7147201367001
837.7147201367001
837.7147201367001
837.7147201367001
837.7147201367001
837.7147201367001
837.7147201367001
837.7147201367001
837.7147201367001
837.7147201367001
837.7147201367001
837.7147201367001
837.7147201367001
837.7147201367001
837.7147201367001
837.7147201367001
837.7147201367001
837.7147201367001
837.7147201367001
837.7147201367001
837.7147201367001
837.7147201367001
837.7147201367001
837.7147201367001
837.7147201367001
837.7147201367001
837.7147201367001
837.7147201367001
837.7147201367001
837.7147201367001
837.7147201367001
837.7147201367001
837.7147201367001
837.7147201367001
837.7147201367001
837.7147201367001
837.7147201367001
837.7147201367001
837.7147201367001
837.7147201367001
837.7147201367001
837.7147201367001
837.7147201367001
837.7147201367001
837.7147201367001
837.7147201367001
837.7147201367001
837.7147201367001
837.7147201367001
837.7147201367001
837.7147201367001
837.7147201367001
837.7147201367001
837.7147201367001
837.7147201367001
837.7147201367001
837.7147201367001
837.7147201367001
837.7147201367001
837.7147201367001
837.7147201367001
837.7147201367001
837.7147201367001
837.7147201367001
837.7147201367001
837.7147201367001
837.7147201367001
837.7147201367001
837.7147201367001
837.7147201367001
837.7147201367001
837.7147201367001
837.7147201367001
837.7147201367001
837.7147201367001
837.7147201367001
837.7147201367001
837.7147201367001
837.7147201367001
837.7147201367001
837.7147201367001
837.7147201367001
837.7147201367001
837.7147201367001
837.7147201367001
837.7147201367001
837.7147201367001
837.7147201367001
837.7147201367001
837.7147201367001
837.7147201367001
837.7147201367001
837.7147201367001
837.7147201367001
837.7147201367001
837.7147201367001
837.7147201367001
837.7147201367001
837.7147201367001
837.7147201367001
837.7147201367001
837.7147201367001
837.7147201367001
837.7147201367001
837.7147201367001
837.7147201367001
837.7147201367001
837.7147201367001
837.7147201367001
837.7147201367001
837.7147201367001
837.7147201367001
837.7147201367001
837.7147201367001
837.7147201367001
837.7147201367001
837.7147201367001
837.7147201367001
837.7147201367001
837.7147201367001
837.7147201367001
837.7147201367001
837.7147201367001
837.7147201367001
837.7147201367001
837.7147201367001
837.7147201367001
837.7147201367001
837.7147201367001
837.7147201367001
837.7147201367001
837.7147201367001
837.7147201367001
837.7147201367001
837.7147201367001
837.7147201367001
837.7147201367001
837.7147201367001
837.7147201367001
837.7147201367001
837.7147201367001
837.7147201367001
837.7147201367001
837.7147201367001
837.7147201367001
837.7147201367001
837.7147201367001
837.7147201367001
837.7147201367001
837.7147201367001
837.7147201367001
837.7147201367001
837.7147201367001
837.7147201367001
837.7147201367001
837.7147201367001
837.7147201367001
837.7147201367001
837.7147201367001
837.7147201367001
837.7147201367001
837.7147201367001
837.7147201367001
837.7147201367001
837.7147201367001
837.7147201367001
837.7147201367001
837.7147201367001
837.7147201367001
837.7147201367001
837.7147201367001
837.7147201367001
837.7147201367001
837.7147201367001
837.7147201367001
837.7147201367001
837.7147201367001
837.7147201367001
837.7147201367001
837.7147201367001
837.7147201367001
837.7147201367001
837.7147201367001
837.7147201367001
837.7147201367001
837.7147201367001
837.7147201367001
837.7147201367001
837.7147201367001
837.7147201367001
837.7147201367001
837.7147201367001
837.7147201367001
837.7147201367001
837.7147201367001
837.7147201367001
837.7147201367001
837.7147201367001
837.7147201367001
837.7147201367001
837.7147201367001
837.7147201367001
837.7147201367001
837.7147201367001
837.7147201367001
837.7147201367001
837.7147201367001
837.7147201367001
837.7147201367001
837.7147201367001
837.7147201367001
837.7147201367001
837.7147201367001
837.7147201367001
837.7147201367001
837.7147201367001
837.7147201367001
837.7147201367001
837.7147201367001
837.7147201367001
837.7147201367001
837.7147201367001
837.7147201367001
837.7147201367001
837.7147201367001
837.7147201367001
837.7147201367001
837.7147201367001
837.7147201367001
837.7147201367001
837.7147201367001
837.7147201367001
837.7147201367001
837.7147201367001
837.7147201367001
837.7147201367001
837.7147201367001
837.7147201367001
837.7147201367001
837.7147201367001
837.7147201367001
837.7147201367001
837.7147201367001
837.7147201367001
837.7147201367001
837.7147201367001
837.7147201367001
837.7147201367001
837.7147201367001
837.7147201367001
837.7147201367001
837.7147201367001
837.7147201367001
837.7147201367001
837.7147201367001
837.7147201367001
837.7147201367001
837.7147201367001
837.7147201367001
837.7147201367001
837.7147201367001
837.7147201367001
837.7147201367001
837.7147201367001
837.7147201367001
837.7147201367001
837.7147201367001
837.7147201367001
837.7147201367001
837.7147201367001
837.7147201367001
837.7147201367001
837.7147201367001
837.7147201367001
837.7147201367001
837.7147201367001
837.7147201367001
837.7147201367001
837.7147201367001
837.7147201367001
837.7147201367001
837.7147201367001
837.7147201367001
837.7147201367001
837.7147201367001
837.7147201367001
837.7147201367001
837.7147201367001
837.7147201367001
837.7147201367001
837.7147201367001
837.7147201367001
837.7147201367001
837.7147201367001
837.7147201367001
837.7147201367001
837.7147201367001
837.7147201367001
837.7147201367001
837.7147201367001
837.7147201367001
837.7147201367001
837.7147201367001
837.7147201367001
837.7147201367001
837.7147201367001
837.7147201367001
837.7147201367001
837.7147201367001
837.7147201367001
837.7147201367001
837.7147201367001
837.7147201367001
837.7147201367001
837.7147201367001
837.7147201367001
837.7147201367001
837.7147201367001
837.7147201367001
837.7147201367001
837.7147201367001
837.7147201367001
837.7147201367001
837.7147201367001
837.7147201367001
837.7147201367001
837.7147201367001
837.7147201367001
837.7147201367001
837.7147201367001
837.7147201367001
837.7147201367001
837.7147201367001
837.7147201367001
837.7147201367001
837.7147201367001
837.7147201367001
837.7147201367001
837.7147201367001
837.7147201367001
837.7147201367001
837.7147201367001
837.7147201367001
837.7147201367001
837.7147201367001
837.7147201367001
837.7147201367001
837.7147201367001
837.7147201367001
837.7147201367001
837.7147201367001
837.7147201367001
837.7147201367001
837.7147201367001
837.7147201367001
837.7147201367001
837.7147201367001
837.7147201367001
837.7147201367001
837.7147201367001
837.7147201367001
837.7147201367001
837.7147201367001
837.7147201367001
837.7147201367001
837.7147201367001
837.7147201367001
837.7147201367001
837.7147201367001
837.7147201367001
837.7147201367001
837.7147201367001
837.7147201367001
837.7147201367001
837.7147201367001
837.7147201367001
837.7147201367001
837.7147201367001
837.7147201367001
837.7147201367001
837.7147201367001
837.7147201367001
837.7147201367001
837.7147201367001
837.7147201367001
837.7147201367001
837.7147201367001
837.7147201367001
837.7147201367001
837.7147201367001
837.7147201367001
837.7147201367001
837.7147201367001
837.7147201367001
837.7147201367001
837.7147201367001
837.7147201367001
837.7147201367001
837.7147201367001
837.7147201367001
837.7147201367001
837.7147201367001
837.7147201367001
837.7147201367001
837.7147201367001
837.7147201367001
837.7147201367001
837.7147201367001
837.7147201367001
837.7147201367001
837.7147201367001
837.7147201367001
837.7147201367001
837.7147201367001
837.7147201367001
837.7147201367001
837.7147201367001
837.7147201367001
837.7147201367001
837.7147201367001
837.7147201367001
837.7147201367001
837.7147201367001
837.7147201367001
837.7147201367001
837.7147201367001
837.7147201367001
837.7147201367001
837.7147201367001
837.7147201367001
837.7147201367001
837.7147201367001
837.7147201367001
837.7147201367001
837.7147201367001
837.7147201367001
837.7147201367001
837.7147201367001
837.7147201367001
837.7147201367001
837.7147201367001
837.7147201367001
837.7147201367001
837.7147201367001
837.7147201367001
837.7147201367001
837.7147201367001
837.7147201367001
837.7147201367001
837.7147201367001
837.7147201367001
837.7147201367001
837.7147201367001
837.7147201367001
837.7147201367001
837.7147201367001
837.7147201367001
837.7147201367001
837.7147201367001
837.7147201367001
837.7147201367001
837.7147201367001
837.7147201367001
837.7147201367001
837.7147201367001
837.7147201367001
837.7147201367001
837.7147201367001
837.7147201367001
837.7147201367001
837.7147201367001
837.7147201367001
837.7147201367001
837.7147201367001
837.7147201367001
837.7147201367001
837.7147201367001
837.7147201367001
837.7147201367001
837.7147201367001
837.7147201367001
837.7147201367001
837.7147201367001
837.7147201367001
837.7147201367001
837.7147201367001
837.7147201367001
837.7147201367001
837.7147201367001
837.7147201367001
837.7147201367001
837.7147201367001
837.7147201367001
837.7147201367001
837.7147201367001
837.7147201367001
837.7147201367001
837.7147201367001
837.7147201367001
837.7147201367001
837.7147201367001
837.7147201367001
837.7147201367001
837.7147201367001
837.7147201367001
837.7147201367001
837.7147201367001
837.7147201367001
837.7147201367001
837.7147201367001
837.7147201367001
837.7147201367001
837.7147201367001
837.7147201367001
837.7147201367001
837.7147201367001
837.7147201367001
837.7147201367001
837.7147201367001
837.7147201367001
837.7147201367001
837.7147201367001
837.7147201367001
837.7147201367001
837.7147201367001
837.7147201367001
837.7147201367001
837.7147201367001
837.7147201367001
837.7147201367001
837.7147201367001
837.7147201367001
837.7147201367001
837.7147201367001
837.7147201367001
837.7147201367001
837.7147201367001
