1897.64105662
1853.56661603
1853.56661603
1786.47240922
1773.178994
1743.7395494
1743.7395494
1584.12046533
1242.57967539
1242.57967539
1232.97490948
1232.97490948
1167.85158919
1167.85158919
1157.45551539
1150.82591381
1103.57167808
1103.57167808
1087.90014508
1013.63603248
1001.29606966
1001.29606966
965.354577659
945.189161422
918.660534513
854.769641095
854.769641095
854.769641095
854.769641095
854.769641095
854.769641095
854.769641095
854.769641095
853.541803571
853.541803571
853.541803571
853.541803571
848.100574332
848.100574332
848.100574332
848.100574332
848.100574332
848.100574332
848.100574332
848.100574332
848.100574332
848.100574332
848.100574332
848.100574332
848.100574332
848.100574332
848.100574332
848.100574332
848.100574332
848.100574332
848.100574332
848.100574332
848.100574332
848.100574332
848.100574332
848.100574332
848.100574332
848.100574332
848.100574332
848.100574332
848.100574332
848.100574332
848.100574332
848.100574332
848.100574332
848.100574332
848.100574332
848.100574332
848.100574332
848.100574332
848.100574332
848.100574332
848.100574332
848.100574332
848.100574332
848.100574332
848.100574332
848.100574332
848.100574332
848.100574332
848.100574332
848.100574332
848.100574332
848.100574332
848.100574332
848.100574332
848.100574332
848.100574332
848.100574332
848.100574332
848.100574332
848.100574332
848.100574332
848.100574332
848.100574332
848.100574332
848.100574332
848.100574332
848.100574332
848.100574332
848.100574332
848.100574332
848.100574332
848.100574332
848.100574332
848.100574332
848.100574332
848.100574332
848.100574332
848.100574332
848.100574332
848.100574332
848.100574332
848.100574332
848.100574332
848.100574332
848.100574332
848.100574332
848.100574332
848.100574332
848.100574332
848.100574332
848.100574332
848.100574332
848.100574332
848.100574332
848.100574332
848.100574332
848.100574332
848.100574332
848.100574332
848.100574332
848.100574332
848.100574332
848.100574332
848.100574332
848.100574332
848.100574332
848.100574332
848.100574332
848.100574332
848.100574332
848.100574332
848.100574332
848.100574332
848.100574332
848.100574332
848.100574332
848.100574332
848.100574332
848.100574332
848.100574332
848.100574332
848.100574332
848.100574332
848.100574332
848.100574332
848.100574332
848.100574332
848.100574332
848.100574332
848.100574332
848.100574332
848.100574332
848.100574332
848.100574332
848.100574332
848.100574332
848.100574332
848.100574332
848.100574332
848.100574332
848.100574332
848.100574332
848.100574332
848.100574332
848.100574332
848.100574332
848.100574332
848.100574332
848.100574332
848.100574332
848.100574332
848.100574332
848.100574332
848.100574332
848.100574332
848.100574332
848.100574332
848.100574332
848.100574332
848.100574332
848.100574332
848.100574332
848.100574332
848.100574332
848.100574332
848.100574332
848.100574332
848.100574332
848.100574332
848.100574332
848.100574332
848.100574332
848.100574332
848.100574332
848.100574332
848.100574332
848.100574332
848.100574332
848.100574332
848.100574332
848.100574332
848.100574332
848.100574332
848.100574332
848.100574332
848.100574332
848.100574332
848.100574332
848.100574332
848.100574332
848.100574332
848.100574332
848.100574332
848.100574332
848.100574332
848.100574332
848.100574332
848.100574332
848.100574332
848.100574332
848.100574332
848.100574332
848.100574332
848.100574332
848.100574332
848.100574332
848.100574332
848.100574332
848.100574332
848.100574332
848.100574332
848.100574332
848.100574332
848.100574332
848.100574332
848.100574332
848.100574332
848.100574332
848.100574332
848.100574332
848.100574332
848.100574332
848.100574332
848.100574332
848.100574332
848.100574332
848.100574332
848.100574332
848.100574332
848.100574332
848.100574332
848.100574332
848.100574332
848.100574332
848.100574332
848.100574332
848.100574332
848.100574332
848.100574332
848.100574332
848.100574332
848.100574332
848.100574332
848.100574332
848.100574332
848.100574332
848.100574332
848.100574332
848.100574332
848.100574332
848.100574332
848.100574332
848.100574332
848.100574332
848.100574332
848.100574332
848.100574332
848.100574332
848.100574332
848.100574332
848.100574332
848.100574332
848.100574332
848.100574332
848.100574332
848.100574332
848.100574332
848.100574332
848.100574332
848.100574332
848.100574332
848.100574332
848.100574332
848.100574332
848.100574332
848.100574332
848.100574332
848.100574332
848.100574332
848.100574332
848.100574332
848.100574332
848.100574332
848.100574332
848.100574332
848.100574332
848.100574332
848.100574332
848.100574332
848.100574332
848.100574332
848.100574332
848.100574332
848.100574332
848.100574332
848.100574332
848.100574332
848.100574332
848.100574332
848.100574332
848.100574332
848.100574332
848.100574332
848.100574332
848.100574332
848.100574332
848.100574332
848.100574332
848.100574332
848.100574332
848.100574332
848.100574332
848.100574332
848.100574332
848.100574332
848.100574332
848.100574332
848.100574332
848.100574332
848.100574332
848.100574332
848.100574332
848.100574332
848.100574332
848.100574332
848.100574332
848.100574332
848.100574332
848.100574332
848.100574332
848.100574332
848.100574332
848.100574332
848.100574332
848.100574332
848.100574332
848.100574332
848.100574332
848.100574332
848.100574332
848.100574332
848.100574332
848.100574332
848.100574332
848.100574332
848.100574332
848.100574332
848.100574332
848.100574332
848.100574332
848.100574332
848.100574332
848.100574332
848.100574332
848.100574332
848.100574332
848.100574332
848.100574332
848.100574332
848.100574332
848.100574332
848.100574332
848.100574332
848.100574332
848.100574332
848.100574332
848.100574332
848.100574332
848.100574332
848.100574332
848.100574332
848.100574332
848.100574332
848.100574332
848.100574332
848.100574332
848.100574332
848.100574332
848.100574332
848.100574332
848.100574332
848.100574332
848.100574332
848.100574332
848.100574332
848.100574332
848.100574332
848.100574332
848.100574332
848.100574332
848.100574332
848.100574332
848.100574332
848.100574332
848.100574332
848.100574332
848.100574332
848.100574332
848.100574332
848.100574332
848.100574332
848.100574332
848.100574332
848.100574332
848.100574332
848.100574332
848.100574332
848.100574332
848.100574332
848.100574332
848.100574332
848.100574332
848.100574332
848.100574332
848.100574332
848.100574332
848.100574332
848.100574332
848.100574332
848.100574332
848.100574332
848.100574332
848.100574332
848.100574332
848.100574332
848.100574332
848.100574332
848.100574332
848.100574332
848.100574332
848.100574332
848.100574332
848.100574332
848.100574332
848.100574332
848.100574332
848.100574332
848.100574332
848.100574332
848.100574332
848.100574332
848.100574332
848.100574332
848.100574332
848.100574332
848.100574332
848.100574332
848.100574332
848.100574332
848.100574332
848.100574332
848.100574332
848.100574332
848.100574332
848.100574332
848.100574332
848.100574332
848.100574332
848.100574332
848.100574332
848.100574332
848.100574332
848.100574332
848.100574332
848.100574332
848.100574332
848.100574332
848.100574332
848.100574332
848.100574332
848.100574332
848.100574332
848.100574332
848.100574332
848.100574332
848.100574332
848.100574332
848.100574332
848.100574332
848.100574332
848.100574332
848.100574332
848.100574332
848.100574332
848.100574332
848.100574332
848.100574332
848.100574332
848.100574332
848.100574332
848.100574332
848.100574332
848.100574332
848.100574332
848.100574332
848.100574332
848.100574332
848.100574332
848.100574332
848.100574332
848.100574332
848.100574332
848.100574332
848.100574332
848.100574332
848.100574332
848.100574332
848.100574332
848.100574332
848.100574332
848.100574332
848.100574332
848.100574332
848.100574332
848.100574332
848.100574332
848.100574332
848.100574332
848.100574332
848.100574332
848.100574332
848.100574332
848.100574332
848.100574332
848.100574332
848.100574332
848.100574332
848.100574332
848.100574332
848.100574332
848.100574332
848.100574332
848.100574332
848.100574332
848.100574332
848.100574332
848.100574332
848.100574332
848.100574332
848.100574332
848.100574332
848.100574332
848.100574332
848.100574332
848.100574332
848.100574332
848.100574332
848.100574332
848.100574332
848.100574332
848.100574332
848.100574332
848.100574332
848.100574332
848.100574332
848.100574332
848.100574332
848.100574332
848.100574332
848.100574332
848.100574332
848.100574332
848.100574332
848.100574332
848.100574332
848.100574332
848.100574332
848.100574332
848.100574332
848.100574332
848.100574332
848.100574332
848.100574332
848.100574332
848.100574332
848.100574332
848.100574332
848.100574332
848.100574332
848.100574332
848.100574332
848.100574332
848.100574332
848.100574332
848.100574332
848.100574332
848.100574332
848.100574332
848.100574332
848.100574332
848.100574332
848.100574332
848.100574332
848.100574332
848.100574332
848.100574332
848.100574332
848.100574332
848.100574332
848.100574332
848.100574332
848.100574332
848.100574332
848.100574332
848.100574332
848.100574332
848.100574332
848.100574332
848.100574332
848.100574332
848.100574332
848.100574332
848.100574332
848.100574332
848.100574332
848.100574332
848.100574332
848.100574332
848.100574332
848.100574332
848.100574332
848.100574332
848.100574332
848.100574332
848.100574332
848.100574332
848.100574332
848.100574332
848.100574332
848.100574332
848.100574332
848.100574332
848.100574332
848.100574332
848.100574332
848.100574332
848.100574332
848.100574332
848.100574332
848.100574332
848.100574332
848.100574332
848.100574332
848.100574332
848.100574332
848.100574332
848.100574332
848.100574332
848.100574332
848.100574332
848.100574332
848.100574332
848.100574332
848.100574332
848.100574332
848.100574332
848.100574332
848.100574332
848.100574332
848.100574332
848.100574332
848.100574332
848.100574332
848.100574332
848.100574332
848.100574332
848.100574332
848.100574332
848.100574332
848.100574332
848.100574332
848.100574332
848.100574332
848.100574332
848.100574332
848.100574332
848.100574332
848.100574332
848.100574332
848.100574332
848.100574332
848.100574332
848.100574332
848.100574332
848.100574332
848.100574332
848.100574332
848.100574332
848.100574332
848.100574332
848.100574332
848.100574332
848.100574332
848.100574332
848.100574332
848.100574332
848.100574332
848.100574332
848.100574332
848.100574332
848.100574332
848.100574332
848.100574332
848.100574332
848.100574332
848.100574332
848.100574332
848.100574332
848.100574332
848.100574332
848.100574332
848.100574332
848.100574332
848.100574332
848.100574332
848.100574332
848.100574332
848.100574332
848.100574332
848.100574332
848.100574332
848.100574332
848.100574332
848.100574332
848.100574332
848.100574332
848.100574332
848.100574332
848.100574332
848.100574332
848.100574332
848.100574332
848.100574332
848.100574332
848.100574332
848.100574332
848.100574332
848.100574332
848.100574332
848.100574332
848.100574332
848.100574332
848.100574332
848.100574332
848.100574332
848.100574332
848.100574332
848.100574332
848.100574332
848.100574332
848.100574332
848.100574332
848.100574332
848.100574332
848.100574332
848.100574332
848.100574332
848.100574332
848.100574332
848.100574332
848.100574332
848.100574332
848.100574332
848.100574332
848.100574332
848.100574332
848.100574332
848.100574332
848.100574332
848.100574332
848.100574332
848.100574332
848.100574332
848.100574332
848.100574332
848.100574332
848.100574332
848.100574332
848.100574332
848.100574332
848.100574332
848.100574332
848.100574332
848.100574332
848.100574332
848.100574332
848.100574332
848.100574332
848.100574332
848.100574332
848.100574332
848.100574332
848.100574332
848.100574332
848.100574332
848.100574332
848.100574332
848.100574332
848.100574332
848.100574332
848.100574332
848.100574332
848.100574332
848.100574332
848.100574332
848.100574332
848.100574332
848.100574332
848.100574332
848.100574332
848.100574332
848.100574332
848.100574332
848.100574332
848.100574332
848.100574332
848.100574332
848.100574332
848.100574332
848.100574332
848.100574332
848.100574332
848.100574332
848.100574332
848.100574332
848.100574332
848.100574332
848.100574332
848.100574332
848.100574332
848.100574332
848.100574332
848.100574332
848.100574332
848.100574332
848.100574332
848.100574332
848.100574332
848.100574332
848.100574332
848.100574332
848.100574332
848.100574332
848.100574332
848.100574332
848.100574332
848.100574332
848.100574332
848.100574332
848.100574332
848.100574332
848.100574332
848.100574332
848.100574332
848.100574332
848.100574332
848.100574332
848.100574332
848.100574332
848.100574332
848.100574332
848.100574332
848.100574332
848.100574332
848.100574332
848.100574332
848.100574332
848.100574332
848.100574332
848.100574332
848.100574332
848.100574332
848.100574332
848.100574332
848.100574332
848.100574332
848.100574332
848.100574332
848.100574332
848.100574332
848.100574332
848.100574332
848.100574332
848.100574332
848.100574332
848.100574332
848.100574332
848.100574332
848.100574332
848.100574332
848.100574332
848.100574332
848.100574332
848.100574332
848.100574332
848.100574332
848.100574332
848.100574332
848.100574332
848.100574332
848.100574332
848.100574332
848.100574332
848.100574332
848.100574332
848.100574332
848.100574332
848.100574332
848.100574332
848.100574332
848.100574332
848.100574332
848.100574332
848.100574332
848.100574332
848.100574332
848.100574332
848.100574332
848.100574332
848.100574332
848.100574332
848.100574332
848.100574332
848.100574332
848.100574332
848.100574332
848.100574332
848.100574332
848.100574332
848.100574332
848.100574332
848.100574332
848.100574332
848.100574332
848.100574332
848.100574332
848.100574332
848.100574332
848.100574332
848.100574332
848.100574332
848.100574332
848.100574332
848.100574332
848.100574332
848.100574332
848.100574332
848.100574332
848.100574332
848.100574332
848.100574332
848.100574332
848.100574332
848.100574332
848.100574332
848.100574332
848.100574332
848.100574332
848.100574332
848.100574332
848.100574332
848.100574332
848.100574332
