1869.18598401
1869.18598401
1819.42201183
1785.8905111
1421.77395802
1421.77395802
1393.70218102
1393.70218102
1393.70218102
1393.70218102
1393.70218102
1393.70218102
1362.22803413
1191.52625247
1191.52625247
1097.9290316
1097.9290316
1074.91659325
1039.92019403
1039.92019403
1023.30451503
1011.88826185
943.76972921
943.76972921
914.45189172
912.111697234
910.312378906
910.312378906
899.483821603
880.901384102
876.682520208
876.682520208
876.682520208
868.482566938
868.482566938
865.788368557
865.521185715
865.521185715
865.521185715
865.521185715
865.521185715
865.521185715
865.521185715
865.521185715
865.521185715
865.521185715
865.521185715
865.521185715
865.521185715
865.521185715
865.521185715
865.521185715
865.521185715
865.521185715
865.521185715
865.521185715
865.521185715
865.521185715
865.521185715
865.521185715
865.521185715
865.521185715
865.521185715
865.521185715
865.521185715
865.521185715
865.521185715
862.774154858
862.774154858
862.774154858
862.774154858
857.321292553
857.321292553
857.321292553
857.321292553
857.321292553
857.321292553
857.321292553
857.321292553
857.321292553
857.321292553
857.321292553
857.321292553
857.321292553
857.321292553
857.321292553
857.321292553
857.321292553
857.321292553
857.321292553
857.321292553
857.321292553
857.321292553
857.321292553
857.321292553
857.321292553
857.321292553
857.321292553
857.321292553
857.321292553
857.321292553
857.321292553
857.321292553
857.321292553
857.321292553
857.321292553
857.321292553
857.321292553
857.321292553
857.321292553
857.321292553
857.321292553
857.321292553
857.321292553
857.321292553
857.321292553
857.321292553
857.321292553
857.321292553
857.321292553
857.321292553
857.321292553
857.321292553
857.321292553
857.321292553
857.321292553
857.321292553
857.321292553
857.321292553
857.321292553
857.321292553
857.321292553
857.321292553
857.321292553
857.321292553
857.321292553
857.321292553
857.321292553
857.321292553
857.321292553
857.321292553
857.321292553
857.321292553
857.321292553
857.321292553
857.321292553
857.321292553
857.321292553
857.321292553
857.321292553
857.321292553
857.321292553
857.321292553
857.321292553
857.321292553
857.321292553
857.321292553
857.321292553
857.321292553
857.321292553
857.321292553
857.321292553
857.321292553
857.321292553
857.321292553
857.321292553
857.321292553
857.321292553
857.321292553
857.321292553
857.321292553
857.321292553
857.321292553
857.321292553
857.321292553
857.321292553
857.321292553
857.321292553
857.321292553
857.321292553
857.321292553
857.321292553
857.321292553
857.321292553
857.321292553
857.321292553
857.321292553
857.321292553
857.321292553
857.321292553
857.321292553
857.321292553
857.321292553
857.321292553
857.321292553
857.321292553
857.321292553
855.651383834
853.849422861
852.904352976
852.904352976
851.102392003
851.102392003
851.102392003
851.102392003
851.102392003
851.102392003
851.102392003
851.102392003
851.102392003
851.102392003
851.102392003
851.102392003
851.102392003
851.102392003
851.102392003
851.102392003
851.102392003
851.102392003
851.102392003
851.102392003
851.102392003
851.102392003
851.102392003
851.102392003
851.102392003
851.102392003
851.102392003
851.102392003
851.102392003
851.102392003
851.102392003
851.102392003
851.102392003
851.102392003
851.102392003
851.102392003
851.102392003
851.102392003
851.102392003
851.102392003
851.102392003
851.102392003
851.102392003
851.102392003
851.102392003
851.102392003
851.102392003
851.102392003
851.102392003
851.102392003
851.102392003
851.102392003
828.936866943
828.936866943
828.936866943
828.936866943
828.936866943
828.936866943
828.936866943
828.936866943
828.936866943
828.936866943
828.936866943
828.936866943
828.936866943
828.936866943
828.936866943
828.936866943
828.936866943
828.936866943
828.936866943
828.936866943
828.936866943
828.936866943
828.936866943
828.936866943
828.936866943
828.936866943
828.936866943
828.936866943
828.936866943
828.936866943
828.936866943
828.936866943
828.936866943
828.936866943
828.936866943
828.936866943
828.936866943
828.936866943
828.936866943
828.936866943
828.936866943
828.936866943
828.936866943
828.936866943
828.936866943
828.936866943
828.936866943
828.936866943
828.936866943
828.936866943
828.936866943
828.936866943
828.936866943
828.936866943
828.936866943
828.936866943
828.936866943
828.936866943
828.936866943
828.936866943
828.936866943
828.936866943
828.936866943
828.936866943
828.936866943
828.936866943
828.936866943
828.936866943
828.936866943
828.936866943
828.936866943
828.936866943
828.936866943
828.936866943
828.936866943
828.936866943
828.936866943
828.936866943
828.936866943
828.936866943
828.936866943
828.936866943
828.936866943
828.936866943
828.936866943
828.936866943
828.936866943
828.936866943
828.936866943
828.936866943
828.936866943
828.936866943
828.936866943
828.936866943
828.936866943
828.936866943
828.936866943
828.936866943
828.936866943
828.936866943
828.936866943
828.936866943
828.936866943
828.936866943
828.936866943
828.936866943
828.936866943
828.936866943
828.936866943
828.936866943
828.936866943
828.936866943
828.936866943
828.936866943
828.936866943
828.936866943
828.936866943
828.936866943
828.936866943
828.936866943
828.936866943
828.936866943
828.936866943
828.936866943
828.936866943
828.936866943
828.936866943
828.936866943
828.936866943
828.936866943
828.936866943
828.936866943
828.936866943
828.936866943
828.936866943
828.936866943
828.936866943
828.936866943
828.936866943
828.936866943
828.936866943
828.936866943
828.936866943
828.936866943
828.936866943
828.936866943
828.936866943
828.936866943
828.936866943
828.936866943
828.936866943
828.936866943
828.936866943
828.936866943
828.936866943
828.936866943
828.936866943
828.936866943
828.936866943
828.936866943
828.936866943
828.936866943
828.936866943
828.936866943
828.936866943
828.936866943
828.936866943
828.936866943
828.936866943
828.936866943
828.936866943
828.936866943
828.936866943
828.936866943
828.936866943
828.936866943
828.936866943
828.936866943
828.936866943
828.936866943
828.936866943
828.936866943
828.936866943
828.936866943
828.936866943
828.936866943
828.936866943
828.936866943
828.936866943
828.936866943
828.936866943
828.936866943
828.936866943
828.936866943
828.936866943
828.936866943
828.936866943
828.936866943
828.936866943
828.936866943
828.936866943
828.936866943
828.936866943
828.936866943
828.936866943
828.936866943
828.936866943
828.936866943
828.936866943
828.936866943
828.936866943
828.936866943
828.936866943
828.936866943
828.936866943
828.936866943
828.936866943
828.936866943
828.936866943
828.936866943
828.936866943
828.936866943
828.936866943
828.936866943
828.936866943
828.936866943
828.936866943
828.936866943
828.936866943
828.936866943
828.936866943
828.936866943
828.936866943
828.936866943
828.936866943
828.936866943
828.936866943
828.936866943
828.936866943
828.936866943
828.936866943
828.936866943
828.936866943
828.936866943
828.936866943
828.936866943
828.936866943
828.936866943
828.936866943
828.936866943
828.936866943
828.936866943
828.936866943
828.936866943
828.936866943
828.936866943
828.936866943
828.936866943
828.936866943
828.936866943
828.936866943
828.936866943
828.936866943
828.936866943
828.936866943
828.936866943
828.936866943
828.936866943
828.936866943
828.936866943
828.936866943
828.936866943
828.936866943
828.936866943
828.936866943
828.936866943
828.936866943
828.936866943
828.936866943
828.936866943
828.936866943
828.936866943
828.936866943
828.936866943
828.936866943
828.936866943
828.936866943
828.936866943
828.936866943
828.936866943
828.936866943
828.936866943
828.936866943
828.936866943
828.936866943
828.936866943
828.936866943
828.936866943
828.936866943
828.936866943
828.936866943
828.936866943
828.936866943
828.936866943
828.936866943
828.936866943
828.936866943
828.936866943
828.936866943
828.936866943
828.936866943
828.936866943
828.936866943
828.936866943
828.936866943
828.936866943
828.936866943
828.936866943
828.936866943
828.936866943
828.936866943
828.936866943
828.936866943
828.936866943
828.936866943
828.936866943
828.936866943
828.936866943
828.936866943
828.936866943
828.936866943
828.936866943
828.936866943
828.936866943
828.936866943
828.936866943
828.936866943
828.936866943
828.936866943
828.936866943
828.936866943
828.936866943
828.936866943
828.936866943
828.936866943
828.936866943
828.936866943
828.936866943
828.936866943
828.936866943
828.936866943
828.936866943
828.936866943
828.936866943
828.936866943
828.936866943
828.936866943
828.936866943
828.936866943
828.936866943
828.936866943
828.936866943
828.936866943
828.936866943
828.936866943
828.936866943
828.936866943
828.936866943
828.936866943
828.936866943
828.936866943
828.936866943
828.936866943
828.936866943
828.936866943
828.936866943
828.936866943
828.936866943
828.936866943
828.936866943
828.936866943
828.936866943
828.936866943
828.936866943
828.936866943
828.936866943
828.936866943
828.936866943
828.936866943
828.936866943
828.936866943
828.936866943
828.936866943
828.936866943
828.936866943
828.936866943
828.936866943
828.936866943
828.936866943
828.936866943
828.936866943
828.936866943
828.936866943
828.936866943
828.936866943
828.936866943
828.936866943
828.936866943
828.936866943
828.936866943
828.936866943
828.936866943
828.936866943
828.936866943
828.936866943
828.936866943
828.936866943
828.936866943
828.936866943
828.936866943
828.936866943
828.936866943
828.936866943
828.936866943
828.936866943
828.936866943
828.936866943
828.936866943
828.936866943
828.936866943
828.936866943
828.936866943
828.936866943
828.936866943
828.936866943
828.936866943
828.936866943
828.936866943
828.936866943
828.936866943
828.936866943
828.936866943
828.936866943
828.936866943
828.936866943
828.936866943
828.936866943
828.936866943
828.936866943
828.936866943
828.936866943
828.936866943
828.936866943
828.936866943
828.936866943
828.936866943
828.936866943
828.936866943
828.936866943
828.936866943
828.936866943
828.936866943
828.936866943
828.936866943
828.936866943
828.936866943
828.936866943
828.936866943
828.936866943
828.936866943
828.936866943
828.936866943
828.936866943
828.936866943
828.936866943
828.936866943
828.936866943
828.936866943
828.936866943
828.936866943
828.936866943
828.936866943
828.936866943
828.936866943
828.936866943
828.936866943
828.936866943
828.936866943
828.936866943
828.936866943
828.936866943
828.936866943
828.936866943
828.936866943
828.936866943
828.936866943
828.936866943
828.936866943
828.936866943
828.936866943
828.936866943
828.936866943
828.936866943
828.936866943
828.936866943
828.936866943
828.936866943
828.936866943
828.936866943
828.936866943
828.936866943
828.936866943
828.936866943
828.936866943
828.936866943
828.936866943
828.936866943
828.936866943
828.936866943
828.936866943
828.936866943
828.936866943
828.936866943
828.936866943
828.936866943
828.936866943
828.936866943
828.936866943
828.936866943
828.936866943
828.936866943
828.936866943
828.936866943
828.936866943
828.936866943
828.936866943
828.936866943
828.936866943
828.936866943
828.936866943
828.936866943
828.936866943
828.936866943
828.936866943
828.936866943
828.936866943
828.936866943
828.936866943
828.936866943
828.936866943
828.936866943
828.936866943
828.936866943
828.936866943
828.936866943
828.936866943
828.936866943
828.936866943
828.936866943
828.936866943
828.936866943
828.936866943
828.936866943
828.936866943
828.936866943
828.936866943
828.936866943
828.936866943
828.936866943
828.936866943
828.936866943
828.936866943
828.936866943
828.936866943
828.936866943
828.936866943
828.936866943
828.936866943
828.936866943
828.936866943
828.936866943
828.936866943
828.936866943
828.936866943
828.936866943
828.936866943
828.936866943
828.936866943
828.936866943
828.936866943
828.936866943
828.936866943
828.936866943
828.936866943
828.936866943
828.936866943
828.936866943
828.936866943
828.936866943
828.936866943
828.936866943
828.936866943
828.936866943
828.936866943
828.936866943
828.936866943
828.936866943
828.936866943
828.936866943
828.936866943
828.936866943
828.936866943
828.936866943
828.936866943
828.936866943
828.936866943
828.936866943
828.936866943
828.936866943
828.936866943
828.936866943
828.936866943
828.936866943
828.936866943
828.936866943
828.936866943
828.936866943
828.936866943
828.936866943
828.936866943
828.936866943
828.936866943
828.936866943
828.936866943
828.936866943
828.936866943
828.936866943
828.936866943
828.936866943
828.936866943
828.936866943
828.936866943
828.936866943
828.936866943
828.936866943
828.936866943
828.936866943
828.936866943
828.936866943
828.936866943
828.936866943
828.936866943
828.936866943
828.936866943
828.936866943
828.936866943
828.936866943
828.936866943
828.936866943
828.936866943
828.936866943
828.936866943
828.936866943
828.936866943
828.936866943
828.936866943
828.936866943
828.936866943
828.936866943
828.936866943
828.936866943
828.936866943
828.936866943
828.936866943
828.936866943
828.936866943
828.936866943
828.936866943
828.936866943
828.936866943
828.936866943
828.936866943
828.936866943
828.936866943
828.936866943
828.936866943
828.936866943
828.936866943
828.936866943
828.936866943
828.936866943
828.936866943
828.936866943
828.936866943
828.936866943
828.936866943
828.936866943
828.936866943
828.936866943
828.936866943
828.936866943
828.936866943
828.936866943
828.936866943
828.936866943
828.936866943
828.936866943
828.936866943
828.936866943
828.936866943
828.936866943
828.936866943
828.936866943
828.936866943
828.936866943
828.936866943
828.936866943
828.936866943
828.936866943
828.936866943
828.936866943
828.936866943
828.936866943
828.936866943
828.936866943
828.936866943
828.936866943
828.936866943
828.936866943
828.936866943
828.936866943
828.936866943
828.936866943
828.936866943
828.936866943
828.936866943
828.936866943
828.936866943
828.936866943
828.936866943
828.936866943
828.936866943
828.936866943
828.936866943
828.936866943
828.936866943
828.936866943
