1891.11887207
1828.78920727
1828.78920727
1752.83934888
1718.66178123
1638.13022129
1429.78457917
1429.78457917
1365.89156287
1343.70456102
1232.44586019
1210.64098654
1210.64098654
1195.3712641
1144.7864219
1036.90889659
1031.67583151
1031.67583151
1005.01388194
977.200273577
977.200273577
959.772575583
953.757859454
952.036134898
928.836810414
906.902773411
874.496275914
874.496275914
874.496275914
870.400478138
867.248042088
867.248042088
835.605933705
835.605933705
835.605933705
835.605933705
835.605933705
835.605933705
835.605933705
835.605933705
835.605933705
835.605933705
835.605933705
835.605933705
835.605933705
835.605933705
835.605933705
835.605933705
835.605933705
835.605933705
835.605933705
835.605933705
835.605933705
835.605933705
835.605933705
835.605933705
835.605933705
835.605933705
835.605933705
835.605933705
835.605933705
835.605933705
835.605933705
835.605933705
835.605933705
835.605933705
835.605933705
835.605933705
835.605933705
834.378096182
834.378096182
834.378096182
834.378096182
834.378096182
834.378096182
834.378096182
834.378096182
834.378096182
834.378096182
834.378096182
834.378096182
834.378096182
834.378096182
834.378096182
834.378096182
834.378096182
834.378096182
834.378096182
834.378096182
834.378096182
834.378096182
834.378096182
834.378096182
834.378096182
834.378096182
834.378096182
834.378096182
834.378096182
834.378096182
834.378096182
834.378096182
834.378096182
834.378096182
834.378096182
834.378096182
834.378096182
834.378096182
834.378096182
834.378096182
834.378096182
834.378096182
834.378096182
834.378096182
834.378096182
834.378096182
834.378096182
834.378096182
834.378096182
834.378096182
834.378096182
834.378096182
834.378096182
834.378096182
834.378096182
834.378096182
834.378096182
834.378096182
834.378096182
834.378096182
834.378096182
834.378096182
834.378096182
834.378096182
834.378096182
834.378096182
834.378096182
834.378096182
834.378096182
834.378096182
834.378096182
834.378096182
834.378096182
834.378096182
834.378096182
834.378096182
834.378096182
834.378096182
834.378096182
834.378096182
834.378096182
834.378096182
834.378096182
834.378096182
834.378096182
834.378096182
834.378096182
834.378096182
834.378096182
834.378096182
834.378096182
834.378096182
834.378096182
834.378096182
834.378096182
834.378096182
834.378096182
834.378096182
834.378096182
834.378096182
834.378096182
834.378096182
834.378096182
834.378096182
834.378096182
834.378096182
834.378096182
834.378096182
834.378096182
834.378096182
834.378096182
834.378096182
834.378096182
834.378096182
834.378096182
834.378096182
834.378096182
834.378096182
834.378096182
834.378096182
834.378096182
834.378096182
834.378096182
834.378096182
834.378096182
834.378096182
834.378096182
834.378096182
834.378096182
834.378096182
834.378096182
834.378096182
834.378096182
834.378096182
834.378096182
834.378096182
834.378096182
834.378096182
834.378096182
834.378096182
834.378096182
834.378096182
834.378096182
834.378096182
834.378096182
834.378096182
834.378096182
834.378096182
834.378096182
834.378096182
834.378096182
834.378096182
834.378096182
834.378096182
834.378096182
834.378096182
834.378096182
834.378096182
834.378096182
834.378096182
834.378096182
834.378096182
834.378096182
834.378096182
834.378096182
834.378096182
834.378096182
834.378096182
834.378096182
834.378096182
834.378096182
834.378096182
834.378096182
834.378096182
834.378096182
834.378096182
834.378096182
834.378096182
834.378096182
834.378096182
834.378096182
834.378096182
834.378096182
834.378096182
834.378096182
834.378096182
834.378096182
834.378096182
834.378096182
834.378096182
834.378096182
834.378096182
834.378096182
834.378096182
834.378096182
834.378096182
834.378096182
834.378096182
834.378096182
834.378096182
834.378096182
834.378096182
834.378096182
834.378096182
834.378096182
834.378096182
834.378096182
834.378096182
834.378096182
834.378096182
834.378096182
834.378096182
834.378096182
834.378096182
834.378096182
834.378096182
834.378096182
834.378096182
834.378096182
834.378096182
834.378096182
834.378096182
834.378096182
834.378096182
834.378096182
834.378096182
834.378096182
834.378096182
834.378096182
834.378096182
834.378096182
834.378096182
834.378096182
834.378096182
834.378096182
834.378096182
834.378096182
834.378096182
834.378096182
834.378096182
834.378096182
834.378096182
834.378096182
834.378096182
834.378096182
834.378096182
834.378096182
834.378096182
834.378096182
834.378096182
834.378096182
834.378096182
834.378096182
834.378096182
834.378096182
834.378096182
834.378096182
834.378096182
834.378096182
834.378096182
834.378096182
834.378096182
834.378096182
834.378096182
834.378096182
834.378096182
834.378096182
834.378096182
834.378096182
834.378096182
834.378096182
834.378096182
834.378096182
834.378096182
834.378096182
834.378096182
834.378096182
834.378096182
834.378096182
834.378096182
834.378096182
834.378096182
834.378096182
834.378096182
834.378096182
834.378096182
834.378096182
834.378096182
834.378096182
834.378096182
834.378096182
834.378096182
834.378096182
834.378096182
834.378096182
834.378096182
834.378096182
834.378096182
834.378096182
834.378096182
834.378096182
834.378096182
834.378096182
834.378096182
834.378096182
834.378096182
834.378096182
834.378096182
834.378096182
834.378096182
834.378096182
834.378096182
834.378096182
834.378096182
834.378096182
834.378096182
834.378096182
834.378096182
834.378096182
834.378096182
834.378096182
834.378096182
834.378096182
834.378096182
834.378096182
834.378096182
834.378096182
834.378096182
834.378096182
834.378096182
834.378096182
834.378096182
834.378096182
834.378096182
834.378096182
834.378096182
834.378096182
834.378096182
834.378096182
834.378096182
834.378096182
834.378096182
834.378096182
834.378096182
834.378096182
834.378096182
834.378096182
834.378096182
834.378096182
834.378096182
834.378096182
834.378096182
834.378096182
834.378096182
834.378096182
834.378096182
834.378096182
834.378096182
834.378096182
834.378096182
834.378096182
834.378096182
834.378096182
834.378096182
834.378096182
834.378096182
834.378096182
834.378096182
834.378096182
834.378096182
834.378096182
834.378096182
834.378096182
834.378096182
834.378096182
834.378096182
834.378096182
834.378096182
834.378096182
834.378096182
834.378096182
834.378096182
834.378096182
834.378096182
834.378096182
834.378096182
834.378096182
834.378096182
834.378096182
834.378096182
834.378096182
834.378096182
834.378096182
834.378096182
834.378096182
834.378096182
834.378096182
834.378096182
834.378096182
834.378096182
834.378096182
834.378096182
834.378096182
834.378096182
834.378096182
834.378096182
834.378096182
834.378096182
834.378096182
834.378096182
834.378096182
834.378096182
834.378096182
834.378096182
834.378096182
834.378096182
834.378096182
834.378096182
834.378096182
834.378096182
834.378096182
834.378096182
834.378096182
834.378096182
834.378096182
834.378096182
834.378096182
834.378096182
834.378096182
834.378096182
834.378096182
834.378096182
834.378096182
834.378096182
834.378096182
834.378096182
834.378096182
834.378096182
834.378096182
834.378096182
834.378096182
834.378096182
834.378096182
834.378096182
834.378096182
834.378096182
834.378096182
834.378096182
834.378096182
834.378096182
834.378096182
834.378096182
834.378096182
834.378096182
834.378096182
834.378096182
834.378096182
834.378096182
834.378096182
834.378096182
834.378096182
834.378096182
834.378096182
834.378096182
834.378096182
834.378096182
834.378096182
834.378096182
834.378096182
834.378096182
834.378096182
834.378096182
834.378096182
834.378096182
834.378096182
834.378096182
834.378096182
834.378096182
834.378096182
834.378096182
834.378096182
834.378096182
834.378096182
834.378096182
834.378096182
834.378096182
834.378096182
834.378096182
834.378096182
834.378096182
834.378096182
834.378096182
834.378096182
834.378096182
834.378096182
834.378096182
834.378096182
834.378096182
834.378096182
834.378096182
834.378096182
834.378096182
834.378096182
834.378096182
834.378096182
834.378096182
834.378096182
834.378096182
834.378096182
834.378096182
834.378096182
834.378096182
834.378096182
834.378096182
834.378096182
834.378096182
834.378096182
834.378096182
834.378096182
834.378096182
834.378096182
834.378096182
834.378096182
834.378096182
834.378096182
834.378096182
834.378096182
834.378096182
834.378096182
834.378096182
834.378096182
834.378096182
834.378096182
834.378096182
834.378096182
834.378096182
834.378096182
834.378096182
834.378096182
834.378096182
834.378096182
834.378096182
834.378096182
834.378096182
834.378096182
834.378096182
834.378096182
834.378096182
834.378096182
834.378096182
834.378096182
834.378096182
834.378096182
834.378096182
834.378096182
834.378096182
834.378096182
834.378096182
834.378096182
834.378096182
834.378096182
834.378096182
834.378096182
834.378096182
834.378096182
834.378096182
834.378096182
834.378096182
834.378096182
834.378096182
834.378096182
834.378096182
834.378096182
834.378096182
834.378096182
834.378096182
834.378096182
834.378096182
834.378096182
834.378096182
834.378096182
834.378096182
834.378096182
834.378096182
834.378096182
834.378096182
834.378096182
834.378096182
834.378096182
834.378096182
834.378096182
834.378096182
834.378096182
834.378096182
834.378096182
834.378096182
834.378096182
834.378096182
834.378096182
834.378096182
834.378096182
834.378096182
834.378096182
834.378096182
834.378096182
834.378096182
834.378096182
834.378096182
834.378096182
834.378096182
834.378096182
834.378096182
834.378096182
834.378096182
834.378096182
834.378096182
834.378096182
834.378096182
834.378096182
834.378096182
834.378096182
834.378096182
834.378096182
834.378096182
834.378096182
834.378096182
834.378096182
834.378096182
834.378096182
834.378096182
834.378096182
834.378096182
834.378096182
834.378096182
834.378096182
834.378096182
834.378096182
834.378096182
834.378096182
834.378096182
834.378096182
834.378096182
834.378096182
834.378096182
834.378096182
834.378096182
834.378096182
834.378096182
834.378096182
834.378096182
834.378096182
834.378096182
834.378096182
834.378096182
834.378096182
834.378096182
834.378096182
834.378096182
834.378096182
834.378096182
834.378096182
834.378096182
834.378096182
834.378096182
834.378096182
834.378096182
834.378096182
834.378096182
834.378096182
834.378096182
834.378096182
834.378096182
834.378096182
834.378096182
834.378096182
834.378096182
834.378096182
834.378096182
834.378096182
834.378096182
834.378096182
834.378096182
834.378096182
834.378096182
834.378096182
834.378096182
834.378096182
834.378096182
834.378096182
834.378096182
834.378096182
834.378096182
834.378096182
834.378096182
834.378096182
834.378096182
834.378096182
834.378096182
834.378096182
834.378096182
834.378096182
834.378096182
834.378096182
834.378096182
834.378096182
834.378096182
834.378096182
834.378096182
834.378096182
834.378096182
834.378096182
834.378096182
834.378096182
834.378096182
834.378096182
834.378096182
834.378096182
834.378096182
834.378096182
834.378096182
834.378096182
834.378096182
834.378096182
834.378096182
834.378096182
834.378096182
834.378096182
834.378096182
834.378096182
834.378096182
834.378096182
834.378096182
834.378096182
834.378096182
834.378096182
834.378096182
834.378096182
834.378096182
834.378096182
834.378096182
834.378096182
834.378096182
834.378096182
834.378096182
834.378096182
834.378096182
834.378096182
834.378096182
834.378096182
834.378096182
834.378096182
834.378096182
834.378096182
834.378096182
834.378096182
834.378096182
834.378096182
834.378096182
834.378096182
834.378096182
834.378096182
834.378096182
834.378096182
834.378096182
834.378096182
834.378096182
834.378096182
834.378096182
834.378096182
834.378096182
834.378096182
834.378096182
834.378096182
834.378096182
834.378096182
834.378096182
834.378096182
834.378096182
834.378096182
834.378096182
834.378096182
834.378096182
834.378096182
834.378096182
834.378096182
834.378096182
834.378096182
834.378096182
834.378096182
834.378096182
834.378096182
834.378096182
834.378096182
834.378096182
834.378096182
834.378096182
834.378096182
834.378096182
834.378096182
834.378096182
834.378096182
834.378096182
834.378096182
834.378096182
834.378096182
834.378096182
834.378096182
834.378096182
834.378096182
834.378096182
834.378096182
834.378096182
834.378096182
834.378096182
834.378096182
834.378096182
834.378096182
834.378096182
834.378096182
834.378096182
834.378096182
834.378096182
834.378096182
834.378096182
834.378096182
834.378096182
834.378096182
834.378096182
834.378096182
834.378096182
834.378096182
834.378096182
834.378096182
834.378096182
834.378096182
834.378096182
834.378096182
834.378096182
834.378096182
834.378096182
834.378096182
834.378096182
834.378096182
834.378096182
834.378096182
834.378096182
834.378096182
834.378096182
834.378096182
834.378096182
834.378096182
834.378096182
834.378096182
834.378096182
834.378096182
834.378096182
834.378096182
834.378096182
834.378096182
834.378096182
834.378096182
834.378096182
834.378096182
834.378096182
834.378096182
834.378096182
834.378096182
834.378096182
834.378096182
834.378096182
834.378096182
834.378096182
834.378096182
834.378096182
834.378096182
834.378096182
834.378096182
834.378096182
834.378096182
834.378096182
834.378096182
834.378096182
834.378096182
834.378096182
834.378096182
834.378096182
834.378096182
834.378096182
834.378096182
834.378096182
834.378096182
834.378096182
834.378096182
834.378096182
834.378096182
834.378096182
834.378096182
834.378096182
834.378096182
834.378096182
834.378096182
834.378096182
834.378096182
834.378096182
834.378096182
834.378096182
834.378096182
834.378096182
834.378096182
834.378096182
834.378096182
834.378096182
834.378096182
834.378096182
834.378096182
834.378096182
834.378096182
834.378096182
834.378096182
834.378096182
834.378096182
834.378096182
834.378096182
834.378096182
834.378096182
834.378096182
834.378096182
834.378096182
834.378096182
834.378096182
834.378096182
