1757.58872834
1714.64084587
1692.9581059
1692.9581059
1579.78110598
1397.46615395
1397.46615395
1371.97123157
1371.97123157
1202.66958398
1194.78118369
1137.95669478
1137.95669478
1108.75460438
1108.75460438
1040.33649815
1040.33649815
991.672174961
979.840280964
979.840280964
965.884419444
965.884419444
881.875105684
873.981505446
873.981505446
866.179544474
866.179544474
866.179544474
866.179544474
866.179544474
865.72653324
858.411595779
856.609634807
856.609634807
856.609634807
856.609634807
856.609634807
856.609634807
856.609634807
856.609634807
856.609634807
856.543621242
856.543621242
856.543621242
856.543621242
856.543621242
856.543621242
856.543621242
856.543621242
856.543621242
856.543621242
856.543621242
856.543621242
856.543621242
856.543621242
855.815777542
842.138386228
840.910548704
840.910548704
834.444109746
833.650252481
833.650252481
833.650252481
833.650252481
833.650252481
833.650252481
833.650252481
833.650252481
833.650252481
833.650252481
833.650252481
833.650252481
833.650252481
833.650252481
833.650252481
833.650252481
833.650252481
833.650252481
833.650252481
833.650252481
833.650252481
833.650252481
833.650252481
833.650252481
833.650252481
833.650252481
833.650252481
833.650252481
833.650252481
833.650252481
833.650252481
833.650252481
833.650252481
833.650252481
833.650252481
833.650252481
833.650252481
833.650252481
833.650252481
833.650252481
833.650252481
833.650252481
833.650252481
833.650252481
833.650252481
833.650252481
833.650252481
833.650252481
833.650252481
833.650252481
833.650252481
833.650252481
833.650252481
833.650252481
833.650252481
833.650252481
833.650252481
833.650252481
833.650252481
833.650252481
833.650252481
833.650252481
833.650252481
833.650252481
833.650252481
833.650252481
833.650252481
833.650252481
833.650252481
833.650252481
833.650252481
833.650252481
833.650252481
833.650252481
833.650252481
833.650252481
833.650252481
833.650252481
833.650252481
833.650252481
833.650252481
833.650252481
833.650252481
833.650252481
833.650252481
833.650252481
833.650252481
828.936866943
828.936866943
828.936866943
828.936866943
828.936866943
828.936866943
828.936866943
828.936866943
828.936866943
828.936866943
828.936866943
828.936866943
828.936866943
828.936866943
828.936866943
828.936866943
828.936866943
828.936866943
828.936866943
828.936866943
828.936866943
828.936866943
828.936866943
828.936866943
828.936866943
828.936866943
828.936866943
828.936866943
828.936866943
828.936866943
828.936866943
828.936866943
828.936866943
828.936866943
828.936866943
828.936866943
828.936866943
828.936866943
828.936866943
828.936866943
828.936866943
828.936866943
828.936866943
828.936866943
828.936866943
828.936866943
828.936866943
828.936866943
828.936866943
828.936866943
828.936866943
828.936866943
828.936866943
828.936866943
828.936866943
828.936866943
828.936866943
828.936866943
828.936866943
828.936866943
828.936866943
828.936866943
828.936866943
828.936866943
828.936866943
828.936866943
828.936866943
828.936866943
828.936866943
828.936866943
828.936866943
828.936866943
828.936866943
828.936866943
828.936866943
828.936866943
828.936866943
828.936866943
828.936866943
828.936866943
828.936866943
828.936866943
828.936866943
828.936866943
828.936866943
828.936866943
828.936866943
828.936866943
828.936866943
828.936866943
828.936866943
828.936866943
828.936866943
828.936866943
828.936866943
828.936866943
828.936866943
828.936866943
828.936866943
828.936866943
828.936866943
828.936866943
828.936866943
828.936866943
828.936866943
828.936866943
828.936866943
828.936866943
828.936866943
828.936866943
828.936866943
828.936866943
828.936866943
828.936866943
828.936866943
828.936866943
828.936866943
828.936866943
828.936866943
828.936866943
828.936866943
828.936866943
828.936866943
828.936866943
828.936866943
828.936866943
828.936866943
828.936866943
828.936866943
828.936866943
828.936866943
828.936866943
828.936866943
828.936866943
828.936866943
828.936866943
828.936866943
828.936866943
828.936866943
828.936866943
828.936866943
828.936866943
828.936866943
828.936866943
828.936866943
828.936866943
828.936866943
828.936866943
828.936866943
828.936866943
828.936866943
828.936866943
828.936866943
828.936866943
828.936866943
828.936866943
828.936866943
828.936866943
828.936866943
828.936866943
828.936866943
828.936866943
828.936866943
828.936866943
828.936866943
828.936866943
828.936866943
828.936866943
828.936866943
828.936866943
828.936866943
828.936866943
828.936866943
828.936866943
828.936866943
828.936866943
828.936866943
828.936866943
828.936866943
828.936866943
828.936866943
828.936866943
828.936866943
828.936866943
828.936866943
828.936866943
828.936866943
828.936866943
828.936866943
828.936866943
828.936866943
828.936866943
828.936866943
828.936866943
828.936866943
828.936866943
828.936866943
828.936866943
828.936866943
828.936866943
828.936866943
828.936866943
828.936866943
828.936866943
828.936866943
828.936866943
828.936866943
828.936866943
828.936866943
828.936866943
828.936866943
828.936866943
828.936866943
828.936866943
828.936866943
828.936866943
828.936866943
828.936866943
828.936866943
828.936866943
828.936866943
828.936866943
828.936866943
828.936866943
828.936866943
828.936866943
828.936866943
828.936866943
828.936866943
828.936866943
828.936866943
828.936866943
828.936866943
828.936866943
828.936866943
828.936866943
828.936866943
828.936866943
828.936866943
828.936866943
828.936866943
828.936866943
828.936866943
828.936866943
828.936866943
828.936866943
828.936866943
828.936866943
828.936866943
828.936866943
828.936866943
828.936866943
828.936866943
828.936866943
828.936866943
828.936866943
828.936866943
828.936866943
828.936866943
828.936866943
828.936866943
828.936866943
828.936866943
828.936866943
828.936866943
828.936866943
828.936866943
828.936866943
828.936866943
828.936866943
828.936866943
828.936866943
828.936866943
828.936866943
828.936866943
828.936866943
828.936866943
828.936866943
828.936866943
828.936866943
828.936866943
828.936866943
828.936866943
828.936866943
828.936866943
828.936866943
828.936866943
828.936866943
828.936866943
828.936866943
828.936866943
828.936866943
828.936866943
828.936866943
828.936866943
828.936866943
828.936866943
828.936866943
828.936866943
828.936866943
828.936866943
828.936866943
828.936866943
828.936866943
828.936866943
828.936866943
828.936866943
828.936866943
828.936866943
828.936866943
828.936866943
828.936866943
828.936866943
828.936866943
828.936866943
828.936866943
828.936866943
828.936866943
828.936866943
828.936866943
828.936866943
828.936866943
828.936866943
828.936866943
828.936866943
828.936866943
828.936866943
828.936866943
828.936866943
828.936866943
828.936866943
828.936866943
828.936866943
828.936866943
828.936866943
828.936866943
828.936866943
828.936866943
828.936866943
828.936866943
828.936866943
828.936866943
828.936866943
828.936866943
828.936866943
828.936866943
828.936866943
828.936866943
828.936866943
828.936866943
828.936866943
828.936866943
828.936866943
828.936866943
828.936866943
828.936866943
828.936866943
828.936866943
828.936866943
828.936866943
828.936866943
828.936866943
828.936866943
828.936866943
828.936866943
828.936866943
828.936866943
828.936866943
828.936866943
828.936866943
828.936866943
828.936866943
828.936866943
828.936866943
828.936866943
828.936866943
828.936866943
828.936866943
828.936866943
828.936866943
828.936866943
828.936866943
828.936866943
828.936866943
828.936866943
828.936866943
828.936866943
828.936866943
828.936866943
828.936866943
828.936866943
828.936866943
828.936866943
828.936866943
828.936866943
828.936866943
828.936866943
828.936866943
828.936866943
828.936866943
828.936866943
828.936866943
828.936866943
828.936866943
828.936866943
828.936866943
828.936866943
828.936866943
828.936866943
828.936866943
828.936866943
828.936866943
828.936866943
828.936866943
828.936866943
828.936866943
828.936866943
828.936866943
828.936866943
828.936866943
828.936866943
828.936866943
828.936866943
828.936866943
828.936866943
828.936866943
828.936866943
828.936866943
828.936866943
828.936866943
828.936866943
828.936866943
828.936866943
828.936866943
828.936866943
828.936866943
828.936866943
828.936866943
828.936866943
828.936866943
828.936866943
828.936866943
828.936866943
828.936866943
828.936866943
828.936866943
828.936866943
828.936866943
828.936866943
828.936866943
828.936866943
828.936866943
828.936866943
828.936866943
828.936866943
828.936866943
828.936866943
828.936866943
828.936866943
828.936866943
828.936866943
828.936866943
828.936866943
828.936866943
828.936866943
828.936866943
828.936866943
828.936866943
828.936866943
828.936866943
828.936866943
828.936866943
828.936866943
828.936866943
828.936866943
828.936866943
828.936866943
828.936866943
828.936866943
828.936866943
828.936866943
828.936866943
828.936866943
828.936866943
828.936866943
828.936866943
828.936866943
828.936866943
828.936866943
828.936866943
828.936866943
828.936866943
828.936866943
828.936866943
828.936866943
828.936866943
828.936866943
828.936866943
828.936866943
828.936866943
828.936866943
828.936866943
828.936866943
828.936866943
828.936866943
828.936866943
828.936866943
828.936866943
828.936866943
828.936866943
828.936866943
828.936866943
828.936866943
828.936866943
828.936866943
828.936866943
828.936866943
828.936866943
828.936866943
828.936866943
828.936866943
828.936866943
828.936866943
828.936866943
828.936866943
828.936866943
828.936866943
828.936866943
828.936866943
828.936866943
828.936866943
828.936866943
828.936866943
828.936866943
828.936866943
828.936866943
828.936866943
828.936866943
828.936866943
828.936866943
828.936866943
828.936866943
828.936866943
828.936866943
828.936866943
828.936866943
828.936866943
828.936866943
828.936866943
828.936866943
828.936866943
828.936866943
828.936866943
828.936866943
828.936866943
828.936866943
828.936866943
828.936866943
828.936866943
828.936866943
828.936866943
828.936866943
828.936866943
828.936866943
828.936866943
828.936866943
828.936866943
828.936866943
828.936866943
828.936866943
828.936866943
828.936866943
828.936866943
828.936866943
828.936866943
828.936866943
828.936866943
828.936866943
828.936866943
828.936866943
828.936866943
828.936866943
828.936866943
828.936866943
828.936866943
828.936866943
828.936866943
828.936866943
828.936866943
828.936866943
828.936866943
828.936866943
828.936866943
828.936866943
828.936866943
828.936866943
828.936866943
828.936866943
828.936866943
828.936866943
828.936866943
828.936866943
828.936866943
828.936866943
828.936866943
828.936866943
828.936866943
828.936866943
828.936866943
828.936866943
828.936866943
828.936866943
828.936866943
828.936866943
828.936866943
828.936866943
828.936866943
828.936866943
828.936866943
828.936866943
828.936866943
828.936866943
828.936866943
828.936866943
828.936866943
828.936866943
828.936866943
828.936866943
828.936866943
828.936866943
828.936866943
828.936866943
828.936866943
828.936866943
828.936866943
828.936866943
828.936866943
828.936866943
828.936866943
828.936866943
828.936866943
828.936866943
828.936866943
828.936866943
828.936866943
828.936866943
828.936866943
828.936866943
828.936866943
828.936866943
828.936866943
828.936866943
828.936866943
828.936866943
828.936866943
828.936866943
828.936866943
828.936866943
828.936866943
828.936866943
828.936866943
828.936866943
828.936866943
828.936866943
828.936866943
828.936866943
828.936866943
828.936866943
828.936866943
828.936866943
828.936866943
828.936866943
828.936866943
828.936866943
828.936866943
828.936866943
828.936866943
828.936866943
828.936866943
828.936866943
828.936866943
828.936866943
828.936866943
828.936866943
828.936866943
828.936866943
828.936866943
828.936866943
828.936866943
828.936866943
828.936866943
828.936866943
828.936866943
828.936866943
828.936866943
828.936866943
828.936866943
828.936866943
828.936866943
828.936866943
828.936866943
828.936866943
828.936866943
828.936866943
828.936866943
828.936866943
828.936866943
828.936866943
828.936866943
828.936866943
828.936866943
828.936866943
828.936866943
828.936866943
828.936866943
828.936866943
828.936866943
828.936866943
828.936866943
828.936866943
828.936866943
828.936866943
828.936866943
828.936866943
828.936866943
828.936866943
828.936866943
828.936866943
828.936866943
828.936866943
828.936866943
828.936866943
828.936866943
828.936866943
828.936866943
828.936866943
828.936866943
828.936866943
828.936866943
828.936866943
828.936866943
828.936866943
828.936866943
828.936866943
828.936866943
828.936866943
828.936866943
828.936866943
828.936866943
828.936866943
828.936866943
828.936866943
828.936866943
828.936866943
828.936866943
828.936866943
828.936866943
828.936866943
828.936866943
828.936866943
828.936866943
828.936866943
828.936866943
828.936866943
828.936866943
828.936866943
828.936866943
828.936866943
828.936866943
828.936866943
828.936866943
828.936866943
828.936866943
828.936866943
828.936866943
828.936866943
828.936866943
828.936866943
828.936866943
828.936866943
828.936866943
828.936866943
828.936866943
828.936866943
828.936866943
828.936866943
828.936866943
828.936866943
828.936866943
828.936866943
828.936866943
828.936866943
828.936866943
828.936866943
828.936866943
828.936866943
828.936866943
828.936866943
828.936866943
828.936866943
828.936866943
828.936866943
828.936866943
828.936866943
828.936866943
828.936866943
828.936866943
828.936866943
828.936866943
828.936866943
828.936866943
828.936866943
828.936866943
828.936866943
828.936866943
828.936866943
828.936866943
828.936866943
828.936866943
828.936866943
828.936866943
828.936866943
828.936866943
828.936866943
828.936866943
828.936866943
828.936866943
828.936866943
828.936866943
828.936866943
828.936866943
828.936866943
828.936866943
828.936866943
828.936866943
828.936866943
828.936866943
828.936866943
828.936866943
828.936866943
828.936866943
828.936866943
828.936866943
828.936866943
828.936866943
828.936866943
828.936866943
828.936866943
828.936866943
828.936866943
828.936866943
828.936866943
828.936866943
