1759.10653001
1759.10653001
1748.68106239
1748.68106239
1748.68106239
1682.44130208
1574.51066116
1574.51066116
1574.51066116
1574.51066116
1574.51066116
1574.51066116
1569.87428376
1547.33890641
1547.33890641
1432.41709894
1432.41709894
1410.33376936
1406.8680586
1406.8680586
1406.8680586
1341.98437915
1336.30981714
1308.50080135
1302.36894752
1271.70903962
1253.59494536
1253.59494536
1253.59494536
1253.59494536
1161.36597195
1161.36597195
1161.36597195
1088.60434221
1088.60434221
1088.60434221
1078.00608351
1073.87019836
1031.75176686
1031.75176686
1019.29006163
1007.39116242
963.228700503
893.546312043
889.015833862
878.56570824
878.56570824
878.56570824
878.56570824
872.287962779
872.287962779
872.287962779
867.63940946
867.601841808
858.904352976
858.904352976
858.904352976
858.904352976
855.866488204
854.808418728
854.808418728
854.808418728
854.808418728
854.808418728
854.808418728
854.808418728
831.249994139
831.249994139
831.249994139
831.249994139
831.249994139
831.249994139
831.249994139
831.249994139
831.249994139
828.936866943
828.936866943
828.936866943
828.936866943
828.936866943
828.936866943
828.936866943
828.936866943
828.936866943
828.936866943
828.936866943
828.936866943
828.936866943
828.936866943
828.936866943
828.936866943
828.936866943
828.936866943
828.936866943
828.936866943
828.936866943
828.936866943
828.936866943
828.936866943
828.936866943
828.936866943
828.936866943
828.936866943
828.936866943
828.936866943
828.936866943
828.936866943
828.936866943
828.936866943
828.936866943
828.936866943
828.936866943
828.936866943
828.936866943
828.936866943
828.936866943
828.936866943
828.936866943
828.936866943
828.936866943
828.936866943
828.936866943
828.936866943
828.936866943
828.936866943
828.936866943
828.936866943
828.936866943
828.936866943
828.936866943
828.936866943
828.936866943
828.936866943
828.936866943
828.936866943
828.936866943
828.936866943
828.936866943
828.936866943
828.936866943
828.936866943
828.936866943
828.936866943
828.936866943
828.936866943
828.936866943
828.936866943
828.936866943
828.936866943
828.936866943
828.936866943
828.936866943
828.936866943
828.936866943
828.936866943
828.936866943
828.936866943
828.936866943
828.936866943
828.936866943
828.936866943
828.936866943
828.936866943
828.936866943
828.936866943
828.936866943
828.936866943
828.936866943
828.936866943
828.936866943
828.936866943
828.936866943
828.936866943
828.936866943
828.936866943
828.936866943
828.936866943
828.936866943
828.936866943
828.936866943
828.936866943
828.936866943
828.936866943
828.936866943
828.936866943
828.936866943
828.936866943
828.936866943
828.936866943
828.936866943
828.936866943
828.936866943
828.936866943
828.936866943
828.936866943
828.936866943
828.936866943
828.936866943
828.936866943
828.936866943
828.936866943
828.936866943
828.936866943
828.936866943
828.936866943
828.936866943
828.936866943
828.936866943
828.936866943
828.936866943
828.936866943
828.936866943
828.936866943
828.936866943
828.936866943
828.936866943
828.936866943
828.936866943
828.936866943
828.936866943
828.936866943
828.936866943
828.936866943
828.936866943
828.936866943
828.936866943
828.936866943
828.936866943
828.936866943
828.936866943
828.936866943
828.936866943
828.936866943
828.936866943
828.936866943
828.936866943
828.936866943
828.936866943
828.936866943
828.936866943
828.936866943
828.936866943
828.936866943
828.936866943
828.936866943
828.936866943
828.936866943
828.936866943
828.936866943
828.936866943
828.936866943
828.936866943
828.936866943
828.936866943
828.936866943
828.936866943
828.936866943
828.936866943
828.936866943
828.936866943
828.936866943
828.936866943
828.936866943
828.936866943
828.936866943
828.936866943
828.936866943
828.936866943
828.936866943
828.936866943
828.936866943
828.936866943
828.936866943
828.936866943
828.936866943
828.936866943
828.936866943
828.936866943
828.936866943
828.936866943
828.936866943
828.936866943
828.936866943
828.936866943
828.936866943
828.936866943
828.936866943
828.936866943
828.936866943
828.936866943
828.936866943
828.936866943
828.936866943
828.936866943
828.936866943
828.936866943
828.936866943
828.936866943
828.936866943
828.936866943
828.936866943
828.936866943
828.936866943
828.936866943
828.936866943
828.936866943
828.936866943
828.936866943
828.936866943
828.936866943
828.936866943
828.936866943
828.936866943
828.936866943
828.936866943
828.936866943
828.936866943
828.936866943
828.936866943
828.936866943
828.936866943
828.936866943
828.936866943
828.936866943
828.936866943
828.936866943
828.936866943
828.936866943
828.936866943
828.936866943
828.936866943
828.936866943
828.936866943
828.936866943
828.936866943
828.936866943
828.936866943
828.936866943
828.936866943
828.936866943
828.936866943
828.936866943
828.936866943
828.936866943
828.936866943
828.936866943
828.936866943
828.936866943
828.936866943
828.936866943
828.936866943
828.936866943
828.936866943
828.936866943
828.936866943
828.936866943
828.936866943
828.936866943
828.936866943
828.936866943
828.936866943
828.936866943
828.936866943
828.936866943
828.936866943
828.936866943
828.936866943
828.936866943
828.936866943
828.936866943
828.936866943
828.936866943
828.936866943
828.936866943
828.936866943
828.936866943
828.936866943
828.936866943
828.936866943
828.936866943
828.936866943
828.936866943
828.936866943
828.936866943
828.936866943
828.936866943
828.936866943
828.936866943
828.936866943
828.936866943
828.936866943
828.936866943
828.936866943
828.936866943
828.936866943
828.936866943
828.936866943
828.936866943
828.936866943
828.936866943
828.936866943
828.936866943
828.936866943
828.936866943
828.936866943
828.936866943
828.936866943
828.936866943
828.936866943
828.936866943
828.936866943
828.936866943
828.936866943
828.936866943
828.936866943
828.936866943
828.936866943
828.936866943
828.936866943
828.936866943
828.936866943
828.936866943
828.936866943
828.936866943
828.936866943
828.936866943
828.936866943
828.936866943
828.936866943
828.936866943
828.936866943
828.936866943
828.936866943
828.936866943
828.936866943
828.936866943
828.936866943
828.936866943
828.936866943
828.936866943
828.936866943
828.936866943
828.936866943
828.936866943
828.936866943
828.936866943
828.936866943
828.936866943
828.936866943
828.936866943
828.936866943
828.936866943
828.936866943
828.936866943
828.936866943
828.936866943
828.936866943
828.936866943
828.936866943
828.936866943
828.936866943
828.936866943
828.936866943
828.936866943
828.936866943
828.936866943
828.936866943
828.936866943
828.936866943
828.936866943
828.936866943
828.936866943
828.936866943
828.936866943
828.936866943
828.936866943
828.936866943
828.936866943
828.936866943
828.936866943
828.936866943
828.936866943
828.936866943
828.936866943
828.936866943
828.936866943
828.936866943
828.936866943
828.936866943
828.936866943
828.936866943
828.936866943
828.936866943
828.936866943
828.936866943
828.936866943
828.936866943
828.936866943
828.936866943
828.936866943
828.936866943
828.936866943
828.936866943
828.936866943
828.936866943
828.936866943
828.936866943
828.936866943
828.936866943
828.936866943
828.936866943
828.936866943
828.936866943
828.936866943
828.936866943
828.936866943
828.936866943
828.936866943
828.936866943
828.936866943
828.936866943
828.936866943
828.936866943
828.936866943
828.936866943
828.936866943
828.936866943
828.936866943
828.936866943
828.936866943
828.936866943
828.936866943
828.936866943
828.936866943
828.936866943
828.936866943
828.936866943
828.936866943
828.936866943
828.936866943
828.936866943
828.936866943
828.936866943
828.936866943
828.936866943
828.936866943
828.936866943
828.936866943
828.936866943
828.936866943
828.936866943
828.936866943
828.936866943
828.936866943
828.936866943
828.936866943
828.936866943
828.936866943
828.936866943
828.936866943
828.936866943
828.936866943
828.936866943
828.936866943
828.936866943
828.936866943
828.936866943
828.936866943
828.936866943
828.936866943
828.936866943
828.936866943
828.936866943
828.936866943
828.936866943
828.936866943
828.936866943
828.936866943
828.936866943
828.936866943
828.936866943
828.936866943
828.936866943
828.936866943
828.936866943
828.936866943
828.936866943
828.936866943
828.936866943
828.936866943
828.936866943
828.936866943
828.936866943
828.936866943
828.936866943
828.936866943
828.936866943
828.936866943
828.936866943
828.936866943
828.936866943
828.936866943
828.936866943
828.936866943
828.936866943
828.936866943
828.936866943
828.936866943
828.936866943
828.936866943
828.936866943
828.936866943
828.936866943
828.936866943
828.936866943
828.936866943
828.936866943
828.936866943
828.936866943
828.936866943
828.936866943
828.936866943
828.936866943
828.936866943
828.936866943
828.936866943
828.936866943
828.936866943
828.936866943
828.936866943
828.936866943
828.936866943
828.936866943
828.936866943
828.936866943
828.936866943
828.936866943
828.936866943
828.936866943
828.936866943
828.936866943
828.936866943
828.936866943
828.936866943
828.936866943
828.936866943
828.936866943
828.936866943
828.936866943
828.936866943
828.936866943
828.936866943
828.936866943
828.936866943
828.936866943
828.936866943
828.936866943
828.936866943
828.936866943
828.936866943
828.936866943
828.936866943
828.936866943
828.936866943
828.936866943
828.936866943
828.936866943
828.936866943
828.936866943
828.936866943
828.936866943
828.936866943
828.936866943
828.936866943
828.936866943
828.936866943
828.936866943
828.936866943
828.936866943
828.936866943
828.936866943
828.936866943
828.936866943
828.936866943
828.936866943
828.936866943
828.936866943
828.936866943
828.936866943
828.936866943
828.936866943
828.936866943
828.936866943
828.936866943
828.936866943
828.936866943
828.936866943
828.936866943
828.936866943
828.936866943
828.936866943
828.936866943
828.936866943
828.936866943
828.936866943
828.936866943
828.936866943
828.936866943
828.936866943
828.936866943
828.936866943
828.936866943
828.936866943
828.936866943
828.936866943
828.936866943
828.936866943
828.936866943
828.936866943
828.936866943
828.936866943
828.936866943
828.936866943
828.936866943
828.936866943
828.936866943
828.936866943
828.936866943
828.936866943
828.936866943
828.936866943
828.936866943
828.936866943
828.936866943
828.936866943
828.936866943
828.936866943
828.936866943
828.936866943
828.936866943
828.936866943
828.936866943
828.936866943
828.936866943
828.936866943
828.936866943
828.936866943
828.936866943
828.936866943
828.936866943
828.936866943
828.936866943
828.936866943
828.936866943
828.936866943
828.936866943
828.936866943
828.936866943
828.936866943
828.936866943
828.936866943
828.936866943
828.936866943
828.936866943
828.936866943
828.936866943
828.936866943
828.936866943
828.936866943
828.936866943
828.936866943
828.936866943
828.936866943
828.936866943
828.936866943
828.936866943
828.936866943
828.936866943
828.936866943
828.936866943
828.936866943
828.936866943
828.936866943
828.936866943
828.936866943
828.936866943
828.936866943
828.936866943
828.936866943
828.936866943
828.936866943
828.936866943
828.936866943
828.936866943
828.936866943
828.936866943
828.936866943
828.936866943
828.936866943
828.936866943
828.936866943
828.936866943
828.936866943
828.936866943
828.936866943
828.936866943
828.936866943
828.936866943
828.936866943
828.936866943
828.936866943
828.936866943
828.936866943
828.936866943
828.936866943
828.936866943
828.936866943
828.936866943
828.936866943
828.936866943
828.936866943
828.936866943
828.936866943
828.936866943
828.936866943
828.936866943
828.936866943
828.936866943
828.936866943
828.936866943
828.936866943
828.936866943
828.936866943
828.936866943
828.936866943
828.936866943
828.936866943
828.936866943
828.936866943
828.936866943
828.936866943
828.936866943
828.936866943
828.936866943
828.936866943
828.936866943
828.936866943
828.936866943
828.936866943
828.936866943
828.936866943
828.936866943
828.936866943
828.936866943
828.936866943
828.936866943
828.936866943
828.936866943
828.936866943
828.936866943
828.936866943
828.936866943
828.936866943
828.936866943
828.936866943
828.936866943
828.936866943
828.936866943
828.936866943
828.936866943
828.936866943
828.936866943
828.936866943
828.936866943
828.936866943
828.936866943
828.936866943
828.936866943
828.936866943
828.936866943
828.936866943
828.936866943
828.936866943
828.936866943
828.936866943
828.936866943
828.936866943
828.936866943
828.936866943
828.936866943
828.936866943
828.936866943
828.936866943
828.936866943
828.936866943
828.936866943
828.936866943
828.936866943
828.936866943
828.936866943
828.936866943
828.936866943
828.936866943
828.936866943
828.936866943
828.936866943
828.936866943
828.936866943
828.936866943
828.936866943
828.936866943
828.936866943
828.936866943
828.936866943
828.936866943
828.936866943
828.936866943
828.936866943
828.936866943
828.936866943
828.936866943
828.936866943
828.936866943
828.936866943
828.936866943
828.936866943
828.936866943
828.936866943
828.936866943
828.936866943
828.936866943
828.936866943
828.936866943
828.936866943
828.936866943
828.936866943
828.936866943
828.936866943
828.936866943
828.936866943
828.936866943
828.936866943
828.936866943
828.936866943
828.936866943
828.936866943
828.936866943
828.936866943
828.936866943
828.936866943
828.936866943
828.936866943
828.936866943
828.936866943
828.936866943
828.936866943
828.936866943
828.936866943
828.936866943
828.936866943
828.936866943
828.936866943
828.936866943
828.936866943
828.936866943
828.936866943
828.936866943
828.936866943
828.936866943
828.936866943
828.936866943
828.936866943
828.936866943
828.936866943
828.936866943
828.936866943
828.936866943
828.936866943
828.936866943
828.936866943
828.936866943
828.936866943
828.936866943
828.936866943
828.936866943
828.936866943
828.936866943
828.936866943
828.936866943
828.936866943
828.936866943
828.936866943
828.936866943
828.936866943
828.936866943
828.936866943
828.936866943
828.936866943
828.936866943
828.936866943
