25 100
  0     40.0     50.0       0.0      240.0      0.0       0.0       0.0  
  1     25.0     85.0      145.0     175.0     10.0       5.0      20.0  
  2     22.0     75.0      50.0      80.0      10.0       6.0      30.0  
  3     22.0     85.0      109.0     139.0     10.0       6.0      10.0  
  4     20.0     80.0      141.0     171.0     10.0       3.0      40.0  
  5     20.0     85.0      41.0      71.0      10.0      10.0      20.0  
  6     18.0     75.0      95.0      125.0     10.0       9.0      20.0  
  7     15.0     75.0      79.0      109.0     10.0      20.0      20.0  
  8     15.0     80.0      91.0      121.0     10.0      10.0      10.0  
  9     10.0     35.0      91.0      121.0     10.0       9.0      20.0  
 10     10.0     40.0      119.0     149.0     10.0      13.0      30.0  
 11      8.0     40.0      59.0      89.0      10.0       9.0      40.0  
 12      8.0     45.0      64.0      94.0      10.0       2.0      20.0  
 13      5.0     35.0      142.0     172.0     10.0       3.0      10.0  
 14      5.0     45.0      35.0      65.0      10.0       8.0      10.0  
 15      2.0     40.0      58.0      88.0      10.0       8.0      20.0  
 16      0.0     40.0      72.0      102.0     10.0      18.0      20.0  
 17      0.0     45.0      149.0     179.0     10.0      11.0      20.0  
 18     44.0      5.0      87.0      117.0     10.0       3.0      20.0  
 19     42.0     10.0      72.0      102.0     10.0       3.0      40.0  
 20     42.0     15.0      122.0     152.0     10.0       4.0      10.0  
 21     40.0      5.0      67.0      97.0      10.0       7.0      10.0  
 22     40.0     15.0      92.0      122.0     10.0      32.0      40.0  
 23     38.0      5.0      65.0      95.0      10.0      17.0      30.0  
 24     38.0     15.0      148.0     178.0     10.0       6.0      10.0  
 25     35.0      5.0      154.0     184.0     10.0      18.0      20.0  
 26     95.0     30.0      115.0     145.0     10.0      16.0      30.0  
 27     95.0     35.0      62.0      92.0      10.0       1.0      20.0  
 28     92.0     30.0      62.0      92.0      10.0       9.0      10.0  
 29     90.0     35.0      67.0      97.0      10.0       4.0      10.0  
 30     88.0     30.0      74.0      104.0     10.0       0.0      10.0  
 31     88.0     35.0      61.0      91.0      10.0      10.0      20.0  
 32     87.0     30.0      131.0     161.0     10.0       9.0      10.0  
 33     85.0     25.0      51.0      81.0      10.0       2.0      10.0  
 34     85.0     35.0      111.0     141.0     10.0      18.0      30.0  
 35     67.0     85.0      139.0     169.0     10.0       7.0      20.0  
 36     65.0     85.0      43.0      73.0      10.0      36.0      40.0  
 37     65.0     82.0      124.0     154.0     10.0       3.0      10.0  
 38     62.0     80.0      75.0      105.0     10.0      10.0      30.0  
 39     60.0     80.0      37.0      67.0      10.0       1.0      10.0  
 40     60.0     85.0      85.0      115.0     10.0      10.0      30.0  
 41     58.0     75.0      92.0      122.0     10.0      14.0      20.0  
 42     55.0     80.0      33.0      63.0      10.0       8.0      10.0  
 43     55.0     85.0      128.0     158.0     10.0      15.0      20.0  
 44     55.0     82.0      64.0      94.0      10.0       6.0      10.0  
 45     20.0     82.0      37.0      67.0      10.0       3.0      10.0  
 46     18.0     80.0      113.0     143.0     10.0       5.0      10.0  
 47      2.0     45.0      45.0      75.0      10.0       3.0      10.0  
 48     42.0      5.0      151.0     181.0     10.0       2.0      10.0  
 49     42.0     12.0      104.0     134.0     10.0       8.0      10.0  
 50     72.0     35.0      116.0     146.0     10.0      12.0      30.0  
 51     55.0     20.0      83.0      113.0     10.0      33.0      19.0  
 52     25.0     30.0      52.0      82.0      10.0       5.0       3.0  
 53     20.0     50.0      91.0      121.0     10.0       8.0       5.0  
 54     55.0     60.0      139.0     169.0     10.0       8.0      16.0  
 55     30.0     60.0      140.0     170.0     10.0       8.0      16.0  
 56     50.0     35.0      130.0     160.0     10.0      22.0      19.0  
 57     30.0     25.0      96.0      126.0     10.0      31.0      23.0  
 58     15.0     10.0      152.0     182.0     10.0       1.0      20.0  
 59     10.0     20.0      42.0      72.0      10.0      29.0      19.0  
 60     15.0     60.0      155.0     185.0     10.0      21.0      17.0  
 61     45.0     65.0      66.0      96.0      10.0      12.0       9.0  
 62     65.0     35.0      52.0      82.0      10.0       5.0       3.0  
 63     65.0     20.0      39.0      69.0      10.0       4.0       6.0  
 64     45.0     30.0      53.0      83.0      10.0      18.0      17.0  
 65     35.0     40.0      11.0      41.0      10.0       9.0      16.0  
 66     41.0     37.0      133.0     163.0     10.0       3.0      16.0  
 67     64.0     42.0      70.0      100.0     10.0      10.0       9.0  
 68     40.0     60.0      144.0     174.0     10.0      24.0      21.0  
 69     31.0     52.0      41.0      71.0      10.0      51.0      27.0  
 70     35.0     69.0      180.0     210.0     10.0      27.0      23.0  
 71     65.0     55.0      65.0      95.0      10.0      12.0      14.0  
 72     63.0     65.0      30.0      60.0      10.0       6.0       8.0  
 73      2.0     60.0      77.0      107.0     10.0       6.0       5.0  
 74     20.0     20.0      141.0     171.0     10.0       3.0       8.0  
 75      5.0      5.0      74.0      104.0     10.0      10.0      16.0  
 76     60.0     12.0      75.0      105.0     10.0      44.0      31.0  
 77     23.0      3.0      150.0     180.0     10.0       8.0       7.0  
 78      8.0     56.0      90.0      120.0     10.0      45.0      27.0  
 79      6.0     68.0      89.0      119.0     10.0      28.0      30.0  
 80     47.0     47.0      192.0     222.0     10.0      24.0      13.0  
 81     49.0     58.0      86.0      116.0     10.0       5.0      10.0  
 82     27.0     43.0      42.0      72.0      10.0      12.0       9.0  
 83     37.0     31.0      35.0      65.0      10.0      12.0      14.0  
 84     57.0     29.0      96.0      126.0     10.0       3.0      18.0  
 85     63.0     23.0      87.0      117.0     10.0       1.0       2.0  
 86     21.0     24.0      87.0      117.0     10.0      13.0      28.0  
 87     12.0     24.0      90.0      120.0     10.0      24.0      13.0  
 88     24.0     58.0      67.0      97.0      10.0      32.0      19.0  
 89     67.0      5.0      144.0     174.0     10.0      46.0      25.0  
 90     37.0     47.0      86.0      116.0     10.0       1.0       6.0  
 91     49.0     42.0      167.0     197.0     10.0      19.0      13.0  
 92     53.0     43.0      14.0      44.0      10.0      12.0      14.0  
 93     61.0     52.0      178.0     208.0     10.0       4.0       3.0  
 94     57.0     48.0      95.0      125.0     10.0      29.0      23.0  
 95     56.0     37.0      34.0      64.0      10.0       3.0       6.0  
 96     55.0     54.0      132.0     162.0     10.0       6.0      26.0  
 97      4.0     18.0      120.0     150.0     10.0      47.0      35.0  
 98     26.0     52.0      46.0      76.0      10.0      14.0       9.0  
 99     26.0     35.0      77.0      107.0     10.0      21.0      15.0  
 100    31.0     67.0      180.0     210.0     10.0       4.0       3.0  
