25 500
  0     35.0     35.0       0.0     1000.0      0.0       0.0       0.0  
  1     41.0     49.0      636.0     919.0     10.0       8.0      10.0  
  2     35.0     17.0      74.0      351.0     10.0       9.0       7.0  
  3     55.0     45.0      498.0     613.0     10.0      23.0      13.0  
  4     55.0     20.0      470.0     965.0     10.0      30.0      19.0  
  5     15.0     30.0      20.0      370.0     10.0      13.0      26.0  
  6     25.0     30.0      266.0     663.0     10.0       4.0       3.0  
  7     20.0     50.0      292.0     449.0     10.0       6.0       5.0  
  8     10.0     43.0      288.0     597.0     10.0      17.0       9.0  
  9     55.0     60.0      254.0     643.0     10.0       8.0      16.0  
 10     30.0     60.0      496.0     713.0     10.0       2.0      16.0  
 11     20.0     65.0      33.0      510.0     10.0      12.0      12.0  
 12     50.0     35.0      170.0     403.0     10.0      24.0      19.0  
 13     30.0     25.0      426.0     978.0     10.0      42.0      23.0  
 14     15.0     10.0      32.0      454.0     10.0      13.0      20.0  
 15     30.0      5.0      30.0      529.0     10.0       8.0       8.0  
 16     10.0     20.0      222.0     423.0     10.0      29.0      19.0  
 17      5.0     30.0      409.0     959.0     10.0       1.0       2.0  
 18     20.0     40.0      349.0     462.0     10.0       6.0      12.0  
 19     15.0     60.0      215.0     432.0     10.0      28.0      17.0  
 20     45.0     65.0      538.0     709.0     10.0      12.0       9.0  
 21     45.0     20.0      156.0     389.0     10.0      12.0      11.0  
 22     45.0     10.0      280.0     623.0     10.0      18.0      18.0  
 23     55.0      5.0      36.0      513.0     10.0      32.0      29.0  
 24     65.0     35.0      633.0     918.0     10.0       5.0       3.0  
 25     65.0     20.0      400.0     956.0     10.0       3.0       6.0  
 26     45.0     30.0      548.0     707.0     10.0      19.0      17.0  
 27     35.0     40.0       5.0      612.0     10.0       5.0      16.0  
 28     41.0     37.0      44.0      325.0     10.0       7.0      16.0  
 29     64.0     42.0      129.0     374.0     10.0      14.0       9.0  
 30     40.0     60.0      115.0     498.0     10.0      33.0      21.0  
 31     31.0     52.0      91.0      336.0     10.0      48.0      27.0  
 32     35.0     69.0      602.0     835.0     10.0      31.0      23.0  
 33     53.0     52.0      24.0      646.0     10.0      18.0      11.0  
 34     65.0     55.0      487.0     656.0     10.0      10.0      14.0  
 35     63.0     65.0      439.0     948.0     10.0       6.0       8.0  
 36      2.0     60.0      41.0      710.0     10.0       9.0       5.0  
 37     20.0     20.0      563.0     736.0     10.0       3.0       8.0  
 38      5.0      5.0      147.0     560.0     10.0       7.0      16.0  
 39     60.0     12.0      33.0      797.0     10.0      35.0      31.0  
 40     40.0     25.0      243.0     554.0     10.0      11.0       9.0  
 41     42.0      7.0      225.0     682.0     10.0       8.0       5.0  
 42     24.0     12.0      25.0      616.0     10.0       6.0       5.0  
 43     23.0      3.0      578.0     747.0     10.0      12.0       7.0  
 44     11.0     14.0      72.0      501.0     10.0      11.0      18.0  
 45      6.0     38.0      29.0      669.0     10.0       4.0      16.0  
 46      2.0     48.0      458.0     685.0     10.0       2.0       1.0  
 47      8.0     56.0      34.0      362.0     10.0      53.0      27.0  
 48     13.0     52.0      694.0     962.0     10.0      30.0      36.0  
 49      6.0     68.0      444.0     597.0     10.0      15.0      30.0  
 50     47.0     47.0      499.0     690.0     10.0      15.0      13.0  
 51     49.0     58.0      296.0     505.0     10.0       1.0      10.0  
 52     27.0     43.0      111.0     362.0     10.0      10.0       9.0  
 53     37.0     31.0      301.0     602.0     10.0       4.0      14.0  
 54     57.0     29.0      595.0     780.0     10.0       9.0      18.0  
 55     63.0     23.0      442.0     917.0     10.0       2.0       2.0  
 56     53.0     12.0      426.0     851.0     10.0       1.0       6.0  
 57     32.0     12.0      366.0     585.0     10.0       9.0       7.0  
 58     36.0     26.0      458.0     980.0     10.0       8.0      18.0  
 59     21.0     24.0      17.0      441.0     10.0      24.0      28.0  
 60     17.0     34.0      651.0     932.0     10.0       4.0       3.0  
 61     12.0     24.0      246.0     421.0     10.0      16.0      13.0  
 62     24.0     58.0      25.0      583.0     10.0      23.0      19.0  
 63     27.0     69.0      34.0      348.0     10.0       9.0      10.0  
 64     15.0     77.0      46.0      523.0     10.0      15.0       9.0  
 65     62.0     77.0      49.0      608.0     10.0      14.0      20.0  
 66     49.0     73.0      440.0     845.0     10.0      25.0      25.0  
 67     67.0      5.0      132.0     563.0     10.0      34.0      25.0  
 68     56.0     39.0      464.0     925.0     10.0      31.0      36.0  
 69     37.0     47.0      12.0      535.0     10.0       4.0       6.0  
 70     37.0     56.0      249.0     968.0     10.0      10.0       5.0  
 71     57.0     68.0      218.0     417.0     10.0      25.0      15.0  
 72     47.0     16.0      22.0      377.0     10.0      31.0      25.0  
 73     44.0     17.0      263.0     444.0     10.0      15.0       9.0  
 74     46.0     13.0      479.0     965.0     10.0       7.0       8.0  
 75     49.0     11.0      182.0     399.0     10.0      10.0      18.0  
 76     49.0     42.0      166.0     497.0     10.0      20.0      13.0  
 77     53.0     43.0      430.0     970.0     10.0       7.0      14.0  
 78     61.0     52.0      212.0     671.0     10.0       5.0       3.0  
 79     57.0     48.0      273.0     580.0     10.0      29.0      23.0  
 80     56.0     37.0      452.0     968.0     10.0       4.0       6.0  
 81     55.0     54.0      388.0     479.0     10.0      24.0      26.0  
 82     15.0     47.0      99.0      352.0     10.0      14.0      16.0  
 83     14.0     37.0      21.0      328.0     10.0      11.0      11.0  
 84     11.0     31.0      323.0     624.0     10.0       9.0       7.0  
 85     16.0     22.0      333.0     504.0     10.0      60.0      41.0  
 86      4.0     18.0      350.0     503.0     10.0      63.0      35.0  
 87     28.0     18.0      380.0     487.0     10.0      25.0      26.0  
 88     26.0     52.0      114.0     553.0     10.0      15.0       9.0  
 89     26.0     35.0      649.0     981.0     10.0      30.0      15.0  
 90     31.0     67.0      345.0     534.0     10.0       5.0       3.0  
 91     15.0     19.0      675.0     930.0     10.0       2.0       1.0  
 92     22.0     22.0      18.0      673.0     10.0       0.0       2.0  
 93     18.0     24.0      339.0     969.0     10.0      20.0      22.0  
 94     26.0     27.0      403.0     536.0     10.0      33.0      27.0  
 95     25.0     24.0      22.0      301.0     10.0      15.0      20.0  
 96     22.0     27.0      565.0     732.0     10.0      16.0      11.0  
 97     25.0     21.0      582.0     703.0     10.0       4.0      12.0  
 98     19.0     21.0      122.0     367.0     10.0       6.0      10.0  
 99     20.0     26.0      185.0     580.0     10.0      14.0       9.0  
 100    18.0     18.0      297.0     965.0     10.0      31.0      17.0  
