2041.1923511636362
1963.1470526963633
1915.4741904081814
1876.7120648772725
1793.0039751481818
1772.214092892727
1681.41536739
1611.613981657273
1561.7650391172726
1528.3083559445454
1466.1240669672727
1399.5745475105452
1387.4198396214545
1343.4865340978183
1271.7178842323638
1238.9558906319091
1192.1507087074547
1177.898624664091
1130.8120951609092
1092.9246127643637
1089.5827015285454
1067.2712559286365
1047.2570571508184
1040.0651038915455
1035.2909567196364
1020.7915961533637
1011.5432304007273
990.2064426790911
986.093582650091
978.1572460966364
947.037951623182
931.6860011177275
925.7776653770002
925.7776653770002
925.7213562396366
921.8399695108184
914.570005856182
914.570005856182
912.9138094367274
910.7604318054546
894.1177401370911
894.0745552246367
894.014048709182
893.7736612515456
893.7736612515456
893.7736612515456
893.7736612515456
893.2019163565457
893.2019163565457
893.1144401895457
893.1071777050001
893.1071777050001
893.1071777050001
893.1071777050001
893.1071777050001
893.1071777050001
892.3978355386366
892.3978355386366
891.7071301313638
891.7071301313638
891.7071301313638
891.7071301313638
891.7071301313638
891.7071301313638
891.463394094182
890.7436385893639
888.7285908566366
888.7285908566366
888.7285908566366
888.7285908566366
888.7285908566366
888.7285908566366
888.7285908566366
886.7612847075457
886.7612847075457
886.7612847075457
886.7612847075457
886.7612847075457
886.7612847075457
886.7612847075457
886.7612847075457
886.7612847075457
882.7118979530002
879.4420117684548
879.233600891182
879.233600891182
879.233600891182
879.233600891182
879.233600891182
873.6244321011822
873.0039943984549
872.8996397875457
870.1582549057275
866.2477314539094
866.2477314539094
866.2477314539094
866.2477314539094
862.8034445456367
857.5767431749093
853.3183385491822
853.3183385491822
852.6455312972729
851.5616872189094
845.1374483279094
845.1374483279094
845.1374483279094
845.1374483279094
845.1374483279094
845.1374483279094
845.1374483279094
845.1374483279094
844.6976904219093
844.6976904219093
844.6976904219093
840.8354152870002
840.8354152870002
837.3120196298186
837.3120196298186
837.3120196298186
837.3120196298186
837.3120196298186
837.3120196298186
837.3120196298186
837.3120196298186
837.3120196298186
837.3120196298186
837.3120196298186
837.3120196298186
837.3120196298186
837.3120196298186
837.3120196298186
837.3120196298186
837.3120196298186
837.3120196298186
837.3120196298186
837.3120196298186
837.3120196298186
837.3120196298186
837.3120196298186
837.3120196298186
837.3120196298186
837.3120196298186
837.3120196298186
837.3120196298186
837.3120196298186
837.3120196298186
837.3120196298186
837.3120196298186
837.3120196298186
837.3120196298186
837.3120196298186
837.3120196298186
837.3120196298186
837.3120196298186
837.3120196298186
837.3120196298186
837.3120196298186
837.3120196298186
837.3120196298186
837.3120196298186
837.3120196298186
837.3120196298186
837.3120196298186
837.0498298805458
837.0498298805458
837.0498298805458
837.0498298805458
837.0498298805458
837.0498298805458
837.0498298805458
837.0498298805458
837.0498298805458
837.0498298805458
837.0498298805458
837.0498298805458
837.0498298805458
837.0498298805458
837.0498298805458
837.0498298805458
837.0498298805458
837.0498298805458
837.0498298805458
837.0498298805458
837.0498298805458
837.0498298805458
837.0498298805458
837.0498298805458
837.0498298805458
837.0498298805458
837.0498298805458
837.0498298805458
837.0498298805458
837.0498298805458
837.0498298805458
837.0498298805458
837.0498298805458
837.0498298805458
837.0498298805458
837.0498298805458
837.0498298805458
837.0498298805458
837.0498298805458
837.0498298805458
837.0498298805458
837.0498298805458
837.0498298805458
837.0096462729093
837.0096462729093
837.0096462729093
837.0096462729093
837.0096462729093
837.0096462729093
837.0096462729093
837.0096462729093
837.0096462729093
837.0096462729093
837.0096462729093
837.0096462729093
837.0096462729093
837.0096462729093
837.0096462729093
837.0096462729093
837.0096462729093
837.0096462729093
837.0096462729093
837.0096462729093
837.0096462729093
837.0096462729093
837.0096462729093
837.0096462729093
837.0096462729093
837.0096462729093
837.0096462729093
837.0096462729093
837.0096462729093
837.0096462729093
837.0096462729093
837.0096462729093
837.0096462729093
837.0096462729093
837.0096462729093
837.0096462729093
837.0096462729093
837.0096462729093
837.0096462729093
837.0096462729093
837.0096462729093
837.0096462729093
837.0096462729093
837.0096462729093
837.0096462729093
837.0096462729093
837.0096462729093
837.0096462729093
837.0096462729093
837.0096462729093
837.0096462729093
837.0096462729093
837.0096462729093
837.0096462729093
837.0096462729093
837.0096462729093
837.0096462729093
837.0096462729093
837.0096462729093
837.0096462729093
837.0096462729093
837.0096462729093
837.0096462729093
837.0096462729093
837.0096462729093
837.0096462729093
837.0096462729093
837.0096462729093
837.0096462729093
837.0096462729093
837.0096462729093
837.0096462729093
837.0096462729093
837.0096462729093
837.0096462729093
837.0096462729093
837.0096462729093
837.0096462729093
837.0096462729093
837.0096462729093
837.0096462729093
837.0096462729093
837.0096462729093
837.0096462729093
837.0096462729093
837.0096462729093
837.0096462729093
837.0096462729093
837.0096462729093
837.0096462729093
837.0096462729093
837.0096462729093
837.0096462729093
837.0096462729093
837.0096462729093
837.0096462729093
837.0096462729093
837.0096462729093
837.0096462729093
837.0096462729093
837.0096462729093
837.0096462729093
837.0096462729093
837.0096462729093
837.0096462729093
837.0096462729093
837.0096462729093
837.0096462729093
837.0096462729093
837.0096462729093
837.0096462729093
837.0096462729093
837.0096462729093
837.0096462729093
837.0096462729093
837.0096462729093
837.0096462729093
837.0096462729093
837.0096462729093
837.0096462729093
837.0096462729093
837.0096462729093
837.0096462729093
837.0096462729093
837.0096462729093
837.0096462729093
837.0096462729093
837.0096462729093
837.0096462729093
837.0096462729093
837.0096462729093
837.0096462729093
837.0096462729093
837.0096462729093
837.0096462729093
837.0096462729093
837.0096462729093
837.0096462729093
837.0096462729093
837.0096462729093
837.0096462729093
837.0096462729093
837.0096462729093
837.0096462729093
837.0096462729093
837.0096462729093
837.0096462729093
837.0096462729093
837.0096462729093
837.0096462729093
837.0096462729093
837.0096462729093
837.0096462729093
837.0096462729093
837.0096462729093
837.0096462729093
837.0096462729093
837.0096462729093
837.0096462729093
837.0096462729093
837.0096462729093
837.0096462729093
837.0096462729093
837.0096462729093
837.0096462729093
837.0096462729093
837.0096462729093
837.0096462729093
837.0096462729093
837.0096462729093
837.0096462729093
837.0096462729093
837.0096462729093
837.0096462729093
837.0096462729093
837.0096462729093
837.0096462729093
837.0096462729093
837.0096462729093
837.0096462729093
837.0096462729093
837.0096462729093
837.0096462729093
837.0096462729093
837.0096462729093
837.0096462729093
837.0096462729093
837.0096462729093
837.0096462729093
837.0096462729093
837.0096462729093
837.0096462729093
837.0096462729093
837.0096462729093
837.0096462729093
837.0096462729093
837.0096462729093
837.0096462729093
837.0096462729093
837.0096462729093
837.0096462729093
837.0096462729093
837.0096462729093
837.0096462729093
837.0096462729093
837.0096462729093
837.0096462729093
837.0096462729093
837.0096462729093
837.0096462729093
837.0096462729093
837.0096462729093
837.0096462729093
837.0096462729093
837.0096462729093
837.0096462729093
837.0096462729093
837.0096462729093
837.0096462729093
837.0096462729093
837.0096462729093
837.0096462729093
837.0096462729093
837.0096462729093
837.0096462729093
837.0096462729093
837.0096462729093
837.0096462729093
837.0096462729093
837.0096462729093
837.0096462729093
837.0096462729093
837.0096462729093
837.0096462729093
837.0096462729093
837.0096462729093
837.0096462729093
837.0096462729093
837.0096462729093
837.0096462729093
837.0096462729093
837.0096462729093
837.0096462729093
837.0096462729093
837.0096462729093
837.0096462729093
837.0096462729093
837.0096462729093
837.0096462729093
837.0096462729093
837.0096462729093
837.0096462729093
837.0096462729093
837.0096462729093
837.0096462729093
837.0096462729093
837.0096462729093
837.0096462729093
837.0096462729093
837.0096462729093
837.0096462729093
837.0096462729093
837.0096462729093
837.0096462729093
837.0096462729093
837.0096462729093
837.0096462729093
837.0096462729093
837.0096462729093
837.0096462729093
837.0096462729093
837.0096462729093
837.0096462729093
837.0096462729093
837.0096462729093
837.0096462729093
837.0096462729093
837.0096462729093
837.0096462729093
837.0096462729093
837.0096462729093
837.0096462729093
837.0096462729093
837.0096462729093
837.0096462729093
837.0096462729093
837.0096462729093
837.0096462729093
837.0096462729093
837.0096462729093
837.0096462729093
837.0096462729093
837.0096462729093
837.0096462729093
837.0096462729093
837.0096462729093
837.0096462729093
837.0096462729093
837.0096462729093
837.0096462729093
837.0096462729093
837.0096462729093
837.0096462729093
837.0096462729093
837.0096462729093
837.0096462729093
837.0096462729093
837.0096462729093
837.0096462729093
837.0096462729093
837.0096462729093
837.0096462729093
837.0096462729093
837.0096462729093
837.0096462729093
837.0096462729093
837.0096462729093
837.0096462729093
837.0096462729093
837.0096462729093
837.0096462729093
837.0096462729093
837.0096462729093
837.0096462729093
837.0096462729093
837.0096462729093
837.0096462729093
837.0096462729093
837.0096462729093
837.0096462729093
837.0096462729093
837.0096462729093
837.0096462729093
837.0096462729093
837.0096462729093
837.0096462729093
837.0096462729093
837.0096462729093
837.0096462729093
837.0096462729093
837.0096462729093
837.0096462729093
837.0096462729093
837.0096462729093
837.0096462729093
837.0096462729093
837.0096462729093
837.0096462729093
837.0096462729093
837.0096462729093
837.0096462729093
837.0096462729093
837.0096462729093
837.0096462729093
837.0096462729093
837.0096462729093
837.0096462729093
837.0096462729093
837.0096462729093
837.0096462729093
837.0096462729093
837.0096462729093
837.0096462729093
837.0096462729093
837.0096462729093
837.0096462729093
837.0096462729093
837.0096462729093
837.0096462729093
837.0096462729093
837.0096462729093
837.0096462729093
837.0096462729093
837.0096462729093
837.0096462729093
837.0096462729093
837.0096462729093
837.0096462729093
837.0096462729093
837.0096462729093
837.0096462729093
837.0096462729093
837.0096462729093
837.0096462729093
837.0096462729093
837.0096462729093
837.0096462729093
837.0096462729093
837.0096462729093
837.0096462729093
837.0096462729093
837.0096462729093
837.0096462729093
837.0096462729093
837.0096462729093
837.0096462729093
837.0096462729093
837.0096462729093
837.0096462729093
837.0096462729093
837.0096462729093
837.0096462729093
837.0096462729093
837.0096462729093
837.0096462729093
837.0096462729093
837.0096462729093
837.0096462729093
837.0096462729093
837.0096462729093
837.0096462729093
837.0096462729093
837.0096462729093
837.0096462729093
837.0096462729093
837.0096462729093
837.0096462729093
837.0096462729093
837.0096462729093
837.0096462729093
837.0096462729093
837.0096462729093
837.0096462729093
837.0096462729093
837.0096462729093
837.0096462729093
837.0096462729093
837.0096462729093
837.0096462729093
837.0096462729093
837.0096462729093
837.0096462729093
837.0096462729093
837.0096462729093
837.0096462729093
837.0096462729093
837.0096462729093
837.0096462729093
837.0096462729093
837.0096462729093
837.0096462729093
837.0096462729093
837.0096462729093
837.0096462729093
837.0096462729093
837.0096462729093
837.0096462729093
837.0096462729093
837.0096462729093
837.0096462729093
837.0096462729093
837.0096462729093
837.0096462729093
837.0096462729093
837.0096462729093
837.0096462729093
837.0096462729093
837.0096462729093
837.0096462729093
837.0096462729093
837.0096462729093
837.0096462729093
837.0096462729093
837.0096462729093
837.0096462729093
837.0096462729093
837.0096462729093
837.0096462729093
837.0096462729093
837.0096462729093
837.0096462729093
837.0096462729093
837.0096462729093
837.0096462729093
837.0096462729093
837.0096462729093
837.0096462729093
837.0096462729093
837.0096462729093
837.0096462729093
837.0096462729093
837.0096462729093
837.0096462729093
837.0096462729093
837.0096462729093
837.0096462729093
837.0096462729093
837.0096462729093
837.0096462729093
837.0096462729093
837.0096462729093
837.0096462729093
837.0096462729093
837.0096462729093
837.0096462729093
837.0096462729093
837.0096462729093
837.0096462729093
837.0096462729093
837.0096462729093
837.0096462729093
837.0096462729093
837.0096462729093
837.0096462729093
837.0096462729093
837.0096462729093
837.0096462729093
837.0096462729093
837.0096462729093
837.0096462729093
837.0096462729093
837.0096462729093
837.0096462729093
837.0096462729093
837.0096462729093
837.0096462729093
837.0096462729093
837.0096462729093
837.0096462729093
837.0096462729093
837.0096462729093
837.0096462729093
837.0096462729093
837.0096462729093
837.0096462729093
837.0096462729093
837.0096462729093
837.0096462729093
837.0096462729093
837.0096462729093
837.0096462729093
837.0096462729093
837.0096462729093
837.0096462729093
837.0096462729093
837.0096462729093
837.0096462729093
837.0096462729093
837.0096462729093
837.0096462729093
837.0096462729093
837.0096462729093
837.0096462729093
837.0096462729093
837.0096462729093
837.0096462729093
837.0096462729093
837.0096462729093
837.0096462729093
837.0096462729093
837.0096462729093
837.0096462729093
837.0096462729093
837.0096462729093
837.0096462729093
837.0096462729093
837.0096462729093
837.0096462729093
837.0096462729093
837.0096462729093
837.0096462729093
837.0096462729093
837.0096462729093
837.0096462729093
837.0096462729093
837.0096462729093
837.0096462729093
837.0096462729093
837.0096462729093
837.0096462729093
837.0096462729093
837.0096462729093
837.0096462729093
837.0096462729093
837.0096462729093
837.0096462729093
837.0096462729093
837.0096462729093
837.0096462729093
837.0096462729093
837.0096462729093
837.0096462729093
837.0096462729093
837.0096462729093
837.0096462729093
837.0096462729093
837.0096462729093
837.0096462729093
837.0096462729093
837.0096462729093
837.0096462729093
837.0096462729093
837.0096462729093
837.0096462729093
837.0096462729093
837.0096462729093
837.0096462729093
837.0096462729093
837.0096462729093
837.0096462729093
837.0096462729093
837.0096462729093
837.0096462729093
837.0096462729093
837.0096462729093
837.0096462729093
837.0096462729093
837.0096462729093
837.0096462729093
837.0096462729093
837.0096462729093
837.0096462729093
837.0096462729093
837.0096462729093
837.0096462729093
837.0096462729093
837.0096462729093
837.0096462729093
837.0096462729093
837.0096462729093
837.0096462729093
837.0096462729093
837.0096462729093
837.0096462729093
837.0096462729093
837.0096462729093
837.0096462729093
837.0096462729093
837.0096462729093
837.0096462729093
837.0096462729093
837.0096462729093
837.0096462729093
837.0096462729093
837.0096462729093
837.0096462729093
837.0096462729093
837.0096462729093
837.0096462729093
837.0096462729093
837.0096462729093
837.0096462729093
837.0096462729093
837.0096462729093
837.0096462729093
837.0096462729093
837.0096462729093
837.0096462729093
837.0096462729093
837.0096462729093
837.0096462729093
837.0096462729093
837.0096462729093
837.0096462729093
837.0096462729093
837.0096462729093
837.0096462729093
837.0096462729093
837.0096462729093
837.0096462729093
837.0096462729093
837.0096462729093
837.0096462729093
837.0096462729093
837.0096462729093
837.0096462729093
837.0096462729093
837.0096462729093
837.0096462729093
837.0096462729093
837.0096462729093
837.0096462729093
837.0096462729093
837.0096462729093
837.0096462729093
837.0096462729093
837.0096462729093
837.0096462729093
837.0096462729093
837.0096462729093
837.0096462729093
837.0096462729093
837.0096462729093
837.0096462729093
837.0096462729093
837.0096462729093
837.0096462729093
837.0096462729093
837.0096462729093
837.0096462729093
837.0096462729093
837.0096462729093
837.0096462729093
837.0096462729093
837.0096462729093
837.0096462729093
837.0096462729093
837.0096462729093
837.0096462729093
837.0096462729093
837.0096462729093
837.0096462729093
837.0096462729093
837.0096462729093
837.0096462729093
837.0096462729093
837.0096462729093
837.0096462729093
837.0096462729093
837.0096462729093
837.0096462729093
837.0096462729093
837.0096462729093
837.0096462729093
837.0096462729093
837.0096462729093
837.0096462729093
837.0096462729093
837.0096462729093
837.0096462729093
837.0096462729093
837.0096462729093
837.0096462729093
837.0096462729093
837.0096462729093
837.0096462729093
837.0096462729093
837.0096462729093
837.0096462729093
837.0096462729093
837.0096462729093
837.0096462729093
837.0096462729093
837.0096462729093
837.0096462729093
837.0096462729093
837.0096462729093
837.0096462729093
837.0096462729093
837.0096462729093
837.0096462729093
837.0096462729093
837.0096462729093
837.0096462729093
837.0096462729093
837.0096462729093
837.0096462729093
837.0096462729093
837.0096462729093
837.0096462729093
837.0096462729093
837.0096462729093
837.0096462729093
837.0096462729093
837.0096462729093
837.0096462729093
837.0096462729093
837.0096462729093
837.0096462729093
837.0096462729093
837.0096462729093
837.0096462729093
837.0096462729093
837.0096462729093
837.0096462729093
837.0096462729093
837.0096462729093
837.0096462729093
837.0096462729093
837.0096462729093
837.0096462729093
837.0096462729093
837.0096462729093
837.0096462729093
837.0096462729093
837.0096462729093
837.0096462729093
837.0096462729093
837.0096462729093
837.0096462729093
837.0096462729093
837.0096462729093
837.0096462729093
837.0096462729093
837.0096462729093
837.0096462729093
837.0096462729093
837.0096462729093
837.0096462729093
837.0096462729093
837.0096462729093
837.0096462729093
837.0096462729093
837.0096462729093
